#! FIELDS time cv
 0.000000 -3.760096
 0.509025 -3.785646
 1.018051 -3.814218
 1.527076 -3.826533
 2.036101 -3.811158
 2.545126 -3.789449
 3.054152 -3.805162
 3.563177 -3.791753
 4.072202 -3.810558
 4.581228 -3.816489
 5.090253 -3.810527
 5.599278 -3.782365
 6.108303 -3.805627
 6.617329 -3.821102
 7.126354 -3.840585
 7.635379 -3.700633
 8.144405 -3.785899
 8.653430 -3.877831
 9.162455 -3.801170
 9.671480 -3.758397
 10.180506 -3.778922
 10.689531 -3.817078
 11.198556 -3.810091
 11.707582 -3.740713
 12.216607 -3.763713
 12.725632 -3.800207
 13.234657 -3.823321
 13.743683 -3.746431
 14.252708 -3.751020
 14.761733 -3.772397
 15.270759 -3.796129
 15.779784 -3.768317
 16.288809 -3.833523
 16.797834 -3.725795
 17.306860 -3.741798
 17.815885 -3.843969
 18.324910 -3.814375
 18.833935 -3.756896
 19.342961 -3.774552
 19.851986 -3.758253
 20.361011 -3.847464
 20.870037 -3.844427
 21.379062 -3.753038
 21.888087 -3.689373
 22.397112 -3.843516
 22.906138 -3.829862
 23.415163 -3.746752
 23.924188 -3.778423
 24.433214 -3.827214
 24.942239 -3.793604
 25.451264 -3.825128
 25.960289 -3.839638
 26.469315 -3.781705
 26.978340 -3.716107
 27.487365 -3.830912
 27.996391 -3.933506
 28.505416 -3.785255
 29.014441 -3.668348
 29.523466 -3.805648
 30.032492 -3.878040
 30.541517 -3.815611
 31.050542 -3.764245
 31.559568 -3.764176
 32.068593 -3.792686
 32.577618 -3.730410
 33.086643 -3.773816
 33.595669 -3.831496
 34.104694 -3.787241
 34.613719 -3.749833
 35.122745 -3.783207
 35.631770 -3.784236
 36.140795 -3.806551
 36.649820 -3.807911
 37.158846 -3.793189
 37.667871 -3.763024
 38.176896 -3.802149
 38.685922 -3.795657
 39.194947 -3.821706
 39.703972 -3.820415
 40.212997 -3.749228
 40.722023 -3.686139
 41.231048 -3.770166
 41.740073 -3.849666
 42.249099 -3.795029
 42.758124 -3.740738
 43.267149 -3.790416
 43.776174 -3.821558
 44.285200 -3.821356
 44.794225 -3.791977
 45.303250 -3.755617
 45.812276 -3.756670
 46.321301 -3.741403
 46.830326 -3.772627
 47.339351 -3.850642
 47.848377 -3.819035
 48.357402 -3.803364
 48.866427 -3.756915
 49.375453 -3.725130
 49.884478 -3.732759
 50.393503 -3.844268
 50.902528 -3.830031
 51.411554 -3.704278
 51.920579 -3.757595
 52.429604 -3.840087
 52.938629 -3.800827
 53.447655 -3.788277
 53.956680 -3.817683
 54.465705 -3.797733
 54.974731 -3.738705
 55.483756 -3.836534
 55.992781 -3.869264
 56.501806 -3.790553
 57.010832 -3.758214
 57.519857 -3.786318
 58.028882 -3.830457
 58.537908 -3.827744
 59.046933 -3.795564
 59.555958 -3.762385
 60.064983 -3.789176
 60.574009 -3.786079
 61.083034 -3.803050
 61.592059 -3.772546
 62.101085 -3.764115
 62.610110 -3.814398
 63.119135 -3.814032
 63.628160 -3.768178
 64.137186 -3.764400
 64.646211 -3.749295
 65.155236 -3.788013
 65.664262 -3.814834
 66.173287 -3.804123
 66.682312 -3.775154
 67.191337 -3.809795
 67.700363 -3.816981
 68.209388 -3.808526
 68.718413 -3.758498
 69.227439 -3.699176
 69.736464 -3.776296
 70.245489 -3.885373
 70.754514 -3.802501
 71.263540 -3.749315
 71.772565 -3.796043
 72.281590 -3.790820
 72.790616 -3.780918
 73.299641 -3.724616
 73.808666 -3.755387
 74.317691 -3.842832
 74.826717 -3.795894
 75.335742 -3.726372
 75.844767 -3.835644
 76.353793 -3.850225
 76.862818 -3.779793
 77.371843 -3.766724
 77.880868 -3.789456
 78.389894 -3.794910
 78.898919 -3.774252
 79.407944 -3.785595
 79.916970 -3.777370
 80.425995 -3.784443
 80.935020 -3.826647
 81.444045 -3.738824
 81.953071 -3.756203
 82.462096 -3.828218
 82.971121 -3.866756
 83.480147 -3.794353
 83.989172 -3.698377
 84.498197 -3.768000
 85.007222 -3.889786
 85.516248 -3.806593
 86.025273 -3.748164
 86.534298 -3.788784
 87.043323 -3.824783
 87.552349 -3.794860
 88.061374 -3.800836
 88.570399 -3.796222
 89.079425 -3.823364
 89.588450 -3.822985
 90.097475 -3.740368
 90.606500 -3.772947
 91.115526 -3.810562
 91.624551 -3.811545
 92.133576 -3.801140
 92.642602 -3.804875
 93.151627 -3.771654
 93.660652 -3.784727
 94.169677 -3.830749
 94.678703 -3.841419
 95.187728 -3.808166
 95.696753 -3.746528
 96.205779 -3.754489
 96.714804 -3.761713
 97.223829 -3.827019
 97.732854 -3.786791
 98.241880 -3.774997
 98.750905 -3.808379
 99.259930 -3.755236
 99.768956 -3.718649
 100.277981 -3.830448
 100.787006 -3.853388
 101.296031 -3.762411
 101.805057 -3.698381
 102.314082 -3.754086
 102.823107 -3.812149
 103.332133 -3.824909
 103.841158 -3.807527
 104.350183 -3.783897
 104.859208 -3.788569
 105.368234 -3.805956
 105.877259 -3.817543
 106.386284 -3.756055
 106.895310 -3.732643
 107.404335 -3.747431
 107.913360 -3.845387
 108.422385 -3.783118
 108.931411 -3.756632
 109.440436 -3.810968
 109.949461 -3.774658
 110.458487 -3.771317
 110.967512 -3.882940
 111.476537 -3.858453
 111.985562 -3.763648
 112.494588 -3.747383
 113.003613 -3.772549
 113.512638 -3.828102
 114.021664 -3.798064
 114.530689 -3.766356
 115.039714 -3.804946
 115.548739 -3.834942
 116.057765 -3.820243
 116.566790 -3.828882
 117.075815 -3.778933
 117.584841 -3.834695
 118.093866 -3.786282
 118.602891 -3.768863
 119.111916 -3.808240
 119.620942 -3.753879
 120.129967 -3.768546
 120.638992 -3.760644
 121.148017 -3.811288
 121.657043 -3.822240
 122.166068 -3.749597
 122.675093 -3.762098
 123.184119 -3.756191
 123.693144 -3.837652
 124.202169 -3.830253
 124.711194 -3.775530
 125.220220 -3.733984
 125.729245 -3.794753
 126.238270 -3.822578
 126.747296 -3.723727
 127.256321 -3.789329
 127.765346 -3.839528
 128.274371 -3.745154
 128.783397 -3.737772
 129.292422 -3.825323
 129.801447 -3.792908
 130.310473 -3.739184
 130.819498 -3.783039
 131.328523 -3.864403
 131.837548 -3.805602
 132.346574 -3.728539
 132.855599 -3.780774
 133.364624 -3.885213
 133.873650 -3.874268
 134.382675 -3.775986
 134.891700 -3.692727
 135.400725 -3.750425
 135.909751 -3.814099
 136.418776 -3.778443
 136.927801 -3.784904
 137.436827 -3.765413
 137.945852 -3.787763
 138.454877 -3.892354
 138.963902 -3.806240
 139.472928 -3.666434
 139.981953 -3.799785
 140.490978 -3.894385
 141.000004 -3.834557
 141.509029 -3.702178
 142.018054 -3.784919
 142.527079 -3.840234
 143.036105 -3.770573
 143.545130 -3.801529
 144.054155 -3.815013
 144.563181 -3.779353
 145.072206 -3.806808
 145.581231 -3.790883
 146.090256 -3.810268
 146.599282 -3.762551
 147.108307 -3.771279
 147.617332 -3.778481
 148.126358 -3.787614
 148.635383 -3.765422
 149.144408 -3.869045
 149.653433 -3.866637
 150.162459 -3.736042
 150.671484 -3.750559
 151.180509 -3.789619
 151.689535 -3.882245
 152.198560 -3.806314
 152.707585 -3.694158
 153.216610 -3.737622
 153.725636 -3.789543
 154.234661 -3.843773
 154.743686 -3.785094
 155.252711 -3.722442
 155.761737 -3.792553
 156.270762 -3.812998
 156.779787 -3.807774
 157.288813 -3.789957
 157.797838 -3.778472
 158.306863 -3.776569
 158.815888 -3.797830
 159.324914 -3.894028
 159.833939 -3.786838
 160.342964 -3.673464
 160.851990 -3.749151
 161.361015 -3.857333
 161.870040 -3.784296
 162.379065 -3.726151
 162.888091 -3.742707
 163.397116 -3.860440
 163.906141 -3.812462
 164.415167 -3.747971
 164.924192 -3.802542
 165.433217 -3.780370
 165.942242 -3.802308
 166.451268 -3.760964
 166.960293 -3.771607
 167.469318 -3.807081
 167.978344 -3.808700
 168.487369 -3.781098
 168.996394 -3.812523
 169.505419 -3.780237
 170.014445 -3.786192
 170.523470 -3.802176
 171.032495 -3.794781
 171.541521 -3.772034
 172.050546 -3.805120
 172.559571 -3.705712
 173.068596 -3.762949
 173.577622 -3.845797
 174.086647 -3.808713
 174.595672 -3.731112
 175.104698 -3.781841
 175.613723 -3.862646
 176.122748 -3.787404
 176.631773 -3.728736
 177.140799 -3.794138
 177.649824 -3.806938
 178.158849 -3.821032
 178.667875 -3.822774
 179.176900 -3.760854
 179.685925 -3.713936
 180.194950 -3.751116
 180.703976 -3.863419
 181.213001 -3.797497
 181.722026 -3.772973
 182.231052 -3.758937
 182.740077 -3.805679
 183.249102 -3.825823
 183.758127 -3.733427
 184.267153 -3.749190
 184.776178 -3.800202
 185.285203 -3.847766
 185.794228 -3.770259
 186.303254 -3.741010
 186.812279 -3.796973
 187.321304 -3.823080
 187.830330 -3.797126
 188.339355 -3.752451
 188.848380 -3.787649
 189.357405 -3.817958
 189.866431 -3.804894
 190.375456 -3.750771
 190.884481 -3.774088
 191.393507 -3.784804
 191.902532 -3.853301
 192.411557 -3.798450
 192.920582 -3.780080
 193.429608 -3.767215
 193.938633 -3.749181
 194.447658 -3.799897
 194.956684 -3.826401
 195.465709 -3.814397
 195.974734 -3.818613
 196.483759 -3.795410
 196.992785 -3.709551
 197.501810 -3.822172
 198.010835 -3.872903
 198.519861 -3.781022
 199.028886 -3.750684
 199.537911 -3.731346
 200.046936 -3.803303
 200.555962 -3.851324
 201.064987 -3.762918
 201.574012 -3.756038
 202.083038 -3.745598
 202.592063 -3.813671
 203.101088 -3.874911
 203.610113 -3.798405
 204.119139 -3.741661
 204.628164 -3.784797
 205.137189 -3.820945
 205.646215 -3.807349
 206.155240 -3.759875
 206.664265 -3.751307
 207.173290 -3.822163
 207.682316 -3.819532
 208.191341 -3.761649
 208.700366 -3.819528
 209.209392 -3.809819
 209.718417 -3.761944
 210.227442 -3.716520
 210.736467 -3.795859
 211.245493 -3.785449
 211.754518 -3.832633
 212.263543 -3.829070
 212.772569 -3.769909
 213.281594 -3.735997
 213.790619 -3.739783
 214.299644 -3.771632
 214.808670 -3.796566
 215.317695 -3.781534
 215.826720 -3.780353
 216.335746 -3.777832
 216.844771 -3.802097
 217.353796 -3.757914
 217.862821 -3.787668
 218.371847 -3.781542
 218.880872 -3.772713
 219.389897 -3.759784
 219.898922 -3.744031
 220.407948 -3.794436
 220.916973 -3.867279
 221.425998 -3.772142
 221.935024 -3.752849
 222.444049 -3.779994
 222.953074 -3.769984
 223.462099 -3.770152
 223.971125 -3.754738
 224.480150 -3.744190
 224.989175 -3.763969
 225.498201 -3.823818
 226.007226 -3.822354
 226.516251 -3.749811
 227.025276 -3.777783
 227.534302 -3.827057
 228.043327 -3.766558
 228.552352 -3.766922
 229.061378 -3.764981
 229.570403 -3.825611
 230.079428 -3.798449
 230.588453 -3.775251
 231.097479 -3.773319
 231.606504 -3.784176
 232.115529 -3.766441
 232.624555 -3.780015
 233.133580 -3.809316
 233.642605 -3.723648
 234.151630 -3.826427
 234.660656 -3.803069
 235.169681 -3.716533
 235.678706 -3.752955
 236.187732 -3.864248
 236.696757 -3.797015
 237.205782 -3.691718
 237.714807 -3.763470
 238.223833 -3.798062
 238.732858 -3.774400
 239.241883 -3.794737
 239.750909 -3.770149
 240.259934 -3.776551
 240.768959 -3.766251
 241.277984 -3.784900
 241.787010 -3.747942
 242.296035 -3.838177
 242.805060 -3.805315
 243.314086 -3.717513
 243.823111 -3.729768
 244.332136 -3.836861
 244.841161 -3.807726
 245.350187 -3.756301
 245.859212 -3.738258
 246.368237 -3.842653
 246.877263 -3.871644
 247.386288 -3.717058
 247.895313 -3.723540
 248.404338 -3.782092
 248.913364 -3.850915
 249.422389 -3.841816
 249.931414 -3.735257
 250.440440 -3.723598
 250.949465 -3.877797
 251.458490 -3.854351
 251.967515 -3.714564
 252.476541 -3.781703
 252.985566 -3.861115
 253.494591 -3.823275
 254.003616 -3.765511
 254.512642 -3.735623
 255.021667 -3.800635
 255.530692 -3.768884
 256.039718 -3.756501
 256.548743 -3.798912
 257.057768 -3.781847
 257.566793 -3.794661
 258.075819 -3.743168
 258.584844 -3.770628
 259.093869 -3.842234
 259.602895 -3.826479
 260.111920 -3.750988
 260.620945 -3.747259
 261.129970 -3.753570
 261.638996 -3.790242
 262.148021 -3.808284
 262.657046 -3.823608
 263.166072 -3.783760
 263.675097 -3.780865
 264.184122 -3.801921
 264.693147 -3.822276
 265.202173 -3.844210
 265.711198 -3.762678
 266.220223 -3.756105
 266.729249 -3.841243
 267.238274 -3.786862
 267.747299 -3.796776
 268.256324 -3.772555
 268.765350 -3.822383
 269.274375 -3.797785
 269.783400 -3.806145
 270.292426 -3.755527
 270.801451 -3.744572
 271.310476 -3.776477
 271.819501 -3.839560
 272.328527 -3.791493
 272.837552 -3.775674
 273.346577 -3.788588
 273.855603 -3.788329
 274.364628 -3.747041
 274.873653 -3.721199
 275.382678 -3.805834
 275.891704 -3.886762
 276.400729 -3.785033
 276.909754 -3.764842
 277.418780 -3.792750
 277.927805 -3.832695
 278.436830 -3.792639
 278.945855 -3.793892
 279.454881 -3.763527
 279.963906 -3.799504
 280.472931 -3.801090
 280.981957 -3.734002
 281.490982 -3.820621
 282.000007 -3.848333
 282.509032 -3.797612
 283.018058 -3.738862
 283.527083 -3.809739
 284.036108 -3.836722
 284.545134 -3.785903
 285.054159 -3.799662
 285.563184 -3.786724
 286.072209 -3.753567
 286.581235 -3.801976
 287.090260 -3.802535
 287.599285 -3.820241
 288.108310 -3.831729
 288.617336 -3.855862
 289.126361 -3.779824
 289.635386 -3.743448
 290.144412 -3.776873
 290.653437 -3.828918
 291.162462 -3.781206
 291.671487 -3.802527
 292.180513 -3.798844
 292.689538 -3.777447
 293.198563 -3.764154
 293.707589 -3.803791
 294.216614 -3.780641
 294.725639 -3.737308
 295.234664 -3.814305
 295.743690 -3.830395
 296.252715 -3.815061
 296.761740 -3.794656
 297.270766 -3.773939
 297.779791 -3.796300
 298.288816 -3.857512
 298.797841 -3.851739
 299.306867 -3.691600
 299.815892 -3.741241
 300.324917 -3.824539
 300.833943 -3.805209
 301.342968 -3.767274
 301.851993 -3.714956
 302.361018 -3.780449
 302.870044 -3.820725
 303.379069 -3.764676
 303.888094 -3.761579
 304.397120 -3.869945
 304.906145 -3.840903
 305.415170 -3.800112
 305.924195 -3.813562
 306.433221 -3.758695
 306.942246 -3.731052
 307.451271 -3.831453
 307.960297 -3.817975
 308.469322 -3.826697
 308.978347 -3.766237
 309.487372 -3.776604
 309.996398 -3.820341
 310.505423 -3.784578
 311.014448 -3.745467
 311.523474 -3.832273
 312.032499 -3.810233
 312.541524 -3.772019
 313.050549 -3.705006
 313.559575 -3.790764
 314.068600 -3.874947
 314.577625 -3.826879
 315.086651 -3.786159
 315.595676 -3.758225
 316.104701 -3.802670
 316.613726 -3.854024
 317.122752 -3.751232
 317.631777 -3.759244
 318.140802 -3.781980
 318.649828 -3.783400
 319.158853 -3.764099
 319.667878 -3.796380
 320.176903 -3.794255
 320.685929 -3.861947
 321.194954 -3.785004
 321.703979 -3.710786
 322.213004 -3.808407
 322.722030 -3.887253
 323.231055 -3.786716
 323.740080 -3.751627
 324.249106 -3.803492
 324.758131 -3.761220
 325.267156 -3.739456
 325.776181 -3.774947
 326.285207 -3.834031
 326.794232 -3.816919
 327.303257 -3.714227
 327.812283 -3.770452
 328.321308 -3.810825
 328.830333 -3.787915
 329.339358 -3.770191
 329.848384 -3.740595
 330.357409 -3.773047
 330.866434 -3.822566
 331.375460 -3.778826
 331.884485 -3.815942
 332.393510 -3.787749
 332.902535 -3.761451
 333.411561 -3.781368
 333.920586 -3.823904
 334.429611 -3.831318
 334.938637 -3.754855
 335.447662 -3.764783
 335.956687 -3.801453
 336.465712 -3.781766
 336.974738 -3.753007
 337.483763 -3.820251
 337.992788 -3.786797
 338.501814 -3.740006
 339.010839 -3.782598
 339.519864 -3.849745
 340.028889 -3.848829
 340.537915 -3.772594
 341.046940 -3.694244
 341.555965 -3.723984
 342.064991 -3.829313
 342.574016 -3.828361
 343.083041 -3.843963
 343.592066 -3.758175
 344.101092 -3.697611
 344.610117 -3.816644
 345.119142 -3.886362
 345.628168 -3.806341
 346.137193 -3.713699
 346.646218 -3.771558
 347.155243 -3.827384
 347.664269 -3.804182
 348.173294 -3.770437
 348.682319 -3.729591
 349.191345 -3.804735
 349.700370 -3.785536
 350.209395 -3.775318
 350.718420 -3.806018
 351.227446 -3.761088
 351.736471 -3.786544
 352.245496 -3.823311
 352.754522 -3.791561
 353.263547 -3.759760
 353.772572 -3.741836
 354.281597 -3.777642
 354.790623 -3.817139
 355.299648 -3.805067
 355.808673 -3.774612
 356.317698 -3.749029
 356.826724 -3.806181
 357.335749 -3.728247
 357.844774 -3.791119
 358.353800 -3.847425
 358.862825 -3.812645
 359.371850 -3.812707
 359.880875 -3.831322
 360.389901 -3.747667
 360.898926 -3.731115
 361.407951 -3.844149
 361.916977 -3.858034
 362.426002 -3.760359
 362.935027 -3.716394
 363.444052 -3.751035
 363.953078 -3.805056
 364.462103 -3.834052
 364.971128 -3.754685
 365.480154 -3.742251
 365.989179 -3.750254
 366.498204 -3.810509
 367.007229 -3.830742
 367.516255 -3.798797
 368.025280 -3.749825
 368.534305 -3.759788
 369.043331 -3.866499
 369.552356 -3.781043
 370.061381 -3.782268
 370.570406 -3.784409
 371.079432 -3.735643
 371.588457 -3.726514
 372.097482 -3.811914
 372.606508 -3.804874
 373.115533 -3.818264
 373.624558 -3.774515
 374.133583 -3.681032
 374.642609 -3.810596
 375.151634 -3.839220
 375.660659 -3.776859
 376.169685 -3.662836
 376.678710 -3.755280
 377.187735 -3.852920
 377.696760 -3.801591
 378.205786 -3.735647
 378.714811 -3.785921
 379.223836 -3.816260
 379.732862 -3.795213
 380.241887 -3.746828
 380.750912 -3.760036
 381.259937 -3.864143
 381.768963 -3.759740
 382.277988 -3.783774
 382.787013 -3.807774
 383.296039 -3.813015
 383.805064 -3.734700
 384.314089 -3.745590
 384.823114 -3.831255
 385.332140 -3.814496
 385.841165 -3.771656
 386.350190 -3.735703
 386.859216 -3.791991
 387.368241 -3.851029
 387.877266 -3.809439
 388.386291 -3.738292
 388.895317 -3.778161
 389.404342 -3.788156
 389.913367 -3.847182
 390.422392 -3.776700
 390.931418 -3.759977
 391.440443 -3.842724
 391.949468 -3.839518
 392.458494 -3.799821
 392.967519 -3.743672
 393.476544 -3.754445
 393.985569 -3.788038
 394.494595 -3.752722
 395.003620 -3.814006
 395.512645 -3.832952
 396.021671 -3.834605
 396.530696 -3.815614
 397.039721 -3.727540
 397.548746 -3.762276
 398.057772 -3.843053
 398.566797 -3.841474
 399.075822 -3.785578
 399.584848 -3.773486
 400.093873 -3.826534
 400.602898 -3.789128
 401.111923 -3.722578
 401.620949 -3.814556
 402.129974 -3.814628
 402.638999 -3.757664
 403.148025 -3.756415
 403.657050 -3.864205
 404.166075 -3.792091
 404.675100 -3.750614
 405.184126 -3.781854
 405.693151 -3.772244
 406.202176 -3.779293
 406.711202 -3.798351
 407.220227 -3.779205
 407.729252 -3.768217
 408.238277 -3.806678
 408.747303 -3.764294
 409.256328 -3.786040
 409.765353 -3.803441
 410.274379 -3.722446
 410.783404 -3.756533
 411.292429 -3.776030
 411.801454 -3.833614
 412.310480 -3.817029
 412.819505 -3.856938
 413.328530 -3.797063
 413.837556 -3.717456
 414.346581 -3.812610
 414.855606 -3.779394
 415.364631 -3.757302
 415.873657 -3.782199
 416.382682 -3.768335
 416.891707 -3.839297
 417.400733 -3.816553
 417.909758 -3.726652
 418.418783 -3.763377
 418.927808 -3.802951
 419.436834 -3.822033
 419.945859 -3.772634
 420.454884 -3.751775
 420.963910 -3.784932
 421.472935 -3.781126
 421.981960 -3.788916
 422.490985 -3.794993
 423.000011 -3.869927
 423.509036 -3.847841
 424.018061 -3.704485
 424.527086 -3.745850
 425.036112 -3.814446
 425.545137 -3.799518
 426.054162 -3.783771
 426.563188 -3.792381
 427.072213 -3.779533
 427.581238 -3.745532
 428.090263 -3.766425
 428.599289 -3.760304
 429.108314 -3.833106
 429.617339 -3.784275
 430.126365 -3.752185
 430.635390 -3.790655
 431.144415 -3.818744
 431.653440 -3.760916
 432.162466 -3.732113
 432.671491 -3.759858
 433.180516 -3.861914
 433.689542 -3.809425
 434.198567 -3.780986
 434.707592 -3.721765
 435.216617 -3.781318
 435.725643 -3.812159
 436.234668 -3.774473
 436.743693 -3.766746
 437.252719 -3.793215
 437.761744 -3.796967
 438.270769 -3.843899
 438.779794 -3.725113
 439.288820 -3.729996
 439.797845 -3.803562
 440.306870 -3.822070
 440.815896 -3.781387
 441.324921 -3.674877
 441.833946 -3.742072
 442.342971 -3.862347
 442.851997 -3.848551
 443.361022 -3.716292
 443.870047 -3.721875
 444.379073 -3.841314
 444.888098 -3.888070
 445.397123 -3.765512
 445.906148 -3.721692
 446.415174 -3.830090
 446.924199 -3.809293
 447.433224 -3.824533
 447.942250 -3.819189
 448.451275 -3.697950
 448.960300 -3.756382
 449.469325 -3.769096
 449.978351 -3.816398
 450.487376 -3.791516
 450.996401 -3.778655
 451.505427 -3.756515
 452.014452 -3.804194
 452.523477 -3.762271
 453.032502 -3.793477
 453.541528 -3.840529
 454.050553 -3.810391
 454.559578 -3.776041
 455.068604 -3.770435
 455.577629 -3.783495
 456.086654 -3.810146
 456.595679 -3.834412
 457.104705 -3.816277
 457.613730 -3.756673
 458.122755 -3.722701
 458.631780 -3.786942
 459.140806 -3.791563
 459.649831 -3.834788
 460.158856 -3.777044
 460.667882 -3.748833
 461.176907 -3.757050
 461.685932 -3.856056
 462.194957 -3.819026
 462.703983 -3.768485
 463.213008 -3.809805
 463.722033 -3.841784
 464.231059 -3.782618
 464.740084 -3.774908
 465.249109 -3.768777
 465.758134 -3.825689
 466.267160 -3.834894
 466.776185 -3.753737
 467.285210 -3.763906
 467.794236 -3.852420
 468.303261 -3.818492
 468.812286 -3.795922
 469.321311 -3.763769
 469.830337 -3.761317
 470.339362 -3.783725
 470.848387 -3.794867
 471.357413 -3.760152
 471.866438 -3.761943
 472.375463 -3.798749
 472.884488 -3.813191
 473.393514 -3.798139
 473.902539 -3.769642
 474.411564 -3.754662
 474.920590 -3.828291
 475.429615 -3.785294
 475.938640 -3.821452
 476.447665 -3.820376
 476.956691 -3.767448
 477.465716 -3.789133
 477.974741 -3.790038
 478.483767 -3.808686
 478.992792 -3.786650
 479.501817 -3.793993
 480.010842 -3.758266
 480.519868 -3.768177
 481.028893 -3.784350
 481.537918 -3.783519
 482.046944 -3.800135
 482.555969 -3.785054
 483.064994 -3.717391
 483.574019 -3.812070
 484.083045 -3.850147
 484.592070 -3.807384
 485.101095 -3.707448
 485.610121 -3.702883
 486.119146 -3.745802
 486.628171 -3.821367
 487.137196 -3.840582
 487.646222 -3.750680
 488.155247 -3.722756
 488.664272 -3.804676
 489.173297 -3.883439
 489.682323 -3.853631
 490.191348 -3.737340
 490.700373 -3.725592
 491.209399 -3.804245
 491.718424 -3.870878
 492.227449 -3.780143
 492.736474 -3.713473
 493.245500 -3.763017
 493.754525 -3.817276
 494.263550 -3.870271
 494.772576 -3.807327
 495.281601 -3.764879
 495.790626 -3.783062
 496.299651 -3.753697
 496.808677 -3.689587
 497.317702 -3.828534
 497.826727 -3.831763
 498.335753 -3.803289
 498.844778 -3.695423
 499.353803 -3.710484
 499.862828 -3.845579
 500.371854 -3.830505
 500.880879 -3.773000
 501.389904 -3.774990
 501.898930 -3.803747
 502.407955 -3.767764
 502.916980 -3.801057
 503.426005 -3.795464
 503.935031 -3.770692
 504.444056 -3.808378
 504.953081 -3.855370
 505.462107 -3.800429
 505.971132 -3.748385
 506.480157 -3.780434
 506.989182 -3.808307
 507.498208 -3.808504
 508.007233 -3.744210
 508.516258 -3.707516
 509.025284 -3.751504
 509.534309 -3.850398
 510.043334 -3.831572
 510.552359 -3.769167
 511.061385 -3.770063
 511.570410 -3.810875
 512.079435 -3.776105
 512.588461 -3.805111
 513.097486 -3.727384
 513.606511 -3.752990
 514.115536 -3.806871
 514.624562 -3.795582
 515.133587 -3.766621
 515.642612 -3.759345
 516.151638 -3.805091
 516.660663 -3.810357
 517.169688 -3.783934
 517.678713 -3.790263
 518.187739 -3.803215
 518.696764 -3.760053
 519.205789 -3.751632
 519.714815 -3.836131
 520.223840 -3.792666
 520.732865 -3.769960
 521.241890 -3.801187
 521.750916 -3.792042
 522.259941 -3.792480
 522.768966 -3.776730
 523.277991 -3.782928
 523.787017 -3.807604
 524.296042 -3.860130
 524.805067 -3.793780
 525.314093 -3.699635
 525.823118 -3.742668
 526.332143 -3.870043
 526.841168 -3.889070
 527.350194 -3.798128
 527.859219 -3.689115
 528.368244 -3.734817
 528.877270 -3.819442
 529.386295 -3.854494
 529.895320 -3.814470
 530.404345 -3.748772
 530.913371 -3.819969
 531.422396 -3.810403
 531.931421 -3.743899
 532.440447 -3.756103
 532.949472 -3.786171
 533.458497 -3.833379
 533.967522 -3.798307
 534.476548 -3.799289
 534.985573 -3.748775
 535.494598 -3.789142
 536.003624 -3.851744
 536.512649 -3.825376
 537.021674 -3.778661
 537.530699 -3.747053
 538.039725 -3.772955
 538.548750 -3.847201
 539.057775 -3.808700
 539.566801 -3.739656
 540.075826 -3.775543
 540.584851 -3.835487
 541.093876 -3.856270
 541.602902 -3.739183
 542.111927 -3.725886
 542.620952 -3.820442
 543.129978 -3.870007
 543.639003 -3.791269
 544.148028 -3.719449
 544.657053 -3.733568
 545.166079 -3.802838
 545.675104 -3.871273
 546.184129 -3.839260
 546.693155 -3.743939
 547.202180 -3.761943
 547.711205 -3.801022
 548.220230 -3.799548
 548.729256 -3.840956
 549.238281 -3.716503
 549.747306 -3.715142
 550.256332 -3.830170
 550.765357 -3.870813
 551.274382 -3.817616
 551.783407 -3.733834
 552.292433 -3.727369
 552.801458 -3.838753
 553.310483 -3.873875
 553.819509 -3.688846
 554.328534 -3.753746
 554.837559 -3.874973
 555.346584 -3.803626
 555.855610 -3.721682
 556.364635 -3.786461
 556.873660 -3.798994
 557.382685 -3.800777
 557.891711 -3.808201
 558.400736 -3.815520
 558.909761 -3.768473
 559.418787 -3.779246
 559.927812 -3.803560
 560.436837 -3.807654
 560.945862 -3.741676
 561.454888 -3.814559
 561.963913 -3.864896
 562.472938 -3.796121
 562.981964 -3.754089
 563.490989 -3.785133
 564.000014 -3.796559
 564.509039 -3.741479
 565.018065 -3.719107
 565.527090 -3.801526
 566.036115 -3.803386
 566.545141 -3.800845
 567.054166 -3.812927
 567.563191 -3.772690
 568.072216 -3.737780
 568.581242 -3.755383
 569.090267 -3.827272
 569.599292 -3.798048
 570.108318 -3.739094
 570.617343 -3.752820
 571.126368 -3.796591
 571.635393 -3.775522
 572.144419 -3.788916
 572.653444 -3.784259
 573.162469 -3.802814
 573.671495 -3.800783
 574.180520 -3.788233
 574.689545 -3.787708
 575.198570 -3.764134
 575.707596 -3.821265
 576.216621 -3.787178
 576.725646 -3.825837
 577.234672 -3.833042
 577.743697 -3.805492
 578.252722 -3.756040
 578.761747 -3.733186
 579.270773 -3.732780
 579.779798 -3.805483
 580.288823 -3.908523
 580.797849 -3.802708
 581.306874 -3.743804
 581.815899 -3.741792
 582.324924 -3.861664
 582.833950 -3.855438
 583.342975 -3.761879
 583.852000 -3.720752
 584.361026 -3.827899
 584.870051 -3.836887
 585.379076 -3.767108
 585.888101 -3.746165
 586.397127 -3.806802
 586.906152 -3.847843
 587.415177 -3.754065
 587.924203 -3.761059
 588.433228 -3.810660
 588.942253 -3.789002
 589.451278 -3.808553
 589.960304 -3.777488
 590.469329 -3.779763
 590.978354 -3.782549
 591.487379 -3.774073
 591.996405 -3.774701
 592.505430 -3.806968
 593.014455 -3.771001
 593.523481 -3.755583
 594.032506 -3.792626
 594.541531 -3.868476
 595.050556 -3.808957
 595.559582 -3.741887
 596.068607 -3.728113
 596.577632 -3.782366
 597.086658 -3.859744
 597.595683 -3.708947
 598.104708 -3.731568
 598.613733 -3.839759
 599.122759 -3.850140
 599.631784 -3.745032
 600.140809 -3.761255
 600.649835 -3.802615
 601.158860 -3.827092
 601.667885 -3.767600
 602.176910 -3.701944
 602.685936 -3.810627
 603.194961 -3.849163
 603.703986 -3.771068
 604.213012 -3.722880
 604.722037 -3.791650
 605.231062 -3.806742
 605.740087 -3.765538
 606.249113 -3.728874
 606.758138 -3.795817
 607.267163 -3.833471
 607.776189 -3.833965
 608.285214 -3.756517
 608.794239 -3.784440
 609.303264 -3.779886
 609.812290 -3.839642
 610.321315 -3.811470
 610.830340 -3.758138
 611.339366 -3.783995
 611.848391 -3.745743
 612.357416 -3.740057
 612.866441 -3.753906
 613.375467 -3.813229
 613.884492 -3.836576
 614.393517 -3.802486
 614.902543 -3.763241
 615.411568 -3.748109
 615.920593 -3.784863
 616.429618 -3.833243
 616.938644 -3.812823
 617.447669 -3.767893
 617.956694 -3.691574
 618.465720 -3.761948
 618.974745 -3.787125
 619.483770 -3.843685
 619.992795 -3.796768
 620.501821 -3.698710
 621.010846 -3.710529
 621.519871 -3.853473
 622.028897 -3.837560
 622.537922 -3.706315
 623.046947 -3.767794
 623.555972 -3.866922
 624.064998 -3.799308
 624.574023 -3.717640
 625.083048 -3.755353
 625.592073 -3.812407
 626.101099 -3.804779
 626.610124 -3.787598
 627.119149 -3.717996
 627.628175 -3.768261
 628.137200 -3.799354
 628.646225 -3.811700
 629.155250 -3.777326
 629.664276 -3.768965
 630.173301 -3.817927
 630.682326 -3.798907
 631.191352 -3.755839
 631.700377 -3.821967
 632.209402 -3.832154
 632.718427 -3.792291
 633.227453 -3.773507
 633.736478 -3.816981
 634.245503 -3.792173
 634.754529 -3.746314
 635.263554 -3.789488
 635.772579 -3.778653
 636.281604 -3.750334
 636.790630 -3.760292
 637.299655 -3.893579
 637.808680 -3.825764
 638.317706 -3.734802
 638.826731 -3.741518
 639.335756 -3.775988
 639.844781 -3.820565
 640.353807 -3.776698
 640.862832 -3.780345
 641.371857 -3.792631
 641.880883 -3.770149
 642.389908 -3.780166
 642.898933 -3.839003
 643.407958 -3.759358
 643.916984 -3.737081
 644.426009 -3.792328
 644.935034 -3.846388
 645.444060 -3.798689
 645.953085 -3.749694
 646.462110 -3.745996
 646.971135 -3.766893
 647.480161 -3.808708
 647.989186 -3.796080
 648.498211 -3.778077
 649.007237 -3.799067
 649.516262 -3.797776
 650.025287 -3.802255
 650.534312 -3.756090
 651.043338 -3.821561
 651.552363 -3.741788
 652.061388 -3.824729
 652.570414 -3.802865
 653.079439 -3.792511
 653.588464 -3.765005
 654.097489 -3.788801
 654.606515 -3.797332
 655.115540 -3.791439
 655.624565 -3.778132
 656.133591 -3.746567
 656.642616 -3.788121
 657.151641 -3.785083
 657.660666 -3.776517
 658.169692 -3.816511
 658.678717 -3.777077
 659.187742 -3.807357
 659.696767 -3.727034
 660.205793 -3.780087
 660.714818 -3.869372
 661.223843 -3.852350
 661.732869 -3.727298
 662.241894 -3.737513
 662.750919 -3.804070
 663.259944 -3.815828
 663.768970 -3.762200
 664.277995 -3.744064
 664.787020 -3.767575
 665.296046 -3.865655
 665.805071 -3.808956
 666.314096 -3.746934
 666.823121 -3.785001
 667.332147 -3.859489
 667.841172 -3.873436
 668.350197 -3.784175
 668.859223 -3.755811
 669.368248 -3.813468
 669.877273 -3.883405
 670.386298 -3.741486
 670.895324 -3.732098
 671.404349 -3.848144
 671.913374 -3.844871
 672.422400 -3.817702
 672.931425 -3.787508
 673.440450 -3.783564
 673.949475 -3.766805
 674.458501 -3.795960
 674.967526 -3.820261
 675.476551 -3.802715
 675.985577 -3.795514
 676.494602 -3.795739
 677.003627 -3.786440
 677.512652 -3.854232
 678.021678 -3.774237
 678.530703 -3.719905
 679.039728 -3.715597
 679.548754 -3.853149
 680.057779 -3.855674
 680.566804 -3.742366
 681.075829 -3.697564
 681.584855 -3.807378
 682.093880 -3.872414
 682.602905 -3.772714
 683.111931 -3.733658
 683.620956 -3.776736
 684.129981 -3.756161
 684.639006 -3.792655
 685.148032 -3.755360
 685.657057 -3.731229
 686.166082 -3.778227
 686.675108 -3.829164
 687.184133 -3.790644
 687.693158 -3.803493
 688.202183 -3.811914
 688.711209 -3.802934
 689.220234 -3.697683
 689.729259 -3.794357
 690.238285 -3.853916
 690.747310 -3.791420
 691.256335 -3.713741
 691.765360 -3.745883
 692.274386 -3.848644
 692.783411 -3.844586
 693.292436 -3.775524
 693.801461 -3.737775
 694.310487 -3.780525
 694.819512 -3.823839
 695.328537 -3.818147
 695.837563 -3.780632
 696.346588 -3.795365
 696.855613 -3.828031
 697.364638 -3.791782
 697.873664 -3.729190
 698.382689 -3.814971
 698.891714 -3.838481
 699.400740 -3.723541
 699.909765 -3.741714
 700.418790 -3.803058
 700.927815 -3.862119
 701.436841 -3.838461
 701.945866 -3.752698
 702.454891 -3.821553
 702.963917 -3.844263
 703.472942 -3.735592
 703.981967 -3.764173
 704.490992 -3.837350
 705.000018 -3.794983
 705.509043 -3.768212
 706.018068 -3.725323
 706.527094 -3.709774
 707.036119 -3.805572
 707.545144 -3.868455
 708.054169 -3.778140
 708.563195 -3.767296
 709.072220 -3.808222
 709.581245 -3.777978
 710.090271 -3.807097
 710.599296 -3.844600
 711.108321 -3.740718
 711.617346 -3.768937
 712.126372 -3.869617
 712.635397 -3.815859
 713.144422 -3.762532
 713.653448 -3.675141
 714.162473 -3.800743
 714.671498 -3.870236
 715.180523 -3.811095
 715.689549 -3.696700
 716.198574 -3.772370
 716.707599 -3.852344
 717.216625 -3.826009
 717.725650 -3.707933
 718.234675 -3.748787
 718.743700 -3.835393
 719.252726 -3.802901
 719.761751 -3.778130
 720.270776 -3.788369
 720.779802 -3.783878
 721.288827 -3.814720
 721.797852 -3.801746
 722.306877 -3.775789
 722.815903 -3.749908
 723.324928 -3.824118
 723.833953 -3.849490
 724.342979 -3.779333
 724.852004 -3.759621
 725.361029 -3.872183
 725.870054 -3.795345
 726.379080 -3.762991
 726.888105 -3.796834
 727.397130 -3.835427
 727.906155 -3.786555
 728.415181 -3.765286
 728.924206 -3.801503
 729.433231 -3.835333
 729.942257 -3.719072
 730.451282 -3.703411
 730.960307 -3.778524
 731.469332 -3.895161
 731.978358 -3.790186
 732.487383 -3.743089
 732.996408 -3.759247
 733.505434 -3.801239
 734.014459 -3.837712
 734.523484 -3.837221
 735.032509 -3.715931
 735.541535 -3.773466
 736.050560 -3.837145
 736.559585 -3.761325
 737.068611 -3.797679
 737.577636 -3.808353
 738.086661 -3.732726
 738.595686 -3.748115
 739.104712 -3.824142
 739.613737 -3.837097
 740.122762 -3.797982
 740.631788 -3.782872
 741.140813 -3.818226
 741.649838 -3.770115
 742.158863 -3.707748
 742.667889 -3.791211
 743.176914 -3.837517
 743.685939 -3.791367
 744.194965 -3.767292
 744.703990 -3.772926
 745.213015 -3.778239
 745.722040 -3.790580
 746.231066 -3.804794
 746.740091 -3.754431
 747.249116 -3.761083
 747.758142 -3.797468
 748.267167 -3.766783
 748.776192 -3.793613
 749.285217 -3.798891
 749.794243 -3.826503
 750.303268 -3.788577
 750.812293 -3.774912
 751.321319 -3.799606
 751.830344 -3.813051
 752.339369 -3.732159
 752.848394 -3.768180
 753.357420 -3.819753
 753.866445 -3.790396
 754.375470 -3.753214
 754.884496 -3.759999
 755.393521 -3.824036
 755.902546 -3.764782
 756.411571 -3.776521
 756.920597 -3.803145
 757.429622 -3.828364
 757.938647 -3.826831
 758.447673 -3.780751
 758.956698 -3.811135
 759.465723 -3.773550
 759.974748 -3.743156
 760.483774 -3.771047
 760.992799 -3.827179
 761.501824 -3.809078
 762.010849 -3.853705
 762.519875 -3.795146
 763.028900 -3.754888
 763.537925 -3.763099
 764.046951 -3.757731
 764.555976 -3.816401
 765.065001 -3.815702
 765.574026 -3.781076
 766.083052 -3.732473
 766.592077 -3.764749
 767.101102 -3.784257
 767.610128 -3.838085
 768.119153 -3.811031
 768.628178 -3.792769
 769.137203 -3.747865
 769.646229 -3.774646
 770.155254 -3.812392
 770.664279 -3.803132
 771.173305 -3.749568
 771.682330 -3.816548
 772.191355 -3.859421
 772.700380 -3.801856
 773.209406 -3.740222
 773.718431 -3.779024
 774.227456 -3.815904
 774.736482 -3.838865
 775.245507 -3.744267
 775.754532 -3.703800
 776.263557 -3.822666
 776.772583 -3.820733
 777.281608 -3.812139
 777.790633 -3.870311
 778.299659 -3.755754
 778.808684 -3.672944
 779.317709 -3.776114
 779.826734 -3.866597
 780.335760 -3.833982
 780.844785 -3.725717
 781.353810 -3.726055
 781.862836 -3.832056
 782.371861 -3.859752
 782.880886 -3.801439
 783.389911 -3.766560
 783.898937 -3.770401
 784.407962 -3.774174
 784.916987 -3.855030
 785.426013 -3.844448
 785.935038 -3.735301
 786.444063 -3.722402
 786.953088 -3.831331
 787.462114 -3.801724
 787.971139 -3.748005
 788.480164 -3.751290
 788.989190 -3.843035
 789.498215 -3.850992
 790.007240 -3.783311
 790.516265 -3.729832
 791.025291 -3.775773
 791.534316 -3.826322
 792.043341 -3.785438
 792.552366 -3.725151
 793.061392 -3.767882
 793.570417 -3.852147
 794.079442 -3.814803
 794.588468 -3.726085
 795.097493 -3.724059
 795.606518 -3.839923
 796.115543 -3.865111
 796.624569 -3.741906
 797.133594 -3.679743
 797.642619 -3.831317
 798.151645 -3.826666
 798.660670 -3.789051
 799.169695 -3.755395
 799.678720 -3.786496
 800.187746 -3.816310
 800.696771 -3.772538
 801.205796 -3.663725
 801.714822 -3.802526
 802.223847 -3.879026
 802.732872 -3.825744
 803.241897 -3.708123
 803.750923 -3.777855
 804.259948 -3.855422
 804.768973 -3.801447
 805.277999 -3.774566
 805.787024 -3.785489
 806.296049 -3.771464
 806.805074 -3.746368
 807.314100 -3.770382
 807.823125 -3.861419
 808.332150 -3.789155
 808.841176 -3.762746
 809.350201 -3.776614
 809.859226 -3.747491
 810.368251 -3.808115
 810.877277 -3.765120
 811.386302 -3.735598
 811.895327 -3.802541
 812.404353 -3.808981
 812.913378 -3.754963
 813.422403 -3.770224
 813.931428 -3.814126
 814.440454 -3.846391
 814.949479 -3.764628
 815.458504 -3.856655
 815.967530 -3.843263
 816.476555 -3.747018
 816.985580 -3.706797
 817.494605 -3.771689
 818.003631 -3.839804
 818.512656 -3.838195
 819.021681 -3.779045
 819.530707 -3.732490
 820.039732 -3.783280
 820.548757 -3.770735
 821.057782 -3.809191
 821.566808 -3.737942
 822.075833 -3.782947
 822.584858 -3.799589
 823.093884 -3.796432
 823.602909 -3.762397
 824.111934 -3.747298
 824.620959 -3.759608
 825.129985 -3.841636
 825.639010 -3.845888
 826.148035 -3.735827
 826.657060 -3.733111
 827.166086 -3.813432
 827.675111 -3.844859
 828.184136 -3.778144
 828.693162 -3.774390
 829.202187 -3.799276
 829.711212 -3.844356
 830.220237 -3.771995
 830.729263 -3.715095
 831.238288 -3.734220
 831.747313 -3.780092
 832.256339 -3.846708
 832.765364 -3.842444
 833.274389 -3.672364
 833.783414 -3.741632
 834.292440 -3.837927
 834.801465 -3.826971
 835.310490 -3.777841
 835.819516 -3.786342
 836.328541 -3.850416
 836.837566 -3.811373
 837.346591 -3.738801
 837.855617 -3.791178
 838.364642 -3.766327
 838.873667 -3.811438
 839.382693 -3.782686
 839.891718 -3.787732
 840.400743 -3.831658
 840.909768 -3.758590
 841.418794 -3.741007
 841.927819 -3.757302
 842.436844 -3.774093
 842.945870 -3.804419
 843.454895 -3.823910
 843.963920 -3.799124
 844.472945 -3.832205
 844.981971 -3.764612
 845.490996 -3.776647
 846.000021 -3.763870
 846.509047 -3.838795
 847.018072 -3.766659
 847.527097 -3.713598
 848.036122 -3.755447
 848.545148 -3.789740
 849.054173 -3.811321
 849.563198 -3.825689
 850.072224 -3.846405
 850.581249 -3.824367
 851.090274 -3.815651
 851.599299 -3.750714
 852.108325 -3.767009
 852.617350 -3.856333
 853.126375 -3.764344
 853.635401 -3.757148
 854.144426 -3.791016
 854.653451 -3.828620
 855.162476 -3.725568
 855.671502 -3.764939
 856.180527 -3.854247
 856.689552 -3.787039
 857.198578 -3.785845
 857.707603 -3.747251
 858.216628 -3.743549
 858.725653 -3.814924
 859.234679 -3.814329
 859.743704 -3.789138
 860.252729 -3.762783
 860.761754 -3.760969
 861.270780 -3.841379
 861.779805 -3.842081
 862.288830 -3.735206
 862.797856 -3.757436
 863.306881 -3.804998
 863.815906 -3.799593
 864.324931 -3.782661
 864.833957 -3.783277
 865.342982 -3.798411
 865.852007 -3.871527
 866.361033 -3.819746
 866.870058 -3.724109
 867.379083 -3.782164
 867.888108 -3.819557
 868.397134 -3.825031
 868.906159 -3.758746
 869.415184 -3.745456
 869.924210 -3.773951
 870.433235 -3.781348
 870.942260 -3.743223
 871.451285 -3.785999
 871.960311 -3.896700
 872.469336 -3.871526
 872.978361 -3.769850
 873.487387 -3.716063
 873.996412 -3.774009
 874.505437 -3.797252
 875.014462 -3.872333
 875.523488 -3.847786
 876.032513 -3.695134
 876.541538 -3.759548
 877.050564 -3.783311
 877.559589 -3.787770
 878.068614 -3.764350
 878.577639 -3.799523
 879.086665 -3.784962
 879.595690 -3.802019
 880.104715 -3.793718
 880.613741 -3.764548
 881.122766 -3.786745
 881.631791 -3.858158
 882.140816 -3.782102
 882.649842 -3.748911
 883.158867 -3.770743
 883.667892 -3.798518
 884.176918 -3.772123
 884.685943 -3.741955
 885.194968 -3.747691
 885.703993 -3.780992
 886.213019 -3.803299
 886.722044 -3.785573
 887.231069 -3.804919
 887.740095 -3.803469
 888.249120 -3.756178
 888.758145 -3.742643
 889.267170 -3.828834
 889.776196 -3.813157
 890.285221 -3.699768
 890.794246 -3.723517
 891.303272 -3.813044
 891.812297 -3.895720
 892.321322 -3.769484
 892.830347 -3.761772
 893.339373 -3.786443
 893.848398 -3.763969
 894.357423 -3.752907
 894.866448 -3.799299
 895.375474 -3.818783
 895.884499 -3.794662
 896.393524 -3.771660
 896.902550 -3.778156
 897.411575 -3.790640
 897.920600 -3.748650
 898.429625 -3.726022
 898.938651 -3.733208
 899.447676 -3.869047
 899.956701 -3.872665
 900.465727 -3.748199
 900.974752 -3.697672
 901.483777 -3.791557
 901.992802 -3.828740
 902.501828 -3.822287
 903.010853 -3.748367
 903.519878 -3.710720
 904.028904 -3.805615
 904.537929 -3.886157
 905.046954 -3.808251
 905.555979 -3.748195
 906.065005 -3.698145
 906.574030 -3.810496
 907.083055 -3.860688
 907.592081 -3.842705
 908.101106 -3.747380
 908.610131 -3.704578
 909.119156 -3.736591
 909.628182 -3.833151
 910.137207 -3.864747
 910.646232 -3.768766
 911.155258 -3.766746
 911.664283 -3.792955
 912.173308 -3.810532
 912.682333 -3.810547
 913.191359 -3.775803
 913.700384 -3.752395
 914.209409 -3.789770
 914.718435 -3.818687
 915.227460 -3.838614
 915.736485 -3.802242
 916.245510 -3.766910
 916.754536 -3.766876
 917.263561 -3.753786
 917.772586 -3.816143
 918.281612 -3.809144
 918.790637 -3.744237
 919.299662 -3.801032
 919.808687 -3.846326
 920.317713 -3.761079
 920.826738 -3.745287
 921.335763 -3.802894
 921.844789 -3.813802
 922.353814 -3.788328
 922.862839 -3.756991
 923.371864 -3.748438
 923.880890 -3.775534
 924.389915 -3.840999
 924.898940 -3.861318
 925.407966 -3.741265
 925.916991 -3.722836
 926.426016 -3.855915
 926.935041 -3.815620
 927.444067 -3.778529
 927.953092 -3.757514
 928.462117 -3.745982
 928.971142 -3.782138
 929.480168 -3.836073
 929.989193 -3.828124
 930.498218 -3.798002
 931.007244 -3.803269
 931.516269 -3.793179
 932.025294 -3.709298
 932.534319 -3.770723
 933.043345 -3.894348
 933.552370 -3.804071
 934.061395 -3.720835
 934.570421 -3.752792
 935.079446 -3.847547
 935.588471 -3.822104
 936.097496 -3.726053
 936.606522 -3.737102
 937.115547 -3.835796
 937.624572 -3.802948
 938.133598 -3.761972
 938.642623 -3.764550
 939.151648 -3.856446
 939.660673 -3.812349
 940.169699 -3.728786
 940.678724 -3.769501
 941.187749 -3.806960
 941.696775 -3.824420
 942.205800 -3.706506
 942.714825 -3.746194
 943.223850 -3.864401
 943.732876 -3.843501
 944.241901 -3.758833
 944.750926 -3.696442
 945.259952 -3.783242
 945.768977 -3.844675
 946.278002 -3.765992
 946.787027 -3.697337
 947.296053 -3.809032
 947.805078 -3.837919
 948.314103 -3.755651
 948.823129 -3.829330
 949.332154 -3.782586
 949.841179 -3.717353
 950.350204 -3.811910
 950.859230 -3.840268
 951.368255 -3.807483
 951.877280 -3.731908
 952.386306 -3.796019
 952.895331 -3.792949
 953.404356 -3.820958
 953.913381 -3.741975
 954.422407 -3.762039
 954.931432 -3.855798
 955.440457 -3.814375
 955.949483 -3.690509
 956.458508 -3.767135
 956.967533 -3.829052
 957.476558 -3.782340
 957.985584 -3.775977
 958.494609 -3.795350
 959.003634 -3.770751
 959.512660 -3.827703
 960.021685 -3.779964
 960.530710 -3.790792
 961.039735 -3.723585
 961.548761 -3.783185
 962.057786 -3.796692
 962.566811 -3.845146
 963.075836 -3.826231
 963.584862 -3.767198
 964.093887 -3.732395
 964.602912 -3.760593
 965.111938 -3.822980
 965.620963 -3.804688
 966.129988 -3.792393
 966.639013 -3.741583
 967.148039 -3.817407
 967.657064 -3.812750
 968.166089 -3.744697
 968.675115 -3.774389
 969.184140 -3.805466
 969.693165 -3.757871
 970.202190 -3.739083
 970.711216 -3.785837
 971.220241 -3.793173
 971.729266 -3.774799
 972.238292 -3.721346
 972.747317 -3.771413
 973.256342 -3.833814
 973.765367 -3.817193
 974.274393 -3.807082
 974.783418 -3.735154
 975.292443 -3.739172
 975.801469 -3.813157
 976.310494 -3.834834
 976.819519 -3.781671
 977.328544 -3.809173
 977.837570 -3.775598
 978.346595 -3.742308
 978.855620 -3.795855
 979.364646 -3.819962
 979.873671 -3.795468
 980.382696 -3.765307
 980.891721 -3.849365
 981.400747 -3.843945
 981.909772 -3.755526
 982.418797 -3.756083
 982.927823 -3.766414
 983.436848 -3.778647
 983.945873 -3.786435
 984.454898 -3.774189
 984.963924 -3.843416
 985.472949 -3.779168
 985.981974 -3.802108
 986.491000 -3.820631
 987.000025 -3.806377
 987.509050 -3.816999
 988.018075 -3.761053
 988.527101 -3.784479
 989.036126 -3.783460
 989.545151 -3.738394
 990.054177 -3.803682
 990.563202 -3.797262
 991.072227 -3.768983
 991.581252 -3.770790
 992.090278 -3.759301
 992.599303 -3.777954
 993.108328 -3.792346
 993.617354 -3.804810
 994.126379 -3.781604
 994.635404 -3.770236
 995.144429 -3.746583
 995.653455 -3.785904
 996.162480 -3.846799
 996.671505 -3.786907
 997.180530 -3.754479
 997.689556 -3.822807
 998.198581 -3.732842
 998.707606 -3.790646
 999.216632 -3.803795
 999.725657 -3.780495
 1000.234682 -3.797802
 1000.743707 -3.787886
 1001.252733 -3.806481
 1001.761758 -3.791921
 1002.270783 -3.834774
 1002.779809 -3.804684
 1003.288834 -3.789363
 1003.797859 -3.771346
 1004.306884 -3.776108
 1004.815910 -3.806852
 1005.324935 -3.793868
 1005.833960 -3.751708
 1006.342986 -3.731264
 1006.852011 -3.717421
 1007.361036 -3.802831
 1007.870061 -3.790318
 1008.379087 -3.742718
 1008.888112 -3.781628
 1009.397137 -3.838809
 1009.906163 -3.768067
 1010.415188 -3.724831
 1010.924213 -3.777195
 1011.433238 -3.807894
 1011.942264 -3.771641
 1012.451289 -3.748014
 1012.960314 -3.776333
 1013.469340 -3.867742
 1013.978365 -3.775583
 1014.487390 -3.686870
 1014.996415 -3.782998
 1015.505441 -3.797992
 1016.014466 -3.772965
 1016.523491 -3.779385
 1017.032517 -3.797060
 1017.541542 -3.791797
 1018.050567 -3.824344
