#! FIELDS time cv
 0.000000 -3.567331
 0.509025 -3.612987
 1.018051 -3.645230
 1.527076 -3.620718
 2.036101 -3.632010
 2.545126 -3.575807
 3.054152 -3.600177
 3.563177 -3.631000
 4.072202 -3.629113
 4.581228 -3.624644
 5.090253 -3.570645
 5.599278 -3.654722
 6.108303 -3.573240
 6.617329 -3.550359
 7.126354 -3.605529
 7.635379 -3.646540
 8.144405 -3.614921
 8.653430 -3.577089
 9.162455 -3.626048
 9.671480 -3.640496
 10.180506 -3.592008
 10.689531 -3.575942
 11.198556 -3.559665
 11.707582 -3.640821
 12.216607 -3.624020
 12.725632 -3.614536
 13.234657 -3.620257
 13.743683 -3.631738
 14.252708 -3.537030
 14.761733 -3.564057
 15.270759 -3.714531
 15.779784 -3.635700
 16.288809 -3.523852
 16.797834 -3.565530
 17.306860 -3.679682
 17.815885 -3.637832
 18.324910 -3.594004
 18.833935 -3.585916
 19.342961 -3.637742
 19.851986 -3.675131
 20.361011 -3.554300
 20.870037 -3.598955
 21.379062 -3.561355
 21.888087 -3.640265
 22.397112 -3.616959
 22.906138 -3.664871
 23.415163 -3.650531
 23.924188 -3.523284
 24.433214 -3.595734
 24.942239 -3.637162
 25.451264 -3.655812
 25.960289 -3.639584
 26.469315 -3.556502
 26.978340 -3.617386
 27.487365 -3.699111
 27.996391 -3.584149
 28.505416 -3.614787
 29.014441 -3.643112
 29.523466 -3.639149
 30.032492 -3.595480
 30.541517 -3.597222
 31.050542 -3.623737
 31.559568 -3.563550
 32.068593 -3.558884
 32.577618 -3.680980
 33.086643 -3.691061
 33.595669 -3.724986
 34.104694 -3.566612
 34.613719 -3.520963
 35.122745 -3.649583
 35.631770 -3.668951
 36.140795 -3.576463
 36.649820 -3.587088
 37.158846 -3.658297
 37.667871 -3.629582
 38.176896 -3.557607
 38.685922 -3.551843
 39.194947 -3.676587
 39.703972 -3.694270
 40.212997 -3.622936
 40.722023 -3.612993
 41.231048 -3.591067
 41.740073 -3.624323
 42.249099 -3.596265
 42.758124 -3.621875
 43.267149 -3.643077
 43.776174 -3.556467
 44.285200 -3.534415
 44.794225 -3.666425
 45.303250 -3.709436
 45.812276 -3.551669
 46.321301 -3.580884
 46.830326 -3.635227
 47.339351 -3.675436
 47.848377 -3.705012
 48.357402 -3.559461
 48.866427 -3.559965
 49.375453 -3.593700
 49.884478 -3.627417
 50.393503 -3.629305
 50.902528 -3.566069
 51.411554 -3.599856
 51.920579 -3.631970
 52.429604 -3.664712
 52.938629 -3.594402
 53.447655 -3.587421
 53.956680 -3.624222
 54.465705 -3.614370
 54.974731 -3.597120
 55.483756 -3.661594
 55.992781 -3.687017
 56.501806 -3.555167
 57.010832 -3.508443
 57.519857 -3.631904
 58.028882 -3.695066
 58.537908 -3.590098
 59.046933 -3.553953
 59.555958 -3.571864
 60.064983 -3.629913
 60.574009 -3.649270
 61.083034 -3.724245
 61.592059 -3.679929
 62.101085 -3.496403
 62.610110 -3.557186
 63.119135 -3.709947
 63.628160 -3.645777
 64.137186 -3.578839
 64.646211 -3.586205
 65.155236 -3.640529
 65.664262 -3.696678
 66.173287 -3.529756
 66.682312 -3.549595
 67.191337 -3.634940
 67.700363 -3.644718
 68.209388 -3.597366
 68.718413 -3.607963
 69.227439 -3.618713
 69.736464 -3.689062
 70.245489 -3.594110
 70.754514 -3.582433
 71.263540 -3.591171
 71.772565 -3.659011
 72.281590 -3.616784
 72.790616 -3.604431
 73.299641 -3.615352
 73.808666 -3.677794
 74.317691 -3.683360
 74.826717 -3.594200
 75.335742 -3.565124
 75.844767 -3.599560
 76.353793 -3.602126
 76.862818 -3.618162
 77.371843 -3.641599
 77.880868 -3.607304
 78.389894 -3.585653
 78.898919 -3.625172
 79.407944 -3.596142
 79.916970 -3.624774
 80.425995 -3.658676
 80.935020 -3.632162
 81.444045 -3.561767
 81.953071 -3.578399
 82.462096 -3.637651
 82.971121 -3.629815
 83.480147 -3.555174
 83.989172 -3.626773
 84.498197 -3.652634
 85.007222 -3.689364
 85.516248 -3.642722
 86.025273 -3.561830
 86.534298 -3.520154
 87.043323 -3.596560
 87.552349 -3.696992
 88.061374 -3.657907
 88.570399 -3.625132
 89.079425 -3.583375
 89.588450 -3.566814
 90.097475 -3.636399
 90.606500 -3.641668
 91.115526 -3.601124
 91.624551 -3.589821
 92.133576 -3.634760
 92.642602 -3.632086
 93.151627 -3.657644
 93.660652 -3.672635
 94.169677 -3.623071
 94.678703 -3.561299
 95.187728 -3.605553
 95.696753 -3.674683
 96.205779 -3.618197
 96.714804 -3.565561
 97.223829 -3.629384
 97.732854 -3.646196
 98.241880 -3.640310
 98.750905 -3.618611
 99.259930 -3.619391
 99.768956 -3.609344
 100.277981 -3.561013
 100.787006 -3.555420
 101.296031 -3.636962
 101.805057 -3.648744
 102.314082 -3.676565
 102.823107 -3.618371
 103.332133 -3.591889
 103.841158 -3.557466
 104.350183 -3.550220
 104.859208 -3.609751
 105.368234 -3.606973
 105.877259 -3.602524
 106.386284 -3.668364
 106.895310 -3.672127
 107.404335 -3.661913
 107.913360 -3.626881
 108.422385 -3.636848
 108.931411 -3.644486
 109.440436 -3.557722
 109.949461 -3.609770
 110.458487 -3.672724
 110.967512 -3.601974
 111.476537 -3.554427
 111.985562 -3.597645
 112.494588 -3.629951
 113.003613 -3.582570
 113.512638 -3.525292
 114.021664 -3.683380
 114.530689 -3.677091
 115.039714 -3.647402
 115.548739 -3.588038
 116.057765 -3.599457
 116.566790 -3.536603
 117.075815 -3.632583
 117.584841 -3.640759
 118.093866 -3.594282
 118.602891 -3.603668
 119.111916 -3.648893
 119.620942 -3.650927
 120.129967 -3.581574
 120.638992 -3.643604
 121.148017 -3.632600
 121.657043 -3.661149
 122.166068 -3.617531
 122.675093 -3.570707
 123.184119 -3.597102
 123.693144 -3.643199
 124.202169 -3.593240
 124.711194 -3.564570
 125.220220 -3.622368
 125.729245 -3.734588
 126.238270 -3.640012
 126.747296 -3.538274
 127.256321 -3.594164
 127.765346 -3.641039
 128.274371 -3.605887
 128.783397 -3.599318
 129.292422 -3.589799
 129.801447 -3.638672
 130.310473 -3.684645
 130.819498 -3.629630
 131.328523 -3.565836
 131.837548 -3.606070
 132.346574 -3.666772
 132.855599 -3.618465
 133.364624 -3.598119
 133.873650 -3.587066
 134.382675 -3.630126
 134.891700 -3.647210
 135.400725 -3.566040
 135.909751 -3.618496
 136.418776 -3.666410
 136.927801 -3.620287
 137.436827 -3.568045
 137.945852 -3.613165
 138.454877 -3.671242
 138.963902 -3.593709
 139.472928 -3.576430
 139.981953 -3.594051
 140.490978 -3.639364
 141.000004 -3.667851
 141.509029 -3.585375
 142.018054 -3.563280
 142.527079 -3.611506
 143.036105 -3.656155
 143.545130 -3.643222
 144.054155 -3.553870
 144.563181 -3.566054
 145.072206 -3.678367
 145.581231 -3.690940
 146.090256 -3.593262
 146.599282 -3.574522
 147.108307 -3.601836
 147.617332 -3.680331
 148.126358 -3.595331
 148.635383 -3.595177
 149.144408 -3.645408
 149.653433 -3.617482
 150.162459 -3.602092
 150.671484 -3.618957
 151.180509 -3.632836
 151.689535 -3.563415
 152.198560 -3.572985
 152.707585 -3.651798
 153.216610 -3.599008
 153.725636 -3.553548
 154.234661 -3.595983
 154.743686 -3.653612
 155.252711 -3.619809
 155.761737 -3.566356
 156.270762 -3.582021
 156.779787 -3.652995
 157.288813 -3.703151
 157.797838 -3.581656
 158.306863 -3.552034
 158.815888 -3.646877
 159.324914 -3.690645
 159.833939 -3.598712
 160.342964 -3.565582
 160.851990 -3.656643
 161.361015 -3.700096
 161.870040 -3.598869
 162.379065 -3.545539
 162.888091 -3.570716
 163.397116 -3.662917
 163.906141 -3.619281
 164.415167 -3.516809
 164.924192 -3.657470
 165.433217 -3.674864
 165.942242 -3.634998
 166.451268 -3.544107
 166.960293 -3.589586
 167.469318 -3.690339
 167.978344 -3.666478
 168.487369 -3.598936
 168.996394 -3.585577
 169.505419 -3.628880
 170.014445 -3.666910
 170.523470 -3.596939
 171.032495 -3.593463
 171.541521 -3.581107
 172.050546 -3.616648
 172.559571 -3.638969
 173.068596 -3.554690
 173.577622 -3.588604
 174.086647 -3.674271
 174.595672 -3.575369
 175.104698 -3.540598
 175.613723 -3.667993
 176.122748 -3.629961
 176.631773 -3.606130
 177.140799 -3.620997
 177.649824 -3.646290
 178.158849 -3.646439
 178.667875 -3.584265
 179.176900 -3.593349
 179.685925 -3.576717
 180.194950 -3.604257
 180.703976 -3.632612
 181.213001 -3.588123
 181.722026 -3.564778
 182.231052 -3.637021
 182.740077 -3.624077
 183.249102 -3.625331
 183.758127 -3.595183
 184.267153 -3.609947
 184.776178 -3.632244
 185.285203 -3.586402
 185.794228 -3.625123
 186.303254 -3.658274
 186.812279 -3.626113
 187.321304 -3.646118
 187.830330 -3.590306
 188.339355 -3.529468
 188.848380 -3.691210
 189.357405 -3.669268
 189.866431 -3.615537
 190.375456 -3.602456
 190.884481 -3.619315
 191.393507 -3.612839
 191.902532 -3.602773
 192.411557 -3.587968
 192.920582 -3.605567
 193.429608 -3.620936
 193.938633 -3.597854
 194.447658 -3.606737
 194.956684 -3.641767
 195.465709 -3.624225
 195.974734 -3.636791
 196.483759 -3.599560
 196.992785 -3.659548
 197.501810 -3.644065
 198.010835 -3.565145
 198.519861 -3.666084
 199.028886 -3.667416
 199.537911 -3.554649
 200.046936 -3.560477
 200.555962 -3.634238
 201.064987 -3.584253
 201.574012 -3.628301
 202.083038 -3.635146
 202.592063 -3.619078
 203.101088 -3.621938
 203.610113 -3.661536
 204.119139 -3.580693
 204.628164 -3.557353
 205.137189 -3.582771
 205.646215 -3.628973
 206.155240 -3.605238
 206.664265 -3.586106
 207.173290 -3.645106
 207.682316 -3.638566
 208.191341 -3.571927
 208.700366 -3.664115
 209.209392 -3.665751
 209.718417 -3.551311
 210.227442 -3.559124
 210.736467 -3.733685
 211.245493 -3.672299
 211.754518 -3.575158
 212.263543 -3.601375
 212.772569 -3.646049
 213.281594 -3.653882
 213.790619 -3.615490
 214.299644 -3.599403
 214.808670 -3.604451
 215.317695 -3.674165
 215.826720 -3.593126
 216.335746 -3.554819
 216.844771 -3.598330
 217.353796 -3.652302
 217.862821 -3.631262
 218.371847 -3.633298
 218.880872 -3.585120
 219.389897 -3.595388
 219.898922 -3.632933
 220.407948 -3.574191
 220.916973 -3.594247
 221.425998 -3.638289
 221.935024 -3.631513
 222.444049 -3.611359
 222.953074 -3.637760
 223.462099 -3.633851
 223.971125 -3.603156
 224.480150 -3.579778
 224.989175 -3.624170
 225.498201 -3.599570
 226.007226 -3.576395
 226.516251 -3.612388
 227.025276 -3.630294
 227.534302 -3.622527
 228.043327 -3.613425
 228.552352 -3.638084
 229.061378 -3.653589
 229.570403 -3.644994
 230.079428 -3.570442
 230.588453 -3.593060
 231.097479 -3.632430
 231.606504 -3.655415
 232.115529 -3.610695
 232.624555 -3.613843
 233.133580 -3.594031
 233.642605 -3.575321
 234.151630 -3.574303
 234.660656 -3.678252
 235.169681 -3.610685
 235.678706 -3.529203
 236.187732 -3.573939
 236.696757 -3.603149
 237.205782 -3.607807
 237.714807 -3.591677
 238.223833 -3.641972
 238.732858 -3.685472
 239.241883 -3.571660
 239.750909 -3.550827
 240.259934 -3.632988
 240.768959 -3.651007
 241.277984 -3.600915
 241.787010 -3.620165
 242.296035 -3.629151
 242.805060 -3.654205
 243.314086 -3.614229
 243.823111 -3.609741
 244.332136 -3.664644
 244.841161 -3.625655
 245.350187 -3.598461
 245.859212 -3.621543
 246.368237 -3.614283
 246.877263 -3.660137
 247.386288 -3.629344
 247.895313 -3.562871
 248.404338 -3.598738
 248.913364 -3.642557
 249.422389 -3.625740
 249.931414 -3.587056
 250.440440 -3.632814
 250.949465 -3.664652
 251.458490 -3.646077
 251.967515 -3.615051
 252.476541 -3.584292
 252.985566 -3.625689
 253.494591 -3.605216
 254.003616 -3.652872
 254.512642 -3.677163
 255.021667 -3.584791
 255.530692 -3.579761
 256.039718 -3.676534
 256.548743 -3.587758
 257.057768 -3.605625
 257.566793 -3.608310
 258.075819 -3.590663
 258.584844 -3.619999
 259.093869 -3.602547
 259.602895 -3.618108
 260.111920 -3.595492
 260.620945 -3.602637
 261.129970 -3.630784
 261.638996 -3.625891
 262.148021 -3.655322
 262.657046 -3.632111
 263.166072 -3.568290
 263.675097 -3.607159
 264.184122 -3.679870
 264.693147 -3.633826
 265.202173 -3.506814
 265.711198 -3.585496
 266.220223 -3.691729
 266.729249 -3.649612
 267.238274 -3.579585
 267.747299 -3.549968
 268.256324 -3.638760
 268.765350 -3.681810
 269.274375 -3.622808
 269.783400 -3.570913
 270.292426 -3.625455
 270.801451 -3.638778
 271.310476 -3.570807
 271.819501 -3.637513
 272.328527 -3.690617
 272.837552 -3.640717
 273.346577 -3.498058
 273.855603 -3.575744
 274.364628 -3.673956
 274.873653 -3.649956
 275.382678 -3.563108
 275.891704 -3.522385
 276.400729 -3.619766
 276.909754 -3.686040
 277.418780 -3.640615
 277.927805 -3.562673
 278.436830 -3.630229
 278.945855 -3.632013
 279.454881 -3.650046
 279.963906 -3.611148
 280.472931 -3.605355
 280.981957 -3.583138
 281.490982 -3.633089
 282.000007 -3.591779
 282.509032 -3.599750
 283.018058 -3.547247
 283.527083 -3.582643
 284.036108 -3.670783
 284.545134 -3.673107
 285.054159 -3.603560
 285.563184 -3.576992
 286.072209 -3.644620
 286.581235 -3.670422
 287.090260 -3.624855
 287.599285 -3.502016
 288.108310 -3.602373
 288.617336 -3.649005
 289.126361 -3.652974
 289.635386 -3.623714
 290.144412 -3.597459
 290.653437 -3.617580
 291.162462 -3.639787
 291.671487 -3.600823
 292.180513 -3.603827
 292.689538 -3.676329
 293.198563 -3.617732
 293.707589 -3.597890
 294.216614 -3.658179
 294.725639 -3.628366
 295.234664 -3.636518
 295.743690 -3.594247
 296.252715 -3.564588
 296.761740 -3.617159
 297.270766 -3.702188
 297.779791 -3.646807
 298.288816 -3.578508
 298.797841 -3.573446
 299.306867 -3.646647
 299.815892 -3.667859
 300.324917 -3.558684
 300.833943 -3.607843
 301.342968 -3.657100
 301.851993 -3.625175
 302.361018 -3.578321
 302.870044 -3.595055
 303.379069 -3.674345
 303.888094 -3.651016
 304.397120 -3.489067
 304.906145 -3.540500
 305.415170 -3.645583
 305.924195 -3.684844
 306.433221 -3.598582
 306.942246 -3.512429
 307.451271 -3.611165
 307.960297 -3.686126
 308.469322 -3.627603
 308.978347 -3.626078
 309.487372 -3.611671
 309.996398 -3.591235
 310.505423 -3.613176
 311.014448 -3.642252
 311.523474 -3.625590
 312.032499 -3.599163
 312.541524 -3.599827
 313.050549 -3.571979
 313.559575 -3.589172
 314.068600 -3.632904
 314.577625 -3.660551
 315.086651 -3.606108
 315.595676 -3.592426
 316.104701 -3.654545
 316.613726 -3.611176
 317.122752 -3.553079
 317.631777 -3.596880
 318.140802 -3.599999
 318.649828 -3.607312
 319.158853 -3.570500
 319.667878 -3.617770
 320.176903 -3.653611
 320.685929 -3.622457
 321.194954 -3.626023
 321.703979 -3.595646
 322.213004 -3.632728
 322.722030 -3.621090
 323.231055 -3.582141
 323.740080 -3.641001
 324.249106 -3.606968
 324.758131 -3.614918
 325.267156 -3.598566
 325.776181 -3.637833
 326.285207 -3.607459
 326.794232 -3.582719
 327.303257 -3.661113
 327.812283 -3.628683
 328.321308 -3.560602
 328.830333 -3.602535
 329.339358 -3.618507
 329.848384 -3.632269
 330.357409 -3.591262
 330.866434 -3.619547
 331.375460 -3.673416
 331.884485 -3.580779
 332.393510 -3.622806
 332.902535 -3.605003
 333.411561 -3.601604
 333.920586 -3.615485
 334.429611 -3.602182
 334.938637 -3.668446
 335.447662 -3.597740
 335.956687 -3.579925
 336.465712 -3.569511
 336.974738 -3.645586
 337.483763 -3.613140
 337.992788 -3.559330
 338.501814 -3.597024
 339.010839 -3.650136
 339.519864 -3.657997
 340.028889 -3.589193
 340.537915 -3.582720
 341.046940 -3.613554
 341.555965 -3.615606
 342.064991 -3.628590
 342.574016 -3.585392
 343.083041 -3.614226
 343.592066 -3.634478
 344.101092 -3.670369
 344.610117 -3.615422
 345.119142 -3.614539
 345.628168 -3.554607
 346.137193 -3.613698
 346.646218 -3.597574
 347.155243 -3.648496
 347.664269 -3.603050
 348.173294 -3.619653
 348.682319 -3.652693
 349.191345 -3.597358
 349.700370 -3.518192
 350.209395 -3.609498
 350.718420 -3.656358
 351.227446 -3.638938
 351.736471 -3.628696
 352.245496 -3.585478
 352.754522 -3.594073
 353.263547 -3.652659
 353.772572 -3.654694
 354.281597 -3.588712
 354.790623 -3.580398
 355.299648 -3.595666
 355.808673 -3.644710
 356.317698 -3.626617
 356.826724 -3.629815
 357.335749 -3.607031
 357.844774 -3.554840
 358.353800 -3.590862
 358.862825 -3.641582
 359.371850 -3.591326
 359.880875 -3.542044
 360.389901 -3.637889
 360.898926 -3.659135
 361.407951 -3.620505
 361.916977 -3.581937
 362.426002 -3.591419
 362.935027 -3.678543
 363.444052 -3.564059
 363.953078 -3.609462
 364.462103 -3.681492
 364.971128 -3.618799
 365.480154 -3.567018
 365.989179 -3.618668
 366.498204 -3.622741
 367.007229 -3.606390
 367.516255 -3.551811
 368.025280 -3.629145
 368.534305 -3.634329
 369.043331 -3.625783
 369.552356 -3.607099
 370.061381 -3.650992
 370.570406 -3.632221
 371.079432 -3.641016
 371.588457 -3.601104
 372.097482 -3.602099
 372.606508 -3.616745
 373.115533 -3.679740
 373.624558 -3.638210
 374.133583 -3.543083
 374.642609 -3.614736
 375.151634 -3.727187
 375.660659 -3.666080
 376.169685 -3.491248
 376.678710 -3.540173
 377.187735 -3.685978
 377.696760 -3.665877
 378.205786 -3.539742
 378.714811 -3.560285
 379.223836 -3.655833
 379.732862 -3.674614
 380.241887 -3.651052
 380.750912 -3.519974
 381.259937 -3.609976
 381.768963 -3.657109
 382.277988 -3.613180
 382.787013 -3.474348
 383.296039 -3.528464
 383.805064 -3.676442
 384.314089 -3.687178
 384.823114 -3.542293
 385.332140 -3.590937
 385.841165 -3.602987
 386.350190 -3.635971
 386.859216 -3.606643
 387.368241 -3.631047
 387.877266 -3.582066
 388.386291 -3.612075
 388.895317 -3.650149
 389.404342 -3.653438
 389.913367 -3.595182
 390.422392 -3.637826
 390.931418 -3.638316
 391.440443 -3.616059
 391.949468 -3.658482
 392.458494 -3.589914
 392.967519 -3.574331
 393.476544 -3.674101
 393.985569 -3.635349
 394.494595 -3.532033
 395.003620 -3.627886
 395.512645 -3.679865
 396.021671 -3.644711
 396.530696 -3.583341
 397.039721 -3.547662
 397.548746 -3.638170
 398.057772 -3.691628
 398.566797 -3.613631
 399.075822 -3.568407
 399.584848 -3.601487
 400.093873 -3.659460
 400.602898 -3.704204
 401.111923 -3.592231
 401.620949 -3.553431
 402.129974 -3.627963
 402.638999 -3.626767
 403.148025 -3.660479
 403.657050 -3.629019
 404.166075 -3.597739
 404.675100 -3.606430
 405.184126 -3.612234
 405.693151 -3.652743
 406.202176 -3.642067
 406.711202 -3.588388
 407.220227 -3.561353
 407.729252 -3.645252
 408.238277 -3.649404
 408.747303 -3.636389
 409.256328 -3.576233
 409.765353 -3.583408
 410.274379 -3.644837
 410.783404 -3.611127
 411.292429 -3.583629
 411.801454 -3.629448
 412.310480 -3.637598
 412.819505 -3.659213
 413.328530 -3.583420
 413.837556 -3.621294
 414.346581 -3.580043
 414.855606 -3.604871
 415.364631 -3.632852
 415.873657 -3.616192
 416.382682 -3.591588
 416.891707 -3.595098
 417.400733 -3.586693
 417.909758 -3.582741
 418.418783 -3.613574
 418.927808 -3.632340
 419.436834 -3.613624
 419.945859 -3.518102
 420.454884 -3.586005
 420.963910 -3.703747
 421.472935 -3.672443
 421.981960 -3.606320
 422.490985 -3.555661
 423.000011 -3.589031
 423.509036 -3.645949
 424.018061 -3.623967
 424.527086 -3.565708
 425.036112 -3.585424
 425.545137 -3.638291
 426.054162 -3.636950
 426.563188 -3.604645
 427.072213 -3.622985
 427.581238 -3.656694
 428.090263 -3.564123
 428.599289 -3.614105
 429.108314 -3.649330
 429.617339 -3.587284
 430.126365 -3.572352
 430.635390 -3.584630
 431.144415 -3.655911
 431.653440 -3.621996
 432.162466 -3.558625
 432.671491 -3.582772
 433.180516 -3.634619
 433.689542 -3.604826
 434.198567 -3.612980
 434.707592 -3.614333
 435.216617 -3.559175
 435.725643 -3.591659
 436.234668 -3.625083
 436.743693 -3.640518
 437.252719 -3.598946
 437.761744 -3.640739
 438.270769 -3.692700
 438.779794 -3.591696
 439.288820 -3.571579
 439.797845 -3.656796
 440.306870 -3.656894
 440.815896 -3.568069
 441.324921 -3.545607
 441.833946 -3.616844
 442.342971 -3.615708
 442.851997 -3.561747
 443.361022 -3.569824
 443.870047 -3.680191
 444.379073 -3.611699
 444.888098 -3.577382
 445.397123 -3.625542
 445.906148 -3.660694
 446.415174 -3.623480
 446.924199 -3.593988
 447.433224 -3.583802
 447.942250 -3.616594
 448.451275 -3.593152
 448.960300 -3.659541
 449.469325 -3.636272
 449.978351 -3.508071
 450.487376 -3.625343
 450.996401 -3.697230
 451.505427 -3.592997
 452.014452 -3.564423
 452.523477 -3.667106
 453.032502 -3.646447
 453.541528 -3.557413
 454.050553 -3.597649
 454.559578 -3.610052
 455.068604 -3.608777
 455.577629 -3.661579
 456.086654 -3.645081
 456.595679 -3.649322
 457.104705 -3.694892
 457.613730 -3.560633
 458.122755 -3.567155
 458.631780 -3.629444
 459.140806 -3.633028
 459.649831 -3.642725
 460.158856 -3.621543
 460.667882 -3.568243
 461.176907 -3.674234
 461.685932 -3.570837
 462.194957 -3.530941
 462.703983 -3.607941
 463.213008 -3.658207
 463.722033 -3.619571
 464.231059 -3.604371
 464.740084 -3.621300
 465.249109 -3.605125
 465.758134 -3.605430
 466.267160 -3.617533
 466.776185 -3.642143
 467.285210 -3.642755
 467.794236 -3.651626
 468.303261 -3.590680
 468.812286 -3.606237
 469.321311 -3.639002
 469.830337 -3.663183
 470.339362 -3.596941
 470.848387 -3.594196
 471.357413 -3.606617
 471.866438 -3.614501
 472.375463 -3.638606
 472.884488 -3.546909
 473.393514 -3.560617
 473.902539 -3.667931
 474.411564 -3.632576
 474.920590 -3.579143
 475.429615 -3.578685
 475.938640 -3.641215
 476.447665 -3.629814
 476.956691 -3.571486
 477.465716 -3.599969
 477.974741 -3.646392
 478.483767 -3.670098
 478.992792 -3.617589
 479.501817 -3.585026
 480.010842 -3.577827
 480.519868 -3.635791
 481.028893 -3.632914
 481.537918 -3.527761
 482.046944 -3.580072
 482.555969 -3.676745
 483.064994 -3.622742
 483.574019 -3.603645
 484.083045 -3.618956
 484.592070 -3.602806
 485.101095 -3.630646
 485.610121 -3.585303
 486.119146 -3.617376
 486.628171 -3.598856
 487.137196 -3.648433
 487.646222 -3.692855
 488.155247 -3.629697
 488.664272 -3.564914
 489.173297 -3.589216
 489.682323 -3.587640
 490.191348 -3.652328
 490.700373 -3.556030
 491.209399 -3.620661
 491.718424 -3.714599
 492.227449 -3.579369
 492.736474 -3.549034
 493.245500 -3.576864
 493.754525 -3.606205
 494.263550 -3.649427
 494.772576 -3.606911
 495.281601 -3.605449
 495.790626 -3.618758
 496.299651 -3.630129
 496.808677 -3.657593
 497.317702 -3.608611
 497.826727 -3.552098
 498.335753 -3.615502
 498.844778 -3.701423
 499.353803 -3.648826
 499.862828 -3.546144
 500.371854 -3.587301
 500.880879 -3.685305
 501.389904 -3.623991
 501.898930 -3.635177
 502.407955 -3.648055
 502.916980 -3.594712
 503.426005 -3.596953
 503.935031 -3.637655
 504.444056 -3.666946
 504.953081 -3.595627
 505.462107 -3.606598
 505.971132 -3.634503
 506.480157 -3.589892
 506.989182 -3.642694
 507.498208 -3.599390
 508.007233 -3.590929
 508.516258 -3.617508
 509.025284 -3.661524
 509.534309 -3.588720
 510.043334 -3.590699
 510.552359 -3.618363
 511.061385 -3.631419
 511.570410 -3.619947
 512.079435 -3.586825
 512.588461 -3.603213
 513.097486 -3.611141
 513.606511 -3.689231
 514.115536 -3.618797
 514.624562 -3.591938
 515.133587 -3.640872
 515.642612 -3.636149
 516.151638 -3.644953
 516.660663 -3.651347
 517.169688 -3.603656
 517.678713 -3.592063
 518.187739 -3.644183
 518.696764 -3.653434
 519.205789 -3.587064
 519.714815 -3.548801
 520.223840 -3.657490
 520.732865 -3.645773
 521.241890 -3.577201
 521.750916 -3.552602
 522.259941 -3.611839
 522.768966 -3.607414
 523.277991 -3.579495
 523.787017 -3.579055
 524.296042 -3.617700
 524.805067 -3.689271
 525.314093 -3.603143
 525.823118 -3.556620
 526.332143 -3.634654
 526.841168 -3.636439
 527.350194 -3.598364
 527.859219 -3.592453
 528.368244 -3.579459
 528.877270 -3.585638
 529.386295 -3.658187
 529.895320 -3.613175
 530.404345 -3.523481
 530.913371 -3.593899
 531.422396 -3.716511
 531.931421 -3.674990
 532.440447 -3.577611
 532.949472 -3.610260
 533.458497 -3.646419
 533.967522 -3.559207
 534.476548 -3.564631
 534.985573 -3.625138
 535.494598 -3.667237
 536.003624 -3.631017
 536.512649 -3.558343
 537.021674 -3.554376
 537.530699 -3.607205
 538.039725 -3.621663
 538.548750 -3.613920
 539.057775 -3.584009
 539.566801 -3.613190
 540.075826 -3.659669
 540.584851 -3.641615
 541.093876 -3.569858
 541.602902 -3.527806
 542.111927 -3.676530
 542.620952 -3.675206
 543.129978 -3.620396
 543.639003 -3.666763
 544.148028 -3.634697
 544.657053 -3.587067
 545.166079 -3.581317
 545.675104 -3.661869
 546.184129 -3.653136
 546.693155 -3.588027
 547.202180 -3.544888
 547.711205 -3.652664
 548.220230 -3.675494
 548.729256 -3.582176
 549.238281 -3.585283
 549.747306 -3.601583
 550.256332 -3.637670
 550.765357 -3.640558
 551.274382 -3.631724
 551.783407 -3.571406
 552.292433 -3.635410
 552.801458 -3.692342
 553.310483 -3.642659
 553.819509 -3.541962
 554.328534 -3.593951
 554.837559 -3.726682
 555.346584 -3.586646
 555.855610 -3.569968
 556.364635 -3.583085
 556.873660 -3.654152
 557.382685 -3.626805
 557.891711 -3.499941
 558.400736 -3.595651
 558.909761 -3.688196
 559.418787 -3.605892
 559.927812 -3.549613
 560.436837 -3.646822
 560.945862 -3.681204
 561.454888 -3.621333
 561.963913 -3.569187
 562.472938 -3.600502
 562.981964 -3.657096
 563.490989 -3.593025
 564.000014 -3.524704
 564.509039 -3.569644
 565.018065 -3.652337
 565.527090 -3.640531
 566.036115 -3.577617
 566.545141 -3.607871
 567.054166 -3.637684
 567.563191 -3.596990
 568.072216 -3.591287
 568.581242 -3.688533
 569.090267 -3.671126
 569.599292 -3.510658
 570.108318 -3.611700
 570.617343 -3.712057
 571.126368 -3.597995
 571.635393 -3.559011
 572.144419 -3.570165
 572.653444 -3.701679
 573.162469 -3.592708
 573.671495 -3.533533
 574.180520 -3.622495
 574.689545 -3.682909
 575.198570 -3.643624
 575.707596 -3.625893
 576.216621 -3.546069
 576.725646 -3.600212
 577.234672 -3.701527
 577.743697 -3.708330
 578.252722 -3.573805
 578.761747 -3.513556
 579.270773 -3.626217
 579.779798 -3.636519
 580.288823 -3.662603
 580.797849 -3.598050
 581.306874 -3.571825
 581.815899 -3.665645
 582.324924 -3.625472
 582.833950 -3.592551
 583.342975 -3.623053
 583.852000 -3.621029
 584.361026 -3.622182
 584.870051 -3.656561
 585.379076 -3.557787
 585.888101 -3.605492
 586.397127 -3.641417
 586.906152 -3.609019
 587.415177 -3.554946
 587.924203 -3.606192
 588.433228 -3.625628
 588.942253 -3.635114
 589.451278 -3.555347
 589.960304 -3.601924
 590.469329 -3.628363
 590.978354 -3.650051
 591.487379 -3.621528
 591.996405 -3.627924
 592.505430 -3.598966
 593.014455 -3.663198
 593.523481 -3.628037
 594.032506 -3.582094
 594.541531 -3.597478
 595.050556 -3.693777
 595.559582 -3.620603
 596.068607 -3.602703
 596.577632 -3.610315
 597.086658 -3.580649
 597.595683 -3.631777
 598.104708 -3.592469
 598.613733 -3.600089
 599.122759 -3.629941
 599.631784 -3.616641
 600.140809 -3.613382
 600.649835 -3.642382
 601.158860 -3.671087
 601.667885 -3.637638
 602.176910 -3.585474
 602.685936 -3.564518
 603.194961 -3.657255
 603.703986 -3.661278
 604.213012 -3.563937
 604.722037 -3.588671
 605.231062 -3.625535
 605.740087 -3.621116
 606.249113 -3.604971
 606.758138 -3.566623
 607.267163 -3.641803
 607.776189 -3.690410
 608.285214 -3.644265
 608.794239 -3.579298
 609.303264 -3.563359
 609.812290 -3.696613
 610.321315 -3.688336
 610.830340 -3.597532
 611.339366 -3.589178
 611.848391 -3.696310
 612.357416 -3.717102
 612.866441 -3.608116
 613.375467 -3.539809
 613.884492 -3.667756
 614.393517 -3.651765
 614.902543 -3.579087
 615.411568 -3.637411
 615.920593 -3.669572
 616.429618 -3.595768
 616.938644 -3.545238
 617.447669 -3.501081
 617.956694 -3.636971
 618.465720 -3.745305
 618.974745 -3.614540
 619.483770 -3.542576
 619.992795 -3.537279
 620.501821 -3.672819
 621.010846 -3.668371
 621.519871 -3.522855
 622.028897 -3.582578
 622.537922 -3.658263
 623.046947 -3.676256
 623.555972 -3.581371
 624.064998 -3.594388
 624.574023 -3.656008
 625.083048 -3.620967
 625.592073 -3.535527
 626.101099 -3.605098
 626.610124 -3.669407
 627.119149 -3.626853
 627.628175 -3.608460
 628.137200 -3.598253
 628.646225 -3.654110
 629.155250 -3.620425
 629.664276 -3.646743
 630.173301 -3.580309
 630.682326 -3.583174
 631.191352 -3.615906
 631.700377 -3.680461
 632.209402 -3.658013
 632.718427 -3.544423
 633.227453 -3.517558
 633.736478 -3.678258
 634.245503 -3.657864
 634.754529 -3.578900
 635.263554 -3.611825
 635.772579 -3.611964
 636.281604 -3.639034
 636.790630 -3.656573
 637.299655 -3.601761
 637.808680 -3.630627
 638.317706 -3.592734
 638.826731 -3.572523
 639.335756 -3.698307
 639.844781 -3.670564
 640.353807 -3.655529
 640.862832 -3.656868
 641.371857 -3.629014
 641.880883 -3.538760
 642.389908 -3.648004
 642.898933 -3.651650
 643.407958 -3.580879
 643.916984 -3.542437
 644.426009 -3.673007
 644.935034 -3.670611
 645.444060 -3.588113
 645.953085 -3.577955
 646.462110 -3.610388
 646.971135 -3.630200
 647.480161 -3.631996
 647.989186 -3.630858
 648.498211 -3.509560
 649.007237 -3.580446
 649.516262 -3.663734
 650.025287 -3.669389
 650.534312 -3.589071
 651.043338 -3.535666
 651.552363 -3.597959
 652.061388 -3.649130
 652.570414 -3.668377
 653.079439 -3.647652
 653.588464 -3.578827
 654.097489 -3.614805
 654.606515 -3.615462
 655.115540 -3.604410
 655.624565 -3.623328
 656.133591 -3.641707
 656.642616 -3.654502
 657.151641 -3.616599
 657.660666 -3.560255
 658.169692 -3.612193
 658.678717 -3.642330
 659.187742 -3.667123
 659.696767 -3.613270
 660.205793 -3.602871
 660.714818 -3.619564
 661.223843 -3.653491
 661.732869 -3.659016
 662.241894 -3.579866
 662.750919 -3.567707
 663.259944 -3.568799
 663.768970 -3.676052
 664.277995 -3.688098
 664.787020 -3.634421
 665.296046 -3.576217
 665.805071 -3.606456
 666.314096 -3.607935
 666.823121 -3.649701
 667.332147 -3.612247
 667.841172 -3.604121
 668.350197 -3.622359
 668.859223 -3.696915
 669.368248 -3.634891
 669.877273 -3.569942
 670.386298 -3.608014
 670.895324 -3.622603
 671.404349 -3.611777
 671.913374 -3.576645
 672.422400 -3.623537
 672.931425 -3.631887
 673.440450 -3.644806
 673.949475 -3.597447
 674.458501 -3.558105
 674.967526 -3.653731
 675.476551 -3.706203
 675.985577 -3.630486
 676.494602 -3.589649
 677.003627 -3.550713
 677.512652 -3.619154
 678.021678 -3.582329
 678.530703 -3.597686
 679.039728 -3.639509
 679.548754 -3.599959
 680.057779 -3.628409
 680.566804 -3.665460
 681.075829 -3.591749
 681.584855 -3.565199
 682.093880 -3.696467
 682.602905 -3.667166
 683.111931 -3.560564
 683.620956 -3.477712
 684.129981 -3.606913
 684.639006 -3.716914
 685.148032 -3.647234
 685.657057 -3.566470
 686.166082 -3.570122
 686.675108 -3.647242
 687.184133 -3.672761
 687.693158 -3.560514
 688.202183 -3.619051
 688.711209 -3.616951
 689.220234 -3.616062
 689.729259 -3.621784
 690.238285 -3.620895
 690.747310 -3.667042
 691.256335 -3.638603
 691.765360 -3.573653
 692.274386 -3.557605
 692.783411 -3.627116
 693.292436 -3.663160
 693.801461 -3.631973
 694.310487 -3.606554
 694.819512 -3.587266
 695.328537 -3.634807
 695.837563 -3.613377
 696.346588 -3.578432
 696.855613 -3.588664
 697.364638 -3.641629
 697.873664 -3.631834
 698.382689 -3.651210
 698.891714 -3.631738
 699.400740 -3.584376
 699.909765 -3.609428
 700.418790 -3.653636
 700.927815 -3.619899
 701.436841 -3.530707
 701.945866 -3.620722
 702.454891 -3.645232
 702.963917 -3.634094
 703.472942 -3.541399
 703.981967 -3.563365
 704.490992 -3.662013
 705.000018 -3.671923
 705.509043 -3.539890
 706.018068 -3.521535
 706.527094 -3.661590
 707.036119 -3.663021
 707.545144 -3.598078
 708.054169 -3.603571
 708.563195 -3.625698
 709.072220 -3.677568
 709.581245 -3.607067
 710.090271 -3.619991
 710.599296 -3.611882
 711.108321 -3.617093
 711.617346 -3.626816
 712.126372 -3.592379
 712.635397 -3.624277
 713.144422 -3.632144
 713.653448 -3.627198
 714.162473 -3.651325
 714.671498 -3.631208
 715.180523 -3.605706
 715.689549 -3.580058
 716.198574 -3.552786
 716.707599 -3.699787
 717.216625 -3.688248
 717.725650 -3.545871
 718.234675 -3.591148
 718.743700 -3.649168
 719.252726 -3.649167
 719.761751 -3.591493
 720.270776 -3.633164
 720.779802 -3.611219
 721.288827 -3.654812
 721.797852 -3.605298
 722.306877 -3.623204
 722.815903 -3.645692
 723.324928 -3.573563
 723.833953 -3.583862
 724.342979 -3.626396
 724.852004 -3.648593
 725.361029 -3.591374
 725.870054 -3.581291
 726.379080 -3.606781
 726.888105 -3.633039
 727.397130 -3.624393
 727.906155 -3.518341
 728.415181 -3.620448
 728.924206 -3.651596
 729.433231 -3.629527
 729.942257 -3.544162
 730.451282 -3.638940
 730.960307 -3.655398
 731.469332 -3.663925
 731.978358 -3.626398
 732.487383 -3.558913
 732.996408 -3.634148
 733.505434 -3.671113
 734.014459 -3.612285
 734.523484 -3.589859
 735.032509 -3.629737
 735.541535 -3.600220
 736.050560 -3.648807
 736.559585 -3.647330
 737.068611 -3.568169
 737.577636 -3.620436
 738.086661 -3.654292
 738.595686 -3.618434
 739.104712 -3.647341
 739.613737 -3.688501
 740.122762 -3.631114
 740.631788 -3.541591
 741.140813 -3.585218
 741.649838 -3.674909
 742.158863 -3.624794
 742.667889 -3.621272
 743.176914 -3.559839
 743.685939 -3.597566
 744.194965 -3.653124
 744.703990 -3.609179
 745.213015 -3.594829
 745.722040 -3.590315
 746.231066 -3.670080
 746.740091 -3.643429
 747.249116 -3.601312
 747.758142 -3.621059
 748.267167 -3.620175
 748.776192 -3.616953
 749.285217 -3.621636
 749.794243 -3.596400
 750.303268 -3.525610
 750.812293 -3.643104
 751.321319 -3.640496
 751.830344 -3.628725
 752.339369 -3.561857
 752.848394 -3.577828
 753.357420 -3.681002
 753.866445 -3.618379
 754.375470 -3.587280
 754.884496 -3.533889
 755.393521 -3.612963
 755.902546 -3.642262
 756.411571 -3.606444
 756.920597 -3.595828
 757.429622 -3.589689
 757.938647 -3.624838
 758.447673 -3.635869
 758.956698 -3.620795
 759.465723 -3.611784
 759.974748 -3.596166
 760.483774 -3.580506
 760.992799 -3.616366
 761.501824 -3.654870
 762.010849 -3.609957
 762.519875 -3.596075
 763.028900 -3.627574
 763.537925 -3.653340
 764.046951 -3.610601
 764.555976 -3.592620
 765.065001 -3.573354
 765.574026 -3.618997
 766.083052 -3.630276
 766.592077 -3.640252
 767.101102 -3.567608
 767.610128 -3.602498
 768.119153 -3.614561
 768.628178 -3.638268
 769.137203 -3.631458
 769.646229 -3.648420
 770.155254 -3.636988
 770.664279 -3.610353
 771.173305 -3.528819
 771.682330 -3.606286
 772.191355 -3.635829
 772.700380 -3.598346
 773.209406 -3.555353
 773.718431 -3.611710
 774.227456 -3.661680
 774.736482 -3.610256
 775.245507 -3.633275
 775.754532 -3.613442
 776.263557 -3.648301
 776.772583 -3.644408
 777.281608 -3.568352
 777.790633 -3.603440
 778.299659 -3.622983
 778.808684 -3.634205
 779.317709 -3.562994
 779.826734 -3.628834
 780.335760 -3.628985
 780.844785 -3.563687
 781.353810 -3.591213
 781.862836 -3.611703
 782.371861 -3.568852
 782.880886 -3.620276
 783.389911 -3.644659
 783.898937 -3.576691
 784.407962 -3.613653
 784.916987 -3.582494
 785.426013 -3.670067
 785.935038 -3.619892
 786.444063 -3.598707
 786.953088 -3.629857
 787.462114 -3.585352
 787.971139 -3.616652
 788.480164 -3.592296
 788.989190 -3.596316
 789.498215 -3.585796
 790.007240 -3.633514
 790.516265 -3.685913
 791.025291 -3.661238
 791.534316 -3.585331
 792.043341 -3.585048
 792.552366 -3.622577
 793.061392 -3.666061
 793.570417 -3.586774
 794.079442 -3.616010
 794.588468 -3.632228
 795.097493 -3.609344
 795.606518 -3.587804
 796.115543 -3.666101
 796.624569 -3.651494
 797.133594 -3.595781
 797.642619 -3.605529
 798.151645 -3.580911
 798.660670 -3.663104
 799.169695 -3.632443
 799.678720 -3.539580
 800.187746 -3.651666
 800.696771 -3.682514
 801.205796 -3.650110
 801.714822 -3.512708
 802.223847 -3.540042
 802.732872 -3.681394
 803.241897 -3.665121
 803.750923 -3.567824
 804.259948 -3.583231
 804.768973 -3.611086
 805.277999 -3.622384
 805.787024 -3.659307
 806.296049 -3.608627
 806.805074 -3.553589
 807.314100 -3.654503
 807.823125 -3.700282
 808.332150 -3.630274
 808.841176 -3.560699
 809.350201 -3.561227
 809.859226 -3.631294
 810.368251 -3.681775
 810.877277 -3.625284
 811.386302 -3.583745
 811.895327 -3.579934
 812.404353 -3.631912
 812.913378 -3.595197
 813.422403 -3.714156
 813.931428 -3.635467
 814.440454 -3.544214
 814.949479 -3.549954
 815.458504 -3.595900
 815.967530 -3.641477
 816.476555 -3.633189
 816.985580 -3.591257
 817.494605 -3.638787
 818.003631 -3.633273
 818.512656 -3.605683
 819.021681 -3.579443
 819.530707 -3.602378
 820.039732 -3.623555
 820.548757 -3.604136
 821.057782 -3.528254
 821.566808 -3.581268
 822.075833 -3.607688
 822.584858 -3.628818
 823.093884 -3.604858
 823.602909 -3.668233
 824.111934 -3.606786
 824.620959 -3.589354
 825.129985 -3.637726
 825.639010 -3.604129
 826.148035 -3.559716
 826.657060 -3.580984
 827.166086 -3.639302
 827.675111 -3.646169
 828.184136 -3.637536
 828.693162 -3.532275
 829.202187 -3.567519
 829.711212 -3.673948
 830.220237 -3.692281
 830.729263 -3.572177
 831.238288 -3.518470
 831.747313 -3.659743
 832.256339 -3.686465
 832.765364 -3.582320
 833.274389 -3.558998
 833.783414 -3.630001
 834.292440 -3.646996
 834.801465 -3.630789
 835.310490 -3.640278
 835.819516 -3.580497
 836.328541 -3.588172
 836.837566 -3.634873
 837.346591 -3.661122
 837.855617 -3.632984
 838.364642 -3.592306
 838.873667 -3.645067
 839.382693 -3.579835
 839.891718 -3.598786
 840.400743 -3.619030
 840.909768 -3.585035
 841.418794 -3.590328
 841.927819 -3.689825
 842.436844 -3.673120
 842.945870 -3.572504
 843.454895 -3.570509
 843.963920 -3.670426
 844.472945 -3.643815
 844.981971 -3.579221
 845.490996 -3.655065
 846.000021 -3.648611
 846.509047 -3.600539
 847.018072 -3.548913
 847.527097 -3.582110
 848.036122 -3.577941
 848.545148 -3.628366
 849.054173 -3.598937
 849.563198 -3.647965
 850.072224 -3.640812
 850.581249 -3.532078
 851.090274 -3.545133
 851.599299 -3.618777
 852.108325 -3.660749
 852.617350 -3.599155
 853.126375 -3.569005
 853.635401 -3.625920
 854.144426 -3.664200
 854.653451 -3.613064
 855.162476 -3.585154
 855.671502 -3.642047
 856.180527 -3.597194
 856.689552 -3.590563
 857.198578 -3.633745
 857.707603 -3.644300
 858.216628 -3.638463
 858.725653 -3.574603
 859.234679 -3.655021
 859.743704 -3.676325
 860.252729 -3.650204
 860.761754 -3.591785
 861.270780 -3.576793
 861.779805 -3.602838
 862.288830 -3.699702
 862.797856 -3.619732
 863.306881 -3.564477
 863.815906 -3.592338
 864.324931 -3.618260
 864.833957 -3.628326
 865.342982 -3.593946
 865.852007 -3.597331
 866.361033 -3.587585
 866.870058 -3.654512
 867.379083 -3.653833
 867.888108 -3.642996
 868.397134 -3.586479
 868.906159 -3.584056
 869.415184 -3.628888
 869.924210 -3.672806
 870.433235 -3.635707
 870.942260 -3.613740
 871.451285 -3.614139
 871.960311 -3.605627
 872.469336 -3.579751
 872.978361 -3.572496
 873.487387 -3.603961
 873.996412 -3.680748
 874.505437 -3.631997
 875.014462 -3.591850
 875.523488 -3.585697
 876.032513 -3.578548
 876.541538 -3.683688
 877.050564 -3.667247
 877.559589 -3.573799
 878.068614 -3.610536
 878.577639 -3.608342
 879.086665 -3.614805
 879.595690 -3.636920
 880.104715 -3.644185
 880.613741 -3.588612
 881.122766 -3.625998
 881.631791 -3.567802
 882.140816 -3.572022
 882.649842 -3.667921
 883.158867 -3.656211
 883.667892 -3.610408
 884.176918 -3.578666
 884.685943 -3.629723
 885.194968 -3.633336
 885.703993 -3.619307
 886.213019 -3.611455
 886.722044 -3.601468
 887.231069 -3.626766
 887.740095 -3.602119
 888.249120 -3.544545
 888.758145 -3.638058
 889.267170 -3.613384
 889.776196 -3.621890
 890.285221 -3.636858
 890.794246 -3.637903
 891.303272 -3.562494
 891.812297 -3.550179
 892.321322 -3.578750
 892.830347 -3.647623
 893.339373 -3.629441
 893.848398 -3.573601
 894.357423 -3.601276
 894.866448 -3.649522
 895.375474 -3.590201
 895.884499 -3.583915
 896.393524 -3.589581
 896.902550 -3.674901
 897.411575 -3.677472
 897.920600 -3.588298
 898.429625 -3.558638
 898.938651 -3.599976
 899.447676 -3.644299
 899.956701 -3.619811
 900.465727 -3.637343
 900.974752 -3.602333
 901.483777 -3.620011
 901.992802 -3.632974
 902.501828 -3.638278
 903.010853 -3.590111
 903.519878 -3.606523
 904.028904 -3.602020
 904.537929 -3.607302
 905.046954 -3.631217
 905.555979 -3.608936
 906.065005 -3.608368
 906.574030 -3.628398
 907.083055 -3.630731
 907.592081 -3.593316
 908.101106 -3.576718
 908.610131 -3.576234
 909.119156 -3.612203
 909.628182 -3.653349
 910.137207 -3.625926
 910.646232 -3.578920
 911.155258 -3.628724
 911.664283 -3.608238
 912.173308 -3.596356
 912.682333 -3.543700
 913.191359 -3.602665
 913.700384 -3.661118
 914.209409 -3.598621
 914.718435 -3.594837
 915.227460 -3.568185
 915.736485 -3.617558
 916.245510 -3.649778
 916.754536 -3.615920
 917.263561 -3.628641
 917.772586 -3.625026
 918.281612 -3.596500
 918.790637 -3.580039
 919.299662 -3.620853
 919.808687 -3.590743
 920.317713 -3.537015
 920.826738 -3.528441
 921.335763 -3.666050
 921.844789 -3.612758
 922.353814 -3.597938
 922.862839 -3.633759
 923.371864 -3.621770
 923.880890 -3.607221
 924.389915 -3.628271
 924.898940 -3.609038
 925.407966 -3.569972
 925.916991 -3.601551
 926.426016 -3.624843
 926.935041 -3.691564
 927.444067 -3.720477
 927.953092 -3.545333
 928.462117 -3.574647
 928.971142 -3.691288
 929.480168 -3.658986
 929.989193 -3.623008
 930.498218 -3.621992
 931.007244 -3.636299
 931.516269 -3.686926
 932.025294 -3.589503
 932.534319 -3.576571
 933.043345 -3.586766
 933.552370 -3.616585
 934.061395 -3.614507
 934.570421 -3.648642
 935.079446 -3.600848
 935.588471 -3.593329
 936.097496 -3.637970
 936.606522 -3.684521
 937.115547 -3.640469
 937.624572 -3.529134
 938.133598 -3.543603
 938.642623 -3.619602
 939.151648 -3.626014
 939.660673 -3.578675
 940.169699 -3.582568
 940.678724 -3.592756
 941.187749 -3.631672
 941.696775 -3.635752
 942.205800 -3.595267
 942.714825 -3.617515
 943.223850 -3.624675
 943.732876 -3.666803
 944.241901 -3.629992
 944.750926 -3.643717
 945.259952 -3.603773
 945.768977 -3.621310
 946.278002 -3.585796
 946.787027 -3.626142
 947.296053 -3.628776
 947.805078 -3.623796
 948.314103 -3.672003
 948.823129 -3.596910
 949.332154 -3.597513
 949.841179 -3.610235
 950.350204 -3.620726
 950.859230 -3.594420
 951.368255 -3.555330
 951.877280 -3.612604
 952.386306 -3.667955
 952.895331 -3.628759
 953.404356 -3.607527
 953.913381 -3.596050
 954.422407 -3.637304
 954.931432 -3.563066
 955.440457 -3.538972
 955.949483 -3.605152
 956.458508 -3.692712
 956.967533 -3.627039
 957.476558 -3.570660
 957.985584 -3.585624
 958.494609 -3.626476
 959.003634 -3.612829
 959.512660 -3.588572
 960.021685 -3.602832
 960.530710 -3.602800
 961.039735 -3.565672
 961.548761 -3.556466
 962.057786 -3.606885
 962.566811 -3.588243
 963.075836 -3.600711
 963.584862 -3.667802
 964.093887 -3.665702
 964.602912 -3.637695
 965.111938 -3.543582
 965.620963 -3.584318
 966.129988 -3.684041
 966.639013 -3.642275
 967.148039 -3.569952
 967.657064 -3.582057
 968.166089 -3.640178
 968.675115 -3.638477
 969.184140 -3.639292
 969.693165 -3.625746
 970.202190 -3.576850
 970.711216 -3.590690
 971.220241 -3.605271
 971.729266 -3.633634
 972.238292 -3.594788
 972.747317 -3.586331
 973.256342 -3.642580
 973.765367 -3.638844
 974.274393 -3.607661
 974.783418 -3.631544
 975.292443 -3.518887
 975.801469 -3.632080
 976.310494 -3.608781
 976.819519 -3.593909
 977.328544 -3.644678
 977.837570 -3.662455
 978.346595 -3.620757
 978.855620 -3.531161
 979.364646 -3.568792
 979.873671 -3.648644
 980.382696 -3.667038
 980.891721 -3.595050
 981.400747 -3.576200
 981.909772 -3.590283
 982.418797 -3.616669
 982.927823 -3.608166
 983.436848 -3.654326
 983.945873 -3.625898
 984.454898 -3.626201
 984.963924 -3.586264
 985.472949 -3.648590
 985.981974 -3.608310
 986.491000 -3.616512
 987.000025 -3.611874
 987.509050 -3.662241
 988.018075 -3.686597
 988.527101 -3.589315
 989.036126 -3.550946
 989.545151 -3.576348
 990.054177 -3.637914
 990.563202 -3.587208
 991.072227 -3.616523
 991.581252 -3.682895
 992.090278 -3.592244
 992.599303 -3.525749
 993.108328 -3.621948
 993.617354 -3.717713
 994.126379 -3.585748
 994.635404 -3.530523
 995.144429 -3.662661
 995.653455 -3.643741
 996.162480 -3.627386
 996.671505 -3.603465
 997.180530 -3.607013
 997.689556 -3.633824
 998.198581 -3.585688
 998.707606 -3.609021
 999.216632 -3.596102
 999.725657 -3.679458
 1000.234682 -3.659163
 1000.743707 -3.584555
 1001.252733 -3.564826
 1001.761758 -3.658819
 1002.270783 -3.632293
 1002.779809 -3.587668
 1003.288834 -3.601979
 1003.797859 -3.624310
 1004.306884 -3.646318
 1004.815910 -3.596930
 1005.324935 -3.568841
 1005.833960 -3.655348
 1006.342986 -3.662735
 1006.852011 -3.616864
 1007.361036 -3.567108
 1007.870061 -3.637481
 1008.379087 -3.664566
 1008.888112 -3.578588
 1009.397137 -3.574020
 1009.906163 -3.615538
 1010.415188 -3.633523
 1010.924213 -3.595715
 1011.433238 -3.624913
 1011.942264 -3.626144
 1012.451289 -3.643878
 1012.960314 -3.637832
 1013.469340 -3.626784
 1013.978365 -3.609096
 1014.487390 -3.620419
 1014.996415 -3.618208
 1015.505441 -3.652972
 1016.014466 -3.652538
 1016.523491 -3.602652
 1017.032517 -3.636625
 1017.541542 -3.609531
 1018.050567 -3.568362
