#! FIELDS time cv
 0.000000 -3.952861
 0.509025 -3.982111
 1.018051 -3.953660
 1.527076 -3.988179
 2.036101 -3.958250
 2.545126 -3.962203
 3.054152 -3.969344
 3.563177 -3.944300
 4.072202 -3.992958
 4.581228 -3.992320
 5.090253 -3.917844
 5.599278 -3.900990
 6.108303 -3.961903
 6.617329 -3.989354
 7.126354 -3.950164
 7.635379 -3.875597
 8.144405 -3.934618
 8.653430 -3.981856
 9.162455 -3.963510
 9.671480 -3.942522
 10.180506 -3.966036
 10.689531 -4.006761
 11.198556 -3.954254
 11.707582 -3.934450
 12.216607 -3.980122
 12.725632 -3.929553
 13.234657 -3.944893
 13.743683 -3.958543
 14.252708 -3.973433
 14.761733 -3.946443
 15.270759 -3.941683
 15.779784 -3.939275
 16.288809 -3.994842
 16.797834 -3.958298
 17.306860 -3.926256
 17.815885 -3.880512
 18.324910 -3.987031
 18.833935 -4.021200
 19.342961 -3.889399
 19.851986 -3.859725
 20.361011 -4.015403
 20.870037 -4.010682
 21.379062 -3.940737
 21.888087 -3.874684
 22.397112 -3.938433
 22.906138 -3.973513
 23.415163 -4.040811
 23.924188 -4.030692
 24.433214 -3.909365
 24.942239 -3.926995
 25.451264 -4.016475
 25.960289 -3.959123
 26.469315 -3.941740
 26.978340 -4.007390
 27.487365 -3.936995
 27.996391 -3.934632
 28.505416 -4.020005
 29.014441 -3.965951
 29.523466 -3.962670
 30.032492 -3.918818
 30.541517 -3.972257
 31.050542 -3.974686
 31.559568 -3.973456
 32.068593 -3.981693
 32.577618 -3.988490
 33.086643 -3.909482
 33.595669 -3.948317
 34.104694 -4.000008
 34.613719 -3.955078
 35.122745 -3.960276
 35.631770 -3.941892
 36.140795 -4.011292
 36.649820 -4.039754
 37.158846 -3.904584
 37.667871 -3.919090
 38.176896 -4.052534
 38.685922 -4.015342
 39.194947 -3.927160
 39.703972 -3.956092
 40.212997 -3.977709
 40.722023 -3.950131
 41.231048 -3.928816
 41.740073 -3.980881
 42.249099 -3.917526
 42.758124 -3.940406
 43.267149 -3.961772
 43.776174 -3.964183
 44.285200 -3.908246
 44.794225 -3.923167
 45.303250 -3.983893
 45.812276 -3.973498
 46.321301 -4.019175
 46.830326 -3.930417
 47.339351 -3.909239
 47.848377 -3.960609
 48.357402 -3.965576
 48.866427 -3.976666
 49.375453 -3.943537
 49.884478 -3.950920
 50.393503 -3.977032
 50.902528 -3.911607
 51.411554 -3.945185
 51.920579 -3.965245
 52.429604 -3.970871
 52.938629 -3.963958
 53.447655 -3.954474
 53.956680 -3.929787
 54.465705 -3.893427
 54.974731 -3.960916
 55.483756 -3.997944
 55.992781 -3.923891
 56.501806 -3.943732
 57.010832 -4.033296
 57.519857 -3.998212
 58.028882 -3.981472
 58.537908 -3.953063
 59.046933 -4.017656
 59.555958 -3.985187
 60.064983 -3.963218
 60.574009 -3.952545
 61.083034 -3.927975
 61.592059 -3.973690
 62.101085 -4.041151
 62.610110 -3.934491
 63.119135 -3.899166
 63.628160 -3.926077
 64.137186 -3.982405
 64.646211 -3.970860
 65.155236 -3.966349
 65.664262 -3.952649
 66.173287 -3.973177
 66.682312 -4.001108
 67.191337 -3.991225
 67.700363 -3.948531
 68.209388 -3.971718
 68.718413 -3.947966
 69.227439 -3.934172
 69.736464 -3.961086
 70.245489 -4.037675
 70.754514 -3.987638
 71.263540 -3.936528
 71.772565 -3.899219
 72.281590 -3.954888
 72.790616 -4.006821
 73.299641 -3.976004
 73.808666 -3.983598
 74.317691 -3.924628
 74.826717 -3.906878
 75.335742 -3.983210
 75.844767 -3.977682
 76.353793 -3.983564
 76.862818 -3.934320
 77.371843 -3.973723
 77.880868 -3.971150
 78.389894 -3.902760
 78.898919 -3.955080
 79.407944 -3.988010
 79.916970 -4.024376
 80.425995 -3.949659
 80.935020 -3.905334
 81.444045 -3.936590
 81.953071 -4.002968
 82.462096 -3.985527
 82.971121 -3.996966
 83.480147 -3.970888
 83.989172 -3.934567
 84.498197 -3.941562
 85.007222 -3.965876
 85.516248 -3.906751
 86.025273 -3.982459
 86.534298 -3.944590
 87.043323 -3.920342
 87.552349 -3.974700
 88.061374 -3.940436
 88.570399 -3.975503
 89.079425 -4.026127
 89.588450 -3.962816
 90.097475 -3.919558
 90.606500 -3.929422
 91.115526 -3.994935
 91.624551 -3.933894
 92.133576 -3.893967
 92.642602 -3.962872
 93.151627 -4.026838
 93.660652 -3.973899
 94.169677 -3.952216
 94.678703 -3.932937
 95.187728 -3.923047
 95.696753 -4.024716
 96.205779 -3.982684
 96.714804 -3.895452
 97.223829 -3.896735
 97.732854 -4.047930
 98.241880 -3.978480
 98.750905 -3.940722
 99.259930 -3.937320
 99.768956 -3.930168
 100.277981 -3.984909
 100.787006 -3.973633
 101.296031 -3.882311
 101.805057 -3.918193
 102.314082 -3.999515
 102.823107 -3.961331
 103.332133 -3.912588
 103.841158 -3.949299
 104.350183 -4.019365
 104.859208 -3.945694
 105.368234 -3.961848
 105.877259 -3.965294
 106.386284 -3.945436
 106.895310 -3.975427
 107.404335 -3.953117
 107.913360 -3.929803
 108.422385 -3.933763
 108.931411 -3.922741
 109.440436 -3.967795
 109.949461 -3.982562
 110.458487 -3.888469
 110.967512 -3.989678
 111.476537 -3.985874
 111.985562 -3.932978
 112.494588 -3.928262
 113.003613 -3.963096
 113.512638 -3.933945
 114.021664 -3.996174
 114.530689 -4.051205
 115.039714 -3.902225
 115.548739 -3.932951
 116.057765 -4.015706
 116.566790 -3.978052
 117.075815 -3.932233
 117.584841 -3.999760
 118.093866 -4.044630
 118.602891 -3.920073
 119.111916 -3.906903
 119.620942 -3.951920
 120.129967 -3.981593
 120.638992 -4.033039
 121.148017 -3.960445
 121.657043 -3.919970
 122.166068 -3.941333
 122.675093 -3.956483
 123.184119 -3.923519
 123.693144 -4.025156
 124.202169 -4.059622
 124.711194 -3.945779
 125.220220 -3.913773
 125.729245 -3.982136
 126.238270 -3.980632
 126.747296 -3.972935
 127.256321 -3.970067
 127.765346 -3.983358
 128.274371 -3.917239
 128.783397 -3.955713
 129.292422 -3.940434
 129.801447 -3.972566
 130.310473 -3.966666
 130.819498 -3.925608
 131.328523 -3.989105
 131.837548 -4.029929
 132.346574 -3.914876
 132.855599 -3.928904
 133.364624 -3.938054
 133.873650 -3.965547
 134.382675 -3.946574
 134.891700 -3.918807
 135.400725 -3.927878
 135.909751 -4.008811
 136.418776 -3.940836
 136.927801 -3.961772
 137.436827 -3.976113
 137.945852 -3.971265
 138.454877 -3.944457
 138.963902 -3.959412
 139.472928 -3.924496
 139.981953 -3.888915
 140.490978 -3.906045
 141.000004 -4.028581
 141.509029 -4.023631
 142.018054 -3.956287
 142.527079 -3.910229
 143.036105 -3.956631
 143.545130 -3.967849
 144.054155 -3.923835
 144.563181 -3.976676
 145.072206 -3.894991
 145.581231 -3.993035
 146.090256 -3.957786
 146.599282 -3.918329
 147.108307 -3.928380
 147.617332 -3.971472
 148.126358 -3.998868
 148.635383 -3.969340
 149.144408 -4.010861
 149.653433 -4.003885
 150.162459 -3.989771
 150.671484 -3.958357
 151.180509 -3.970941
 151.689535 -3.966446
 152.198560 -3.930327
 152.707585 -3.896616
 153.216610 -3.912140
 153.725636 -3.987519
 154.234661 -4.035101
 154.743686 -3.929333
 155.252711 -3.969207
 155.761737 -4.010200
 156.270762 -3.975332
 156.779787 -3.947058
 157.288813 -3.936508
 157.797838 -3.964021
 158.306863 -3.959289
 158.815888 -3.933933
 159.324914 -3.993314
 159.833939 -4.001993
 160.342964 -3.889539
 160.851990 -3.931555
 161.361015 -4.032088
 161.870040 -4.016582
 162.379065 -3.946243
 162.888091 -3.906997
 163.397116 -3.923341
 163.906141 -3.951546
 164.415167 -4.024397
 164.924192 -3.999275
 165.433217 -3.929588
 165.942242 -3.914913
 166.451268 -3.962526
 166.960293 -3.998315
 167.469318 -3.992402
 167.978344 -3.913682
 168.487369 -3.993593
 168.996394 -3.954505
 169.505419 -3.942095
 170.014445 -3.966543
 170.523470 -3.984122
 171.032495 -3.950919
 171.541521 -3.971034
 172.050546 -3.940110
 172.559571 -3.953325
 173.068596 -3.952272
 173.577622 -4.001366
 174.086647 -3.960820
 174.595672 -3.977509
 175.104698 -3.920832
 175.613723 -3.985219
 176.122748 -4.017434
 176.631773 -3.991686
 177.140799 -3.942631
 177.649824 -3.884619
 178.158849 -3.954734
 178.667875 -4.024691
 179.176900 -4.016901
 179.685925 -3.966396
 180.194950 -3.874004
 180.703976 -3.920060
 181.213001 -4.050513
 181.722026 -3.978817
 182.231052 -3.895702
 182.740077 -3.943725
 183.249102 -3.959561
 183.758127 -3.973660
 184.267153 -3.916244
 184.776178 -4.009953
 185.285203 -3.933679
 185.794228 -3.916626
 186.303254 -3.981494
 186.812279 -3.989129
 187.321304 -3.956541
 187.830330 -3.953374
 188.339355 -3.927860
 188.848380 -3.927296
 189.357405 -3.991672
 189.866431 -4.077001
 190.375456 -3.940843
 190.884481 -3.901767
 191.393507 -3.887022
 191.902532 -4.007223
 192.411557 -3.986889
 192.920582 -3.954021
 193.429608 -3.870775
 193.938633 -3.973684
 194.447658 -3.971085
 194.956684 -3.956562
 195.465709 -3.945601
 195.974734 -3.977476
 196.483759 -4.009874
 196.992785 -4.009752
 197.501810 -3.898780
 198.010835 -3.894411
 198.519861 -4.032399
 199.028886 -4.059617
 199.537911 -3.898389
 200.046936 -3.877060
 200.555962 -4.038189
 201.064987 -3.981933
 201.574012 -3.897242
 202.083038 -3.938480
 202.592063 -4.030499
 203.101088 -3.983316
 203.610113 -3.907340
 204.119139 -3.925209
 204.628164 -3.976850
 205.137189 -4.004602
 205.646215 -3.949523
 206.155240 -3.963131
 206.664265 -3.987296
 207.173290 -4.020448
 207.682316 -3.977687
 208.191341 -3.883553
 208.700366 -3.975292
 209.209392 -3.993845
 209.718417 -3.940534
 210.227442 -3.959270
 210.736467 -3.999550
 211.245493 -3.964631
 211.754518 -3.991308
 212.263543 -3.966605
 212.772569 -3.904620
 213.281594 -3.973993
 213.790619 -3.982285
 214.299644 -3.971958
 214.808670 -3.924624
 215.317695 -3.929687
 215.826720 -3.934993
 216.335746 -3.950134
 216.844771 -3.959899
 217.353796 -3.982325
 217.862821 -3.983653
 218.371847 -3.902719
 218.880872 -3.961584
 219.389897 -3.955090
 219.898922 -3.962560
 220.407948 -3.935565
 220.916973 -3.909263
 221.425998 -3.957785
 221.935024 -3.936897
 222.444049 -3.920377
 222.953074 -4.013400
 223.462099 -3.969920
 223.971125 -3.935063
 224.480150 -3.904491
 224.989175 -3.954445
 225.498201 -4.048481
 226.007226 -4.050528
 226.516251 -3.954393
 227.025276 -3.928097
 227.534302 -3.989816
 228.043327 -4.020371
 228.552352 -3.953528
 229.061378 -3.938601
 229.570403 -3.987252
 230.079428 -3.963513
 230.588453 -3.942537
 231.097479 -3.953229
 231.606504 -4.001163
 232.115529 -3.994698
 232.624555 -3.935129
 233.133580 -3.924446
 233.642605 -3.931649
 234.151630 -4.000695
 234.660656 -4.025144
 235.169681 -3.934845
 235.678706 -3.957491
 236.187732 -3.945618
 236.696757 -3.988078
 237.205782 -4.021260
 237.714807 -4.002273
 238.223833 -3.934656
 238.732858 -3.976337
 239.241883 -3.973104
 239.750909 -3.961135
 240.259934 -3.984045
 240.768959 -3.979455
 241.277984 -3.948200
 241.787010 -3.947967
 242.296035 -3.878222
 242.805060 -3.883215
 243.314086 -4.015534
 243.823111 -4.016482
 244.332136 -3.946898
 244.841161 -3.945930
 245.350187 -3.975109
 245.859212 -3.954418
 246.368237 -3.987557
 246.877263 -3.991262
 247.386288 -3.965663
 247.895313 -3.973124
 248.404338 -3.923841
 248.913364 -3.980306
 249.422389 -4.003848
 249.931414 -3.950530
 250.440440 -3.932508
 250.949465 -3.978671
 251.458490 -4.009412
 251.967515 -3.996323
 252.476541 -3.936849
 252.985566 -3.948475
 253.494591 -4.022753
 254.003616 -3.953364
 254.512642 -3.901070
 255.021667 -3.999049
 255.530692 -4.029212
 256.039718 -3.976322
 256.548743 -3.901395
 257.057768 -3.908560
 257.566793 -3.981369
 258.075819 -3.957648
 258.584844 -3.956834
 259.093869 -4.013828
 259.602895 -3.933442
 260.111920 -3.894975
 260.620945 -3.980240
 261.129970 -3.982046
 261.638996 -3.956699
 262.148021 -4.005621
 262.657046 -3.894443
 263.166072 -3.903078
 263.675097 -3.979864
 264.184122 -3.939620
 264.693147 -3.988535
 265.202173 -4.002260
 265.711198 -4.008655
 266.220223 -4.021472
 266.729249 -3.911508
 267.238274 -3.895621
 267.747299 -4.023029
 268.256324 -4.006539
 268.765350 -3.920887
 269.274375 -3.950937
 269.783400 -3.966815
 270.292426 -3.966148
 270.801451 -3.972147
 271.310476 -3.973144
 271.819501 -3.986925
 272.328527 -3.960734
 272.837552 -3.972143
 273.346577 -3.911953
 273.855603 -3.967079
 274.364628 -4.033105
 274.873653 -3.985002
 275.382678 -3.909376
 275.891704 -3.926563
 276.400729 -3.960007
 276.909754 -3.977638
 277.418780 -3.964978
 277.927805 -3.929959
 278.436830 -4.000652
 278.945855 -3.983616
 279.454881 -3.934782
 279.963906 -3.871881
 280.472931 -3.954321
 280.981957 -4.036678
 281.490982 -4.035162
 282.000007 -3.954589
 282.509032 -3.888796
 283.018058 -3.938216
 283.527083 -3.979888
 284.036108 -3.977527
 284.545134 -3.976001
 285.054159 -3.939670
 285.563184 -3.900718
 286.072209 -3.969073
 286.581235 -3.972202
 287.090260 -3.982707
 287.599285 -3.912251
 288.108310 -3.915176
 288.617336 -3.988217
 289.126361 -3.998744
 289.635386 -3.932225
 290.144412 -3.964497
 290.653437 -3.969078
 291.162462 -3.984957
 291.671487 -3.948880
 292.180513 -3.953988
 292.689538 -3.953792
 293.198563 -3.930163
 293.707589 -4.005772
 294.216614 -3.953977
 294.725639 -3.923224
 295.234664 -3.931433
 295.743690 -3.965737
 296.252715 -3.955104
 296.761740 -3.921161
 297.270766 -3.951003
 297.779791 -3.976363
 298.288816 -3.926252
 298.797841 -3.918482
 299.306867 -3.945717
 299.815892 -3.989278
 300.324917 -3.948766
 300.833943 -3.909875
 301.342968 -3.946481
 301.851993 -3.954785
 302.361018 -3.972709
 302.870044 -4.005796
 303.379069 -3.942860
 303.888094 -3.892336
 304.397120 -3.986828
 304.906145 -3.946028
 305.415170 -3.944027
 305.924195 -3.940314
 306.433221 -3.944701
 306.942246 -3.982258
 307.451271 -3.944267
 307.960297 -3.882220
 308.469322 -3.974511
 308.978347 -4.074302
 309.487372 -3.987250
 309.996398 -3.956903
 310.505423 -3.920348
 311.014448 -4.046663
 311.523474 -4.010801
 312.032499 -3.895018
 312.541524 -3.859734
 313.050549 -3.966586
 313.559575 -4.001159
 314.068600 -3.974568
 314.577625 -3.964609
 315.086651 -3.991176
 315.595676 -3.977644
 316.104701 -3.952954
 316.613726 -3.959461
 317.122752 -3.960532
 317.631777 -3.894336
 318.140802 -3.971414
 318.649828 -3.962136
 319.158853 -3.982386
 319.667878 -3.968522
 320.176903 -3.899438
 320.685929 -3.978398
 321.194954 -3.983086
 321.703979 -3.982763
 322.213004 -3.966263
 322.722030 -3.914015
 323.231055 -3.972758
 323.740080 -3.986064
 324.249106 -3.971988
 324.758131 -3.988009
 325.267156 -4.016782
 325.776181 -3.901877
 326.285207 -3.948216
 326.794232 -4.035485
 327.303257 -3.992668
 327.812283 -3.970852
 328.321308 -3.919168
 328.830333 -3.939304
 329.339358 -3.959540
 329.848384 -3.990473
 330.357409 -3.950386
 330.866434 -3.908870
 331.375460 -3.983688
 331.884485 -3.971529
 332.393510 -3.945080
 332.902535 -3.944986
 333.411561 -3.974697
 333.920586 -3.954834
 334.429611 -3.942434
 334.938637 -3.952193
 335.447662 -3.925894
 335.956687 -3.938244
 336.465712 -3.977064
 336.974738 -3.971802
 337.483763 -3.913413
 337.992788 -3.916692
 338.501814 -4.036950
 339.010839 -4.025554
 339.519864 -3.905598
 340.028889 -3.905929
 340.537915 -3.978042
 341.046940 -4.007411
 341.555965 -3.929113
 342.064991 -3.996162
 342.574016 -3.957627
 343.083041 -3.939178
 343.592066 -3.895625
 344.101092 -3.963522
 344.610117 -4.006488
 345.119142 -3.996904
 345.628168 -3.900517
 346.137193 -3.948110
 346.646218 -3.973093
 347.155243 -4.024560
 347.664269 -3.942073
 348.173294 -3.855369
 348.682319 -4.027414
 349.191345 -4.075540
 349.700370 -3.967025
 350.209395 -3.878744
 350.718420 -3.983104
 351.227446 -4.010524
 351.736471 -3.964207
 352.245496 -3.951892
 352.754522 -3.983049
 353.263547 -3.983787
 353.772572 -3.990292
 354.281597 -3.914790
 354.790623 -3.962562
 355.299648 -3.977091
 355.808673 -3.988223
 356.317698 -3.946384
 356.826724 -4.024149
 357.335749 -4.033271
 357.844774 -3.957092
 358.353800 -3.919235
 358.862825 -3.987453
 359.371850 -3.976521
 359.880875 -3.944757
 360.389901 -3.955798
 360.898926 -4.001693
 361.407951 -3.950023
 361.916977 -3.965258
 362.426002 -3.981015
 362.935027 -3.908307
 363.444052 -3.876147
 363.953078 -3.998700
 364.462103 -4.048071
 364.971128 -4.000118
 365.480154 -3.984448
 365.989179 -3.965786
 366.498204 -3.945625
 367.007229 -3.959168
 367.516255 -3.873241
 368.025280 -3.946693
 368.534305 -3.960654
 369.043331 -3.981110
 369.552356 -4.007087
 370.061381 -3.959581
 370.570406 -3.948972
 371.079432 -3.944032
 371.588457 -3.975447
 372.097482 -3.979981
 372.606508 -3.929569
 373.115533 -3.968521
 373.624558 -3.990008
 374.133583 -3.922387
 374.642609 -3.966551
 375.151634 -3.997040
 375.660659 -3.993535
 376.169685 -3.927512
 376.678710 -3.975937
 377.187735 -3.926961
 377.696760 -3.891640
 378.205786 -3.961804
 378.714811 -4.034417
 379.223836 -3.948110
 379.732862 -3.940930
 380.241887 -3.884093
 380.750912 -3.976176
 381.259937 -4.029406
 381.768963 -3.939867
 382.277988 -3.925085
 382.787013 -3.954824
 383.296039 -4.010378
 383.805064 -4.009609
 384.314089 -3.919893
 384.823114 -3.958335
 385.332140 -3.903417
 385.841165 -3.917963
 386.350190 -3.969644
 386.859216 -3.989673
 387.368241 -3.922330
 387.877266 -3.919071
 388.386291 -3.965451
 388.895317 -3.920415
 389.404342 -3.935099
 389.913367 -4.003537
 390.422392 -4.028865
 390.931418 -3.867508
 391.440443 -3.855576
 391.949468 -3.975867
 392.458494 -4.031599
 392.967519 -3.952388
 393.476544 -3.941924
 393.985569 -4.004696
 394.494595 -3.939083
 395.003620 -3.951076
 395.512645 -3.993834
 396.021671 -3.991187
 396.530696 -3.924395
 397.039721 -3.941651
 397.548746 -3.941980
 398.057772 -3.907397
 398.566797 -3.943522
 399.075822 -3.969880
 399.584848 -3.978804
 400.093873 -3.933610
 400.602898 -3.939618
 401.111923 -3.974042
 401.620949 -3.984517
 402.129974 -3.921254
 402.638999 -3.977641
 403.148025 -3.985080
 403.657050 -3.970098
 404.166075 -3.955893
 404.675100 -3.930869
 405.184126 -3.930721
 405.693151 -3.941539
 406.202176 -3.937843
 406.711202 -3.981880
 407.220227 -3.981615
 407.729252 -3.911043
 408.238277 -3.902948
 408.747303 -3.994842
 409.256328 -3.971451
 409.765353 -3.879241
 410.274379 -3.908625
 410.783404 -4.006771
 411.292429 -4.021740
 411.801454 -3.898933
 412.310480 -3.900909
 412.819505 -4.001556
 413.328530 -4.014523
 413.837556 -3.942581
 414.346581 -3.974667
 414.855606 -3.980751
 415.364631 -4.044082
 415.873657 -3.939498
 416.382682 -3.923303
 416.891707 -4.043038
 417.400733 -3.968968
 417.909758 -3.909086
 418.418783 -3.950412
 418.927808 -3.988631
 419.436834 -4.071246
 419.945859 -3.946204
 420.454884 -3.924272
 420.963910 -3.975828
 421.472935 -4.001436
 421.981960 -3.948736
 422.490985 -3.942712
 423.000011 -3.946666
 423.509036 -3.927736
 424.018061 -3.982833
 424.527086 -3.967794
 425.036112 -3.974659
 425.545137 -4.027848
 426.054162 -3.926033
 426.563188 -3.917985
 427.072213 -3.988766
 427.581238 -4.043443
 428.090263 -3.997353
 428.599289 -3.999332
 429.108314 -3.957705
 429.617339 -3.913279
 430.126365 -3.934899
 430.635390 -4.015356
 431.144415 -3.952219
 431.653440 -3.884970
 432.162466 -3.874373
 432.671491 -3.972259
 433.180516 -4.073107
 433.689542 -4.031994
 434.198567 -3.897527
 434.707592 -3.857110
 435.216617 -3.942039
 435.725643 -4.019234
 436.234668 -4.034842
 436.743693 -3.916340
 437.252719 -3.939635
 437.761744 -3.996752
 438.270769 -3.982740
 438.779794 -3.963271
 439.288820 -3.941603
 439.797845 -3.960260
 440.306870 -3.984168
 440.815896 -3.924768
 441.324921 -3.972025
 441.833946 -4.020767
 442.342971 -3.943832
 442.851997 -3.896843
 443.361022 -3.915114
 443.870047 -4.001398
 444.379073 -3.975418
 444.888098 -3.961964
 445.397123 -3.967409
 445.906148 -3.957290
 446.415174 -3.990011
 446.924199 -3.952299
 447.433224 -3.948695
 447.942250 -3.987055
 448.451275 -3.960703
 448.960300 -3.884069
 449.469325 -3.943362
 449.978351 -4.017297
 450.487376 -3.991225
 450.996401 -3.938285
 451.505427 -3.943547
 452.014452 -3.961092
 452.523477 -3.937121
 453.032502 -3.964346
 453.541528 -3.980636
 454.050553 -3.968569
 454.559578 -3.950374
 455.068604 -3.995958
 455.577629 -3.997686
 456.086654 -3.899064
 456.595679 -3.921885
 457.104705 -3.998493
 457.613730 -4.004450
 458.122755 -3.958807
 458.631780 -3.961906
 459.140806 -3.932885
 459.649831 -3.966581
 460.158856 -3.935768
 460.667882 -3.913594
 461.176907 -3.976318
 461.685932 -4.021683
 462.194957 -3.974513
 462.703983 -3.915051
 463.213008 -3.931560
 463.722033 -3.984716
 464.231059 -3.970338
 464.740084 -3.936504
 465.249109 -3.980378
 465.758134 -3.970255
 466.267160 -3.992948
 466.776185 -3.979009
 467.285210 -3.975104
 467.794236 -3.927411
 468.303261 -3.912030
 468.812286 -3.982901
 469.321311 -4.021909
 469.830337 -3.829074
 470.339362 -3.888414
 470.848387 -3.941381
 471.357413 -4.002236
 471.866438 -4.035189
 472.375463 -3.892378
 472.884488 -3.907128
 473.393514 -4.084689
 473.902539 -4.008906
 474.411564 -3.832178
 474.920590 -3.848169
 475.429615 -3.955697
 475.938640 -4.030926
 476.447665 -4.017041
 476.956691 -3.901794
 477.465716 -3.907648
 477.974741 -3.945235
 478.483767 -3.977238
 478.992792 -3.957320
 479.501817 -3.924511
 480.010842 -3.950774
 480.519868 -3.949241
 481.028893 -3.953974
 481.537918 -3.928293
 482.046944 -3.979206
 482.555969 -4.003510
 483.064994 -3.934785
 483.574019 -3.924481
 484.083045 -3.948251
 484.592070 -3.948650
 485.101095 -3.995454
 485.610121 -3.959369
 486.119146 -3.965966
 486.628171 -3.980949
 487.137196 -3.905401
 487.646222 -3.933453
 488.155247 -3.963888
 488.664272 -3.985647
 489.173297 -3.965168
 489.682323 -3.943106
 490.191348 -3.948122
 490.700373 -3.924618
 491.209399 -4.007032
 491.718424 -4.016146
 492.227449 -3.994834
 492.736474 -3.955348
 493.245500 -3.966712
 493.754525 -3.946528
 494.263550 -3.982094
 494.772576 -3.952973
 495.281601 -3.928859
 495.790626 -3.922288
 496.299651 -3.943280
 496.808677 -3.948889
 497.317702 -3.997496
 497.826727 -3.960571
 498.335753 -3.927810
 498.844778 -3.960572
 499.353803 -4.004752
 499.862828 -3.965497
 500.371854 -3.970836
 500.880879 -3.952005
 501.389904 -4.007156
 501.898930 -3.960046
 502.407955 -3.949608
 502.916980 -3.981976
 503.426005 -3.994857
 503.935031 -3.967216
 504.444056 -3.957193
 504.953081 -3.902680
 505.462107 -3.995355
 505.971132 -4.000311
 506.480157 -3.913080
 506.989182 -3.969047
 507.498208 -3.989964
 508.007233 -3.897856
 508.516258 -3.903551
 509.025284 -4.002909
 509.534309 -4.001581
 510.043334 -3.960763
 510.552359 -3.902032
 511.061385 -3.932566
 511.570410 -4.030008
 512.079435 -3.991597
 512.588461 -3.980143
 513.097486 -3.929890
 513.606511 -3.925189
 514.115536 -3.982481
 514.624562 -3.980893
 515.133587 -3.933778
 515.642612 -3.971700
 516.151638 -4.022795
 516.660663 -3.949706
 517.169688 -3.885154
 517.678713 -3.925893
 518.187739 -3.967204
 518.696764 -4.000999
 519.205789 -3.987971
 519.714815 -3.929988
 520.223840 -4.023621
 520.732865 -4.032630
 521.241890 -3.958113
 521.750916 -3.890757
 522.259941 -3.921338
 522.768966 -4.042403
 523.277991 -4.042043
 523.787017 -3.948103
 524.296042 -3.907381
 524.805067 -3.906148
 525.314093 -3.998641
 525.823118 -3.987072
 526.332143 -3.958376
 526.841168 -3.907283
 527.350194 -3.945084
 527.859219 -3.983548
 528.368244 -3.903276
 528.877270 -3.981089
 529.386295 -3.966415
 529.895320 -3.897970
 530.404345 -3.947579
 530.913371 -4.023259
 531.422396 -3.970148
 531.931421 -3.990905
 532.440447 -3.929843
 532.949472 -3.872483
 533.458497 -3.910876
 533.967522 -4.029766
 534.476548 -3.988123
 534.985573 -3.910792
 535.494598 -3.884665
 536.003624 -3.960476
 536.512649 -4.034178
 537.021674 -3.994469
 537.530699 -3.965550
 538.039725 -3.969060
 538.548750 -3.928979
 539.057775 -3.935394
 539.566801 -3.977048
 540.075826 -3.976496
 540.584851 -3.950152
 541.093876 -3.942909
 541.602902 -3.920265
 542.111927 -3.922342
 542.620952 -3.966655
 543.129978 -4.008110
 543.639003 -3.969997
 544.148028 -3.986677
 544.657053 -3.933828
 545.166079 -3.964028
 545.675104 -3.917251
 546.184129 -3.938908
 546.693155 -4.051093
 547.202180 -3.966345
 547.711205 -3.936728
 548.220230 -3.963411
 548.729256 -3.962400
 549.238281 -3.981468
 549.747306 -3.928923
 550.256332 -3.896100
 550.765357 -3.936772
 551.274382 -3.985083
 551.783407 -3.935880
 552.292433 -3.954143
 552.801458 -3.918377
 553.310483 -4.025272
 553.819509 -4.060146
 554.328534 -3.948863
 554.837559 -3.904816
 555.346584 -3.888682
 555.855610 -3.959882
 556.364635 -4.008414
 556.873660 -3.938758
 557.382685 -3.948582
 557.891711 -3.899885
 558.400736 -3.939129
 558.909761 -3.982683
 559.418787 -4.027098
 559.927812 -3.979967
 560.436837 -3.949219
 560.945862 -3.956759
 561.454888 -4.018717
 561.963913 -3.970350
 562.472938 -3.936309
 562.981964 -3.957091
 563.490989 -3.943749
 564.000014 -3.990308
 564.509039 -3.981216
 565.018065 -3.966548
 565.527090 -3.944459
 566.036115 -3.934537
 566.545141 -3.928269
 567.054166 -4.028345
 567.563191 -4.001043
 568.072216 -3.928153
 568.581242 -3.922807
 569.090267 -3.965934
 569.599292 -3.991809
 570.108318 -3.976591
 570.617343 -4.004467
 571.126368 -3.981627
 571.635393 -4.002767
 572.144419 -3.949014
 572.653444 -3.946119
 573.162469 -3.929218
 573.671495 -3.943667
 574.180520 -3.941153
 574.689545 -3.964524
 575.198570 -3.973964
 575.707596 -4.022299
 576.216621 -3.965750
 576.725646 -3.915200
 577.234672 -3.945171
 577.743697 -3.990887
 578.252722 -4.012653
 578.761747 -3.961338
 579.270773 -3.907686
 579.779798 -3.942434
 580.288823 -3.941203
 580.797849 -4.035916
 581.306874 -3.992804
 581.815899 -3.927990
 582.324924 -3.949797
 582.833950 -3.979060
 583.342975 -3.993451
 583.852000 -3.966424
 584.361026 -3.925179
 584.870051 -3.940306
 585.379076 -3.975934
 585.888101 -4.002653
 586.397127 -4.004262
 586.906152 -3.980612
 587.415177 -3.909929
 587.924203 -3.884974
 588.433228 -3.993653
 588.942253 -4.052325
 589.451278 -3.939209
 589.960304 -3.898659
 590.469329 -3.929782
 590.978354 -4.000628
 591.487379 -3.996517
 591.996405 -3.959683
 592.505430 -3.889559
 593.014455 -3.976511
 593.523481 -3.948760
 594.032506 -3.965330
 594.541531 -3.981289
 595.050556 -3.965423
 595.559582 -3.973977
 596.068607 -4.021842
 596.577632 -3.978071
 597.086658 -3.960386
 597.595683 -3.925146
 598.104708 -3.992615
 598.613733 -4.025687
 599.122759 -3.877933
 599.631784 -3.897518
 600.140809 -4.032938
 600.649835 -4.031831
 601.158860 -3.939047
 601.667885 -3.888402
 602.176910 -4.013162
 602.685936 -3.976845
 603.194961 -3.943301
 603.703986 -4.046105
 604.213012 -3.935902
 604.722037 -3.903709
 605.231062 -3.941436
 605.740087 -3.995566
 606.249113 -3.955105
 606.758138 -3.965828
 607.267163 -3.975525
 607.776189 -3.910946
 608.285214 -3.952442
 608.794239 -4.000402
 609.303264 -4.007340
 609.812290 -3.963278
 610.321315 -3.955653
 610.830340 -3.981826
 611.339366 -3.943480
 611.848391 -3.957094
 612.357416 -4.012484
 612.866441 -3.956375
 613.375467 -3.952020
 613.884492 -3.972658
 614.393517 -4.016230
 614.902543 -3.929686
 615.411568 -3.972346
 615.920593 -3.981277
 616.429618 -3.929029
 616.938644 -3.921933
 617.447669 -3.960979
 617.956694 -3.997241
 618.465720 -3.949934
 618.974745 -3.945082
 619.483770 -3.901559
 619.992795 -3.925538
 620.501821 -4.006159
 621.010846 -3.952244
 621.519871 -3.942731
 622.028897 -3.923555
 622.537922 -4.004720
 623.046947 -4.003994
 623.555972 -3.987458
 624.064998 -3.923172
 624.574023 -3.917104
 625.083048 -3.986117
 625.592073 -4.013708
 626.101099 -3.956679
 626.610124 -3.899085
 627.119149 -3.894310
 627.628175 -3.989250
 628.137200 -4.018885
 628.646225 -3.874483
 629.155250 -3.911269
 629.664276 -4.047811
 630.173301 -4.019325
 630.682326 -4.007313
 631.191352 -3.930959
 631.700377 -3.950920
 632.209402 -4.010453
 632.718427 -3.953326
 633.227453 -3.919828
 633.736478 -3.994512
 634.245503 -3.973162
 634.754529 -3.968856
 635.263554 -3.944093
 635.772579 -3.934636
 636.281604 -4.014451
 636.790630 -3.957874
 637.299655 -3.960280
 637.808680 -3.956486
 638.317706 -3.938737
 638.826731 -3.970400
 639.335756 -3.960639
 639.844781 -3.954667
 640.353807 -3.976476
 640.862832 -3.997258
 641.371857 -3.981419
 641.880883 -3.923557
 642.389908 -4.008053
 642.898933 -3.949642
 643.407958 -3.934927
 643.916984 -3.936120
 644.426009 -3.951208
 644.935034 -3.948110
 645.444060 -3.961312
 645.953085 -3.968763
 646.462110 -3.961617
 646.971135 -3.975799
 647.480161 -3.973564
 647.989186 -3.943108
 648.498211 -3.971390
 649.007237 -3.957617
 649.516262 -3.898140
 650.025287 -3.921613
 650.534312 -3.992371
 651.043338 -3.992699
 651.552363 -3.928029
 652.061388 -3.883473
 652.570414 -3.953191
 653.079439 -4.049985
 653.588464 -3.964897
 654.097489 -3.914842
 654.606515 -3.979022
 655.115540 -4.023671
 655.624565 -3.938675
 656.133591 -3.923887
 656.642616 -3.992855
 657.151641 -4.012314
 657.660666 -3.967572
 658.169692 -3.960678
 658.678717 -3.892514
 659.187742 -3.949828
 659.696767 -4.055001
 660.205793 -4.007958
 660.714818 -3.915910
 661.223843 -3.846050
 661.732869 -4.012047
 662.241894 -4.070963
 662.750919 -3.901734
 663.259944 -3.861597
 663.768970 -3.934723
 664.277995 -4.025626
 664.787020 -3.994530
 665.296046 -3.892591
 665.805071 -3.893303
 666.314096 -3.985463
 666.823121 -4.047001
 667.332147 -4.003022
 667.841172 -3.927757
 668.350197 -3.951335
 668.859223 -3.987037
 669.368248 -3.956410
 669.877273 -3.982333
 670.386298 -4.017041
 670.895324 -4.002182
 671.404349 -3.911276
 671.913374 -3.942927
 672.422400 -4.011763
 672.931425 -3.992314
 673.440450 -3.935873
 673.949475 -3.963538
 674.458501 -4.033722
 674.967526 -4.001142
 675.476551 -3.910397
 675.985577 -3.966158
 676.494602 -4.015778
 677.003627 -3.952697
 677.512652 -3.890921
 678.021678 -3.987314
 678.530703 -4.019953
 679.039728 -4.033268
 679.548754 -4.017527
 680.057779 -3.873864
 680.566804 -3.866315
 681.075829 -3.989414
 681.584855 -3.976104
 682.093880 -3.972522
 682.602905 -3.901474
 683.111931 -3.944332
 683.620956 -4.004483
 684.129981 -3.988291
 684.639006 -3.901361
 685.148032 -3.962272
 685.657057 -4.007114
 686.166082 -3.969868
 686.675108 -3.933512
 687.184133 -3.921946
 687.693158 -3.988124
 688.202183 -3.972650
 688.711209 -3.979996
 689.220234 -4.078488
 689.729259 -3.984516
 690.238285 -3.963802
 690.747310 -3.921561
 691.256335 -3.958935
 691.765360 -3.996988
 692.274386 -3.949819
 692.783411 -3.944754
 693.292436 -3.968875
 693.801461 -3.971317
 694.310487 -3.923410
 694.819512 -4.006554
 695.328537 -3.972713
 695.837563 -3.918844
 696.346588 -3.948846
 696.855613 -4.048387
 697.364638 -3.986985
 697.873664 -3.880471
 698.382689 -3.895577
 698.891714 -4.008023
 699.400740 -4.022442
 699.909765 -3.932884
 700.418790 -3.883108
 700.927815 -4.019069
 701.436841 -4.073667
 701.945866 -3.939056
 702.454891 -3.814456
 702.963917 -3.949774
 703.472942 -4.000635
 703.981967 -3.963645
 704.490992 -3.969299
 705.000018 -3.922000
 705.509043 -3.869352
 706.018068 -3.992579
 706.527094 -4.017401
 707.036119 -3.975097
 707.545144 -3.906221
 708.054169 -3.923245
 708.563195 -3.977745
 709.072220 -3.986310
 709.581245 -3.955985
 710.090271 -3.979217
 710.599296 -3.994411
 711.108321 -3.984669
 711.617346 -3.969832
 712.126372 -3.898252
 712.635397 -3.880149
 713.144422 -3.934518
 713.653448 -4.026684
 714.162473 -3.986833
 714.671498 -3.856638
 715.180523 -3.877964
 715.689549 -3.973026
 716.198574 -4.037848
 716.707599 -3.921559
 717.216625 -3.913658
 717.725650 -3.964117
 718.234675 -3.975994
 718.743700 -3.892480
 719.252726 -3.949947
 719.761751 -4.067866
 720.270776 -3.979124
 720.779802 -3.895028
 721.288827 -3.962183
 721.797852 -4.037703
 722.306877 -4.066535
 722.815903 -3.953550
 723.324928 -3.909994
 723.833953 -3.950390
 724.342979 -3.956876
 724.852004 -3.968412
 725.361029 -3.965945
 725.870054 -3.958279
 726.379080 -3.995244
 726.888105 -4.016228
 727.397130 -3.944643
 727.906155 -3.923148
 728.415181 -3.989165
 728.924206 -4.025637
 729.433231 -3.921442
 729.942257 -3.919771
 730.451282 -3.983542
 730.960307 -3.951991
 731.469332 -3.889183
 731.978358 -3.934681
 732.487383 -4.026511
 732.996408 -3.989190
 733.505434 -3.917717
 734.014459 -3.923814
 734.523484 -4.013849
 735.032509 -4.053503
 735.541535 -3.927946
 736.050560 -3.896378
 736.559585 -3.951975
 737.068611 -3.977656
 737.577636 -3.988231
 738.086661 -3.956915
 738.595686 -3.916567
 739.104712 -3.946828
 739.613737 -3.984464
 740.122762 -3.928156
 740.631788 -3.972072
 741.140813 -3.976953
 741.649838 -3.939531
 742.158863 -3.939445
 742.667889 -3.975088
 743.176914 -3.988899
 743.685939 -3.986278
 744.194965 -3.926944
 744.703990 -3.917269
 745.213015 -4.008831
 745.722040 -3.975162
 746.231066 -3.882754
 746.740091 -3.956037
 747.249116 -4.028167
 747.758142 -3.993912
 748.267167 -3.894389
 748.776192 -3.904694
 749.285217 -3.992272
 749.794243 -3.978363
 750.303268 -3.945171
 750.812293 -3.922147
 751.321319 -3.948391
 751.830344 -3.984389
 752.339369 -3.975541
 752.848394 -3.911320
 753.357420 -3.932206
 753.866445 -3.961056
 754.375470 -4.007910
 754.884496 -3.972312
 755.393521 -3.978299
 755.902546 -3.940618
 756.411571 -3.930055
 756.920597 -3.950150
 757.429622 -3.963633
 757.938647 -3.999169
 758.447673 -3.968296
 758.956698 -3.902844
 759.465723 -3.917018
 759.974748 -3.967325
 760.483774 -3.938878
 760.992799 -4.059333
 761.501824 -4.014882
 762.010849 -3.897092
 762.519875 -3.923844
 763.028900 -4.010645
 763.537925 -4.000439
 764.046951 -3.950350
 764.555976 -3.908721
 765.065001 -3.953869
 765.574026 -4.007758
 766.083052 -3.973993
 766.592077 -4.004829
 767.101102 -4.001259
 767.610128 -3.951811
 768.119153 -3.915220
 768.628178 -3.969755
 769.137203 -3.982675
 769.646229 -3.892584
 770.155254 -3.922812
 770.664279 -3.974771
 771.173305 -3.973493
 771.682330 -3.898344
 772.191355 -3.950909
 772.700380 -3.979241
 773.209406 -3.946504
 773.718431 -3.996628
 774.227456 -4.005650
 774.736482 -3.981087
 775.245507 -3.973430
 775.754532 -3.974622
 776.263557 -4.009023
 776.772583 -3.947346
 777.281608 -3.894788
 777.790633 -3.954309
 778.299659 -3.973313
 778.808684 -4.006508
 779.317709 -3.992772
 779.826734 -3.934631
 780.335760 -3.903296
 780.844785 -3.967991
 781.353810 -4.033384
 781.862836 -3.956065
 782.371861 -3.906850
 782.880886 -3.959112
 783.389911 -4.023742
 783.898937 -3.946055
 784.407962 -3.896027
 784.916987 -3.999074
 785.426013 -3.995325
 785.935038 -3.946324
 786.444063 -3.964036
 786.953088 -3.963290
 787.462114 -3.963895
 787.971139 -3.939897
 788.480164 -3.972781
 788.989190 -3.967759
 789.498215 -3.901361
 790.007240 -4.000859
 790.516265 -4.025704
 791.025291 -3.934172
 791.534316 -3.834316
 792.043341 -4.009408
 792.552366 -4.028229
 793.061392 -3.986004
 793.570417 -3.955986
 794.079442 -4.003639
 794.588468 -3.994663
 795.097493 -3.951005
 795.606518 -3.969543
 796.115543 -3.948507
 796.624569 -3.967303
 797.133594 -3.961451
 797.642619 -3.946438
 798.151645 -3.946126
 798.660670 -4.039387
 799.169695 -3.964256
 799.678720 -3.893817
 800.187746 -3.974555
 800.696771 -4.036076
 801.205796 -3.974244
 801.714822 -3.917136
 802.223847 -3.962993
 802.732872 -3.998598
 803.241897 -3.987505
 803.750923 -3.967638
 804.259948 -3.914117
 804.768973 -3.954319
 805.277999 -4.044283
 805.787024 -3.960252
 806.296049 -3.893817
 806.805074 -3.955349
 807.314100 -4.055230
 807.823125 -3.914113
 808.332150 -3.940718
 808.841176 -4.008694
 809.350201 -3.926752
 809.859226 -3.880697
 810.368251 -4.005392
 810.877277 -4.055751
 811.386302 -3.961813
 811.895327 -3.965236
 812.404353 -4.005314
 812.913378 -3.967038
 813.422403 -3.959161
 813.931428 -3.973677
 814.440454 -3.945728
 814.949479 -3.913308
 815.458504 -3.890929
 815.967530 -4.027304
 816.476555 -4.037193
 816.985580 -3.901675
 817.494605 -3.947454
 818.003631 -4.026901
 818.512656 -3.981004
 819.021681 -3.891948
 819.530707 -3.928842
 820.039732 -4.058081
 820.548757 -4.026808
 821.057782 -3.879093
 821.566808 -3.914741
 822.075833 -4.010517
 822.584858 -4.001155
 823.093884 -3.895168
 823.602909 -3.927209
 824.111934 -4.008952
 824.620959 -3.992645
 825.129985 -3.993405
 825.639010 -3.946048
 826.148035 -3.910050
 826.657060 -3.885291
 827.166086 -4.026743
 827.675111 -4.042117
 828.184136 -3.895651
 828.693162 -3.908453
 829.202187 -4.016360
 829.711212 -4.013222
 830.220237 -3.942859
 830.729263 -3.918472
 831.238288 -3.937792
 831.747313 -3.977631
 832.256339 -4.042137
 832.765364 -3.950998
 833.274389 -3.927215
 833.783414 -3.943261
 834.292440 -3.967234
 834.801465 -3.994135
 835.310490 -3.992097
 835.819516 -3.962864
 836.328541 -3.960606
 836.837566 -3.979299
 837.346591 -3.952035
 837.855617 -3.943193
 838.364642 -3.967767
 838.873667 -3.961003
 839.382693 -4.020987
 839.891718 -3.955601
 840.400743 -3.874857
 840.909768 -3.936397
 841.418794 -4.047785
 841.927819 -4.037388
 842.436844 -3.931975
 842.945870 -3.963238
 843.454895 -3.967992
 843.963920 -3.943324
 844.472945 -3.982709
 844.981971 -3.981352
 845.490996 -3.977122
 846.000021 -3.944525
 846.509047 -3.980069
 847.018072 -3.995604
 847.527097 -3.936388
 848.036122 -3.932371
 848.545148 -3.933595
 849.054173 -3.977089
 849.563198 -3.987012
 850.072224 -3.975198
 850.581249 -3.985322
 851.090274 -3.963568
 851.599299 -3.966426
 852.108325 -4.031014
 852.617350 -3.949154
 853.126375 -3.894668
 853.635401 -3.954450
 854.144426 -3.974469
 854.653451 -3.954332
 855.162476 -3.926836
 855.671502 -3.963458
 856.180527 -3.950874
 856.689552 -3.971979
 857.198578 -3.960761
 857.707603 -4.001245
 858.216628 -3.985567
 858.725653 -3.956440
 859.234679 -3.970203
 859.743704 -3.977199
 860.252729 -3.989411
 860.761754 -3.970301
 861.270780 -3.951517
 861.779805 -3.904217
 862.288830 -3.921534
 862.797856 -4.019388
 863.306881 -4.006216
 863.815906 -3.985381
 864.324931 -3.958127
 864.833957 -3.936746
 865.342982 -3.952485
 865.852007 -4.019009
 866.361033 -3.992167
 866.870058 -3.962114
 867.379083 -3.952694
 867.888108 -3.955913
 868.397134 -3.989760
 868.906159 -3.957855
 869.415184 -3.925049
 869.924210 -3.903286
 870.433235 -3.959323
 870.942260 -4.018109
 871.451285 -4.020727
 871.960311 -3.890488
 872.469336 -3.921774
 872.978361 -4.002923
 873.487387 -4.008405
 873.996412 -3.949732
 874.505437 -3.956139
 875.014462 -3.957464
 875.523488 -3.948505
 876.032513 -4.045814
 876.541538 -3.978557
 877.050564 -3.912121
 877.559589 -3.945845
 878.068614 -3.943437
 878.577639 -3.994086
 879.086665 -3.956121
 879.595690 -3.938931
 880.104715 -3.933826
 880.613741 -3.961705
 881.122766 -3.964609
 881.631791 -3.983286
 882.140816 -3.988154
 882.649842 -3.927768
 883.158867 -3.956645
 883.667892 -3.974977
 884.176918 -3.956200
 884.685943 -3.860490
 885.194968 -3.925243
 885.703993 -4.010139
 886.213019 -3.991407
 886.722044 -3.989785
 887.231069 -3.932833
 887.740095 -3.896100
 888.249120 -3.908316
 888.758145 -3.967793
 889.267170 -4.010016
 889.776196 -3.912860
 890.285221 -3.884140
 890.794246 -4.017461
 891.303272 -4.106114
 891.812297 -3.934231
 892.321322 -3.864793
 892.830347 -3.950921
 893.339373 -4.020831
 893.848398 -3.953881
 894.357423 -3.938638
 894.866448 -3.939362
 895.375474 -3.991776
 895.884499 -3.978149
 896.393524 -3.928728
 896.902550 -3.950534
 897.411575 -3.998687
 897.920600 -3.949590
 898.429625 -3.977245
 898.938651 -4.021114
 899.447676 -3.965773
 899.956701 -3.986736
 900.465727 -3.990793
 900.974752 -3.923941
 901.483777 -3.953823
 901.992802 -4.050832
 902.501828 -3.971222
 903.010853 -3.932963
 903.519878 -3.913274
 904.028904 -3.976884
 904.537929 -4.020607
 905.046954 -3.940553
 905.555979 -3.930320
 906.065005 -3.997683
 906.574030 -3.979760
 907.083055 -3.918851
 907.592081 -3.965372
 908.101106 -3.997549
 908.610131 -3.918590
 909.119156 -3.957606
 909.628182 -4.009549
 910.137207 -3.980962
 910.646232 -3.918607
 911.155258 -3.941877
 911.664283 -3.937896
 912.173308 -3.968038
 912.682333 -4.007751
 913.191359 -3.976771
 913.700384 -3.890574
 914.209409 -3.983374
 914.718435 -4.034583
 915.227460 -3.957594
 915.736485 -3.912141
 916.245510 -3.930663
 916.754536 -4.010567
 917.263561 -3.956267
 917.772586 -3.912149
 918.281612 -3.962211
 918.790637 -4.010056
 919.299662 -3.986589
 919.808687 -3.954741
 920.317713 -3.968953
 920.826738 -3.934185
 921.335763 -3.918335
 921.844789 -3.973109
 922.353814 -4.004284
 922.862839 -3.969782
 923.371864 -3.928124
 923.880890 -3.975181
 924.389915 -3.985339
 924.898940 -3.979584
 925.407966 -3.959905
 925.916991 -3.947480
 926.426016 -3.975227
 926.935041 -3.999396
 927.444067 -3.993610
 927.953092 -3.981800
 928.462117 -3.944157
 928.971142 -3.928450
 929.480168 -3.957294
 929.989193 -3.957589
 930.498218 -3.947794
 931.007244 -3.915784
 931.516269 -3.906178
 932.025294 -3.975250
 932.534319 -3.992279
 933.043345 -3.955450
 933.552370 -3.960797
 934.061395 -3.914091
 934.570421 -3.978152
 935.079446 -3.996157
 935.588471 -4.003690
 936.097496 -3.971075
 936.606522 -3.913759
 937.115547 -3.962567
 937.624572 -3.959475
 938.133598 -3.954876
 938.642623 -3.942512
 939.151648 -3.967146
 939.660673 -3.974792
 940.169699 -3.994237
 940.678724 -3.967900
 941.187749 -3.949533
 941.696775 -3.936032
 942.205800 -3.943289
 942.714825 -3.966742
 943.223850 -3.987912
 943.732876 -3.977060
 944.241901 -3.921604
 944.750926 -4.000184
 945.259952 -3.990310
 945.768977 -3.983562
 946.278002 -3.982727
 946.787027 -3.944921
 947.296053 -3.947692
 947.805078 -3.962759
 948.314103 -3.950904
 948.823129 -3.987953
 949.332154 -3.924905
 949.841179 -3.955336
 950.350204 -4.010852
 950.859230 -3.941574
 951.368255 -3.928190
 951.877280 -4.041702
 952.386306 -4.031575
 952.895331 -3.927071
 953.404356 -3.962840
 953.913381 -3.986591
 954.422407 -4.003961
 954.931432 -3.954966
 955.440457 -3.921739
 955.949483 -3.875052
 956.458508 -3.929648
 956.967533 -4.023963
 957.476558 -4.005594
 957.985584 -3.933420
 958.494609 -3.924306
 959.003634 -4.003245
 959.512660 -3.941652
 960.021685 -3.916109
 960.530710 -3.956576
 961.039735 -4.005248
 961.548761 -3.953423
 962.057786 -3.927626
 962.566811 -3.958637
 963.075836 -3.977595
 963.584862 -4.003694
 964.093887 -3.992150
 964.602912 -3.942505
 965.111938 -3.929937
 965.620963 -3.917742
 966.129988 -3.998971
 966.639013 -3.897189
 967.148039 -3.946520
 967.657064 -3.973373
 968.166089 -3.908561
 968.675115 -3.988894
 969.184140 -4.006120
 969.693165 -3.953056
 970.202190 -3.890957
 970.711216 -4.016304
 971.220241 -4.063780
 971.729266 -3.975215
 972.238292 -3.929051
 972.747317 -3.993165
 973.256342 -3.989357
 973.765367 -3.966252
 974.274393 -3.987512
 974.783418 -4.005681
 975.292443 -4.015763
 975.801469 -3.903617
 976.310494 -3.894821
 976.819519 -4.006890
 977.328544 -3.993825
 977.837570 -3.971782
 978.346595 -3.906418
 978.855620 -3.994498
 979.364646 -3.952694
 979.873671 -3.972327
 980.382696 -4.010301
 980.891721 -3.998456
 981.400747 -3.976127
 981.909772 -3.985794
 982.418797 -3.960748
 982.927823 -3.928370
 983.436848 -3.914151
 983.945873 -3.965997
 984.454898 -4.016382
 984.963924 -3.995747
 985.472949 -4.017602
 985.981974 -3.957644
 986.491000 -3.911028
 987.000025 -3.977150
 987.509050 -4.039396
 988.018075 -3.965185
 988.527101 -3.874578
 989.036126 -3.893769
 989.545151 -4.027719
 990.054177 -4.068397
 990.563202 -3.883085
 991.072227 -3.903263
 991.581252 -3.981556
 992.090278 -3.981571
 992.599303 -3.965251
 993.108328 -3.959788
 993.617354 -3.926442
 994.126379 -4.047974
 994.635404 -3.981401
 995.144429 -3.861903
 995.653455 -3.869009
 996.162480 -3.934866
 996.671505 -4.048864
 997.180530 -4.000455
 997.689556 -3.886398
 998.198581 -3.878618
 998.707606 -3.984254
 999.216632 -4.048749
 999.725657 -4.002012
 1000.234682 -3.928783
 1000.743707 -3.924967
 1001.252733 -3.957565
 1001.761758 -3.941519
 1002.270783 -4.027915
 1002.779809 -4.003363
 1003.288834 -3.929347
 1003.797859 -3.942516
 1004.306884 -3.993574
 1004.815910 -3.976373
 1005.324935 -3.937445
 1005.833960 -3.941525
 1006.342986 -3.966799
 1006.852011 -4.013318
 1007.361036 -3.971310
 1007.870061 -3.965474
 1008.379087 -3.990989
 1008.888112 -3.958310
 1009.397137 -3.975553
 1009.906163 -3.951088
 1010.415188 -3.959041
 1010.924213 -3.987768
 1011.433238 -4.006664
 1011.942264 -3.976952
 1012.451289 -3.918664
 1012.960314 -3.928361
 1013.469340 -3.973320
 1013.978365 -4.013975
 1014.487390 -3.973772
 1014.996415 -4.000941
 1015.505441 -3.980337
 1016.014466 -3.955792
 1016.523491 -3.952314
 1017.032517 -3.963394
 1017.541542 -3.990433
 1018.050567 -3.936382
