#! FIELDS time cv
 0.000000 -2.796270
 0.509025 -2.874439
 1.018051 -3.009490
 1.527076 -2.934760
 2.036101 -2.861102
 2.545126 -2.924745
 3.054152 -2.982432
 3.563177 -2.927431
 4.072202 -2.865445
 4.581228 -2.918326
 5.090253 -2.903085
 5.599278 -2.912128
 6.108303 -2.969046
 6.617329 -2.938411
 7.126354 -2.907536
 7.635379 -2.926889
 8.144405 -3.001540
 8.653430 -2.921442
 9.162455 -2.869351
 9.671480 -2.905402
 10.180506 -2.992878
 10.689531 -2.959185
 11.198556 -2.912398
 11.707582 -2.898895
 12.216607 -2.948903
 12.725632 -2.940780
 13.234657 -2.911515
 13.743683 -2.948371
 14.252708 -2.939704
 14.761733 -2.871513
 15.270759 -2.900937
 15.779784 -2.925931
 16.288809 -2.896824
 16.797834 -2.915908
 17.306860 -2.953563
 17.815885 -2.937141
 18.324910 -2.960394
 18.833935 -2.892510
 19.342961 -2.954245
 19.851986 -2.971713
 20.361011 -2.957909
 20.870037 -2.924289
 21.379062 -2.881964
 21.888087 -2.894700
 22.397112 -2.924428
 22.906138 -2.935904
 23.415163 -2.933923
 23.924188 -2.929504
 24.433214 -2.927508
 24.942239 -2.924370
 25.451264 -2.958360
 25.960289 -2.958765
 26.469315 -2.919899
 26.978340 -2.873212
 27.487365 -2.979618
 27.996391 -2.939106
 28.505416 -2.868174
 29.014441 -2.972985
 29.523466 -2.959045
 30.032492 -2.851842
 30.541517 -2.854241
 31.050542 -2.972705
 31.559568 -2.952695
 32.068593 -2.891733
 32.577618 -2.938046
 33.086643 -2.920576
 33.595669 -2.928893
 34.104694 -2.913631
 34.613719 -2.914415
 35.122745 -2.992668
 35.631770 -2.929997
 36.140795 -2.881585
 36.649820 -2.930892
 37.158846 -3.008427
 37.667871 -2.994314
 38.176896 -2.916034
 38.685922 -2.913256
 39.194947 -2.988668
 39.703972 -2.908034
 40.212997 -2.886941
 40.722023 -2.934668
 41.231048 -2.913875
 41.740073 -2.954194
 42.249099 -2.888348
 42.758124 -2.850463
 43.267149 -2.876020
 43.776174 -3.004966
 44.285200 -2.948552
 44.794225 -2.824220
 45.303250 -2.896531
 45.812276 -3.014612
 46.321301 -2.944789
 46.830326 -2.894101
 47.339351 -2.964431
 47.848377 -2.888687
 48.357402 -2.900962
 48.866427 -2.937096
 49.375453 -2.932875
 49.884478 -2.874918
 50.393503 -2.918017
 50.902528 -3.026668
 51.411554 -2.919100
 51.920579 -2.852559
 52.429604 -2.998923
 52.938629 -2.980873
 53.447655 -2.860942
 53.956680 -2.920200
 54.465705 -2.984716
 54.974731 -2.885423
 55.483756 -2.943432
 55.992781 -2.935847
 56.501806 -2.909912
 57.010832 -2.946980
 57.519857 -2.942144
 58.028882 -2.861092
 58.537908 -2.948512
 59.046933 -2.898103
 59.555958 -2.883438
 60.064983 -2.980082
 60.574009 -2.981058
 61.083034 -2.880415
 61.592059 -2.919366
 62.101085 -2.932628
 62.610110 -2.917775
 63.119135 -2.926069
 63.628160 -2.945793
 64.137186 -2.949624
 64.646211 -2.884088
 65.155236 -2.919905
 65.664262 -2.944556
 66.173287 -2.913463
 66.682312 -2.918021
 67.191337 -2.906980
 67.700363 -2.914743
 68.209388 -2.876822
 68.718413 -2.974696
 69.227439 -2.959625
 69.736464 -2.852729
 70.245489 -2.899060
 70.754514 -2.972995
 71.263540 -2.912430
 71.772565 -2.869693
 72.281590 -2.921583
 72.790616 -2.995092
 73.299641 -2.953433
 73.808666 -2.870779
 74.317691 -2.908665
 74.826717 -2.919601
 75.335742 -2.941599
 75.844767 -2.877368
 76.353793 -2.896539
 76.862818 -2.944856
 77.371843 -2.970898
 77.880868 -2.958367
 78.389894 -2.904594
 78.898919 -2.925656
 79.407944 -3.002184
 79.916970 -2.896085
 80.425995 -2.857654
 80.935020 -2.922486
 81.444045 -2.924583
 81.953071 -2.900113
 82.462096 -2.898365
 82.971121 -2.918259
 83.480147 -2.911939
 83.989172 -2.882170
 84.498197 -2.953036
 85.007222 -2.958627
 85.516248 -2.897864
 86.025273 -2.836028
 86.534298 -2.970460
 87.043323 -2.989556
 87.552349 -2.897070
 88.061374 -2.856767
 88.570399 -2.908313
 89.079425 -2.957649
 89.588450 -2.929548
 90.097475 -2.949659
 90.606500 -2.865687
 91.115526 -2.894192
 91.624551 -2.965981
 92.133576 -2.904785
 92.642602 -2.902595
 93.151627 -2.930777
 93.660652 -2.943696
 94.169677 -2.897200
 94.678703 -2.942507
 95.187728 -2.996723
 95.696753 -2.925472
 96.205779 -2.931514
 96.714804 -2.927782
 97.223829 -2.887598
 97.732854 -2.908415
 98.241880 -2.972089
 98.750905 -2.835343
 99.259930 -2.881725
 99.768956 -2.949793
 100.277981 -2.986063
 100.787006 -2.892405
 101.296031 -2.920453
 101.805057 -2.878756
 102.314082 -2.918453
 102.823107 -2.988961
 103.332133 -2.971623
 103.841158 -2.889849
 104.350183 -2.880664
 104.859208 -2.966599
 105.368234 -2.938572
 105.877259 -2.862019
 106.386284 -2.930018
 106.895310 -3.035903
 107.404335 -2.908749
 107.913360 -2.851045
 108.422385 -2.923267
 108.931411 -3.023381
 109.440436 -2.886715
 109.949461 -2.899173
 110.458487 -2.921585
 110.967512 -2.907884
 111.476537 -2.905681
 111.985562 -2.925793
 112.494588 -3.000306
 113.003613 -2.930798
 113.512638 -2.851195
 114.021664 -2.917742
 114.530689 -2.989229
 115.039714 -2.992321
 115.548739 -2.885247
 116.057765 -2.892467
 116.566790 -2.945800
 117.075815 -2.944187
 117.584841 -2.921265
 118.093866 -2.892397
 118.602891 -2.984741
 119.111916 -2.918555
 119.620942 -2.914875
 120.129967 -3.000752
 120.638992 -2.948820
 121.148017 -2.881729
 121.657043 -2.927152
 122.166068 -2.939863
 122.675093 -2.913835
 123.184119 -2.871526
 123.693144 -2.866465
 124.202169 -2.963695
 124.711194 -2.955935
 125.220220 -2.885175
 125.729245 -2.881663
 126.238270 -2.940081
 126.747296 -2.958017
 127.256321 -2.917758
 127.765346 -2.887828
 128.274371 -2.865806
 128.783397 -2.925630
 129.292422 -2.941873
 129.801447 -2.934299
 130.310473 -2.948151
 130.819498 -2.927879
 131.328523 -2.891263
 131.837548 -2.958888
 132.346574 -2.912812
 132.855599 -2.899241
 133.364624 -2.932830
 133.873650 -3.021982
 134.382675 -2.883005
 134.891700 -2.872307
 135.400725 -2.950453
 135.909751 -2.923958
 136.418776 -2.916736
 136.927801 -2.942293
 137.436827 -2.850528
 137.945852 -2.873687
 138.454877 -2.929446
 138.963902 -2.947747
 139.472928 -2.907162
 139.981953 -2.915378
 140.490978 -2.901782
 141.000004 -2.959091
 141.509029 -2.917689
 142.018054 -2.890116
 142.527079 -2.925292
 143.036105 -2.899951
 143.545130 -2.917241
 144.054155 -2.972858
 144.563181 -2.855589
 145.072206 -2.864325
 145.581231 -3.009526
 146.090256 -2.906281
 146.599282 -2.928599
 147.108307 -2.924214
 147.617332 -2.820659
 148.126358 -2.966436
 148.635383 -2.993578
 149.144408 -2.856744
 149.653433 -2.940501
 150.162459 -2.935870
 150.671484 -2.949596
 151.180509 -2.934200
 151.689535 -2.911783
 152.198560 -2.921015
 152.707585 -2.844930
 153.216610 -2.952411
 153.725636 -2.944625
 154.234661 -2.883108
 154.743686 -2.989298
 155.252711 -2.927952
 155.761737 -2.881926
 156.270762 -2.898706
 156.779787 -2.948158
 157.288813 -2.993407
 157.797838 -2.944221
 158.306863 -2.919396
 158.815888 -2.837173
 159.324914 -2.891108
 159.833939 -3.014427
 160.342964 -2.908611
 160.851990 -2.862870
 161.361015 -2.885615
 161.870040 -2.928241
 162.379065 -2.877912
 162.888091 -2.929626
 163.397116 -2.999616
 163.906141 -2.956240
 164.415167 -2.886509
 164.924192 -2.855028
 165.433217 -2.876164
 165.942242 -2.984641
 166.451268 -2.984788
 166.960293 -2.912758
 167.469318 -2.938920
 167.978344 -2.938154
 168.487369 -2.955294
 168.996394 -2.937490
 169.505419 -2.856709
 170.014445 -2.983250
 170.523470 -2.968284
 171.032495 -2.867098
 171.541521 -2.942603
 172.050546 -2.989773
 172.559571 -2.895460
 173.068596 -2.897863
 173.577622 -3.003072
 174.086647 -2.929666
 174.595672 -2.820295
 175.104698 -2.977191
 175.613723 -2.937434
 176.122748 -2.901714
 176.631773 -2.871341
 177.140799 -2.925636
 177.649824 -2.914416
 178.158849 -2.944686
 178.667875 -2.931307
 179.176900 -2.991448
 179.685925 -2.922942
 180.194950 -2.901343
 180.703976 -2.965285
 181.213001 -2.945858
 181.722026 -2.949740
 182.231052 -2.902732
 182.740077 -2.908186
 183.249102 -2.924802
 183.758127 -2.961334
 184.267153 -2.921579
 184.776178 -2.952219
 185.285203 -2.973597
 185.794228 -2.981449
 186.303254 -2.814797
 186.812279 -2.895349
 187.321304 -3.026060
 187.830330 -2.952378
 188.339355 -2.922694
 188.848380 -2.917131
 189.357405 -2.900945
 189.866431 -2.979955
 190.375456 -2.982168
 190.884481 -2.915539
 191.393507 -2.937064
 191.902532 -2.954059
 192.411557 -2.870044
 192.920582 -2.901494
 193.429608 -2.987176
 193.938633 -2.952051
 194.447658 -2.870722
 194.956684 -2.916827
 195.465709 -2.943570
 195.974734 -2.922150
 196.483759 -2.895081
 196.992785 -2.980748
 197.501810 -2.916497
 198.010835 -2.930354
 198.519861 -2.906598
 199.028886 -2.941301
 199.537911 -2.972575
 200.046936 -2.886935
 200.555962 -2.863012
 201.064987 -2.922533
 201.574012 -2.919859
 202.083038 -2.860523
 202.592063 -2.908711
 203.101088 -2.979496
 203.610113 -2.916967
 204.119139 -2.908713
 204.628164 -2.952459
 205.137189 -2.923061
 205.646215 -2.867195
 206.155240 -2.949122
 206.664265 -2.963653
 207.173290 -2.947329
 207.682316 -2.869090
 208.191341 -2.915821
 208.700366 -2.957090
 209.209392 -2.930512
 209.718417 -2.938550
 210.227442 -2.953606
 210.736467 -2.968061
 211.245493 -2.880360
 211.754518 -2.920621
 212.263543 -3.022332
 212.772569 -2.963059
 213.281594 -2.831133
 213.790619 -2.929582
 214.299644 -2.934527
 214.808670 -2.897649
 215.317695 -2.931125
 215.826720 -2.933013
 216.335746 -2.902256
 216.844771 -2.984211
 217.353796 -2.878225
 217.862821 -2.960202
 218.371847 -2.975135
 218.880872 -2.889704
 219.389897 -2.946228
 219.898922 -2.976821
 220.407948 -2.933234
 220.916973 -2.970838
 221.425998 -2.944040
 221.935024 -2.914631
 222.444049 -2.964167
 222.953074 -2.977018
 223.462099 -2.921526
 223.971125 -2.924006
 224.480150 -3.017645
 224.989175 -2.973228
 225.498201 -2.918794
 226.007226 -2.905968
 226.516251 -2.958108
 227.025276 -2.980628
 227.534302 -2.885017
 228.043327 -2.977761
 228.552352 -2.961023
 229.061378 -2.935695
 229.570403 -2.857666
 230.079428 -2.912581
 230.588453 -3.019859
 231.097479 -2.896186
 231.606504 -2.865857
 232.115529 -2.966985
 232.624555 -2.949985
 233.133580 -2.919057
 233.642605 -2.920177
 234.151630 -2.952134
 234.660656 -2.900292
 235.169681 -2.942207
 235.678706 -2.963741
 236.187732 -2.907792
 236.696757 -2.893130
 237.205782 -2.964623
 237.714807 -3.018013
 238.223833 -2.930940
 238.732858 -2.842369
 239.241883 -2.900011
 239.750909 -3.001026
 240.259934 -2.869683
 240.768959 -2.940953
 241.277984 -2.984067
 241.787010 -2.929919
 242.296035 -2.862729
 242.805060 -2.989742
 243.314086 -2.939565
 243.823111 -2.947591
 244.332136 -2.897922
 244.841161 -2.951924
 245.350187 -2.923568
 245.859212 -2.901759
 246.368237 -3.025412
 246.877263 -2.923815
 247.386288 -2.935786
 247.895313 -2.926916
 248.404338 -2.898154
 248.913364 -2.910764
 249.422389 -2.957593
 249.931414 -2.938428
 250.440440 -2.942996
 250.949465 -2.908740
 251.458490 -2.945924
 251.967515 -2.924044
 252.476541 -2.913925
 252.985566 -2.925574
 253.494591 -2.985270
 254.003616 -2.930468
 254.512642 -2.853785
 255.021667 -2.923917
 255.530692 -2.996538
 256.039718 -2.915432
 256.548743 -2.915685
 257.057768 -2.949105
 257.566793 -2.960547
 258.075819 -2.921339
 258.584844 -2.822247
 259.093869 -2.956146
 259.602895 -2.956554
 260.111920 -2.880172
 260.620945 -2.912325
 261.129970 -2.938253
 261.638996 -2.906381
 262.148021 -2.812071
 262.657046 -2.923777
 263.166072 -2.967500
 263.675097 -2.926618
 264.184122 -2.900368
 264.693147 -2.951640
 265.202173 -3.001712
 265.711198 -2.916522
 266.220223 -2.918984
 266.729249 -2.927242
 267.238274 -2.951491
 267.747299 -2.936531
 268.256324 -2.942104
 268.765350 -2.913931
 269.274375 -2.921956
 269.783400 -2.904114
 270.292426 -2.928319
 270.801451 -2.922558
 271.310476 -2.880175
 271.819501 -2.919413
 272.328527 -2.914444
 272.837552 -2.920968
 273.346577 -2.950429
 273.855603 -2.969741
 274.364628 -2.896576
 274.873653 -2.928425
 275.382678 -2.978019
 275.891704 -2.961559
 276.400729 -2.910044
 276.909754 -2.970210
 277.418780 -2.991885
 277.927805 -2.875774
 278.436830 -2.928906
 278.945855 -2.931468
 279.454881 -2.925071
 279.963906 -2.944000
 280.472931 -2.918632
 280.981957 -2.937864
 281.490982 -2.881869
 282.000007 -2.930750
 282.509032 -2.920526
 283.018058 -2.963524
 283.527083 -2.962453
 284.036108 -2.936844
 284.545134 -2.984963
 285.054159 -2.950893
 285.563184 -2.903815
 286.072209 -2.908550
 286.581235 -2.899356
 287.090260 -2.945412
 287.599285 -2.938648
 288.108310 -2.941573
 288.617336 -2.861548
 289.126361 -2.909159
 289.635386 -2.965761
 290.144412 -2.966868
 290.653437 -2.936935
 291.162462 -2.859351
 291.671487 -2.904392
 292.180513 -2.958979
 292.689538 -2.923510
 293.198563 -2.823717
 293.707589 -2.913251
 294.216614 -2.959203
 294.725639 -2.952134
 295.234664 -2.958378
 295.743690 -2.883530
 296.252715 -2.927616
 296.761740 -2.978063
 297.270766 -2.917083
 297.779791 -2.881877
 298.288816 -2.967540
 298.797841 -2.923107
 299.306867 -2.946903
 299.815892 -2.936195
 300.324917 -2.896599
 300.833943 -2.937862
 301.342968 -2.963634
 301.851993 -2.914834
 302.361018 -2.932809
 302.870044 -2.876665
 303.379069 -2.879303
 303.888094 -2.946709
 304.397120 -2.946620
 304.906145 -2.920984
 305.415170 -2.974566
 305.924195 -2.889643
 306.433221 -2.918348
 306.942246 -2.934120
 307.451271 -2.928110
 307.960297 -2.852093
 308.469322 -2.884843
 308.978347 -2.988488
 309.487372 -2.944416
 309.996398 -2.930219
 310.505423 -2.887153
 311.014448 -2.939726
 311.523474 -2.922553
 312.032499 -2.999786
 312.541524 -2.893689
 313.050549 -2.876179
 313.559575 -2.921139
 314.068600 -2.911762
 314.577625 -2.977091
 315.086651 -2.910822
 315.595676 -2.891627
 316.104701 -2.854931
 316.613726 -2.935949
 317.122752 -2.962746
 317.631777 -2.939373
 318.140802 -2.938134
 318.649828 -2.947812
 319.158853 -2.935134
 319.667878 -2.883776
 320.176903 -2.870057
 320.685929 -2.917916
 321.194954 -3.011921
 321.703979 -2.920457
 322.213004 -2.903652
 322.722030 -2.923704
 323.231055 -2.993699
 323.740080 -2.884050
 324.249106 -2.812474
 324.758131 -2.938241
 325.267156 -3.034089
 325.776181 -2.893052
 326.285207 -2.832790
 326.794232 -2.978984
 327.303257 -3.003991
 327.812283 -2.938157
 328.321308 -2.914521
 328.830333 -2.934860
 329.339358 -2.958037
 329.848384 -2.930325
 330.357409 -2.912068
 330.866434 -2.950983
 331.375460 -2.987723
 331.884485 -2.945517
 332.393510 -2.917324
 332.902535 -2.937794
 333.411561 -2.941148
 333.920586 -2.922606
 334.429611 -2.980029
 334.938637 -2.935348
 335.447662 -2.902742
 335.956687 -2.973895
 336.465712 -2.945080
 336.974738 -2.891542
 337.483763 -2.948906
 337.992788 -2.974904
 338.501814 -2.902143
 339.010839 -2.978885
 339.519864 -2.932937
 340.028889 -2.881036
 340.537915 -2.965650
 341.046940 -2.919643
 341.555965 -2.879208
 342.064991 -2.948898
 342.574016 -2.910223
 343.083041 -2.892891
 343.592066 -2.971227
 344.101092 -2.947873
 344.610117 -2.909321
 345.119142 -2.886954
 345.628168 -2.931585
 346.137193 -2.946392
 346.646218 -2.904720
 347.155243 -2.981279
 347.664269 -2.915390
 348.173294 -2.873076
 348.682319 -2.990951
 349.191345 -2.972284
 349.700370 -2.892595
 350.209395 -2.938932
 350.718420 -2.970923
 351.227446 -2.940825
 351.736471 -2.923301
 352.245496 -2.901818
 352.754522 -2.944558
 353.263547 -3.009220
 353.772572 -2.986699
 354.281597 -2.868541
 354.790623 -2.897460
 355.299648 -2.919173
 355.808673 -2.986734
 356.317698 -2.912951
 356.826724 -2.868518
 357.335749 -2.940821
 357.844774 -2.966591
 358.353800 -2.896935
 358.862825 -2.894654
 359.371850 -2.894660
 359.880875 -2.976237
 360.389901 -2.915655
 360.898926 -2.863144
 361.407951 -2.936168
 361.916977 -2.965215
 362.426002 -2.933373
 362.935027 -2.893007
 363.444052 -2.960089
 363.953078 -2.955931
 364.462103 -2.916649
 364.971128 -2.989860
 365.480154 -2.916417
 365.989179 -2.897025
 366.498204 -3.019977
 367.007229 -2.907423
 367.516255 -2.905616
 368.025280 -2.927186
 368.534305 -2.950997
 369.043331 -2.901732
 369.552356 -2.901576
 370.061381 -2.910446
 370.570406 -2.894510
 371.079432 -2.894473
 371.588457 -2.922624
 372.097482 -2.962537
 372.606508 -2.934296
 373.115533 -2.914593
 373.624558 -2.915638
 374.133583 -2.883681
 374.642609 -2.995269
 375.151634 -2.975508
 375.660659 -2.786633
 376.169685 -2.901809
 376.678710 -3.019325
 377.187735 -2.984476
 377.696760 -2.864999
 378.205786 -2.894112
 378.714811 -2.909778
 379.223836 -2.928086
 379.732862 -2.979694
 380.241887 -2.919508
 380.750912 -2.938314
 381.259937 -2.949212
 381.768963 -2.947309
 382.277988 -2.858496
 382.787013 -2.893592
 383.296039 -2.987371
 383.805064 -3.001159
 384.314089 -2.926070
 384.823114 -2.842815
 385.332140 -2.904722
 385.841165 -2.961387
 386.350190 -2.921848
 386.859216 -2.883532
 387.368241 -2.909724
 387.877266 -2.969881
 388.386291 -2.954157
 388.895317 -2.930811
 389.404342 -2.894866
 389.913367 -2.927520
 390.422392 -2.959173
 390.931418 -2.890256
 391.440443 -2.928035
 391.949468 -2.891422
 392.458494 -2.925509
 392.967519 -2.999016
 393.476544 -2.975217
 393.985569 -2.874846
 394.494595 -2.899287
 395.003620 -2.940692
 395.512645 -2.934342
 396.021671 -2.899519
 396.530696 -2.951003
 397.039721 -2.930414
 397.548746 -2.886010
 398.057772 -2.898233
 398.566797 -2.946560
 399.075822 -2.922031
 399.584848 -2.892730
 400.093873 -2.901769
 400.602898 -3.000105
 401.111923 -2.974830
 401.620949 -2.882968
 402.129974 -2.901745
 402.638999 -2.939605
 403.148025 -2.933789
 403.657050 -2.880818
 404.166075 -2.912042
 404.675100 -2.923348
 405.184126 -2.964965
 405.693151 -2.915574
 406.202176 -2.891267
 406.711202 -2.950013
 407.220227 -2.921929
 407.729252 -2.876558
 408.238277 -2.919146
 408.747303 -2.901003
 409.256328 -2.960043
 409.765353 -2.959730
 410.274379 -2.903373
 410.783404 -2.915861
 411.292429 -2.985115
 411.801454 -2.956303
 412.310480 -2.852666
 412.819505 -2.901465
 413.328530 -2.923366
 413.837556 -2.936186
 414.346581 -2.926533
 414.855606 -2.939367
 415.364631 -2.943107
 415.873657 -2.888906
 416.382682 -2.916745
 416.891707 -2.933292
 417.400733 -2.979645
 417.909758 -2.979679
 418.418783 -2.882084
 418.927808 -2.880639
 419.436834 -2.952090
 419.945859 -2.912004
 420.454884 -2.942769
 420.963910 -2.982911
 421.472935 -2.862317
 421.981960 -2.854357
 422.490985 -2.967227
 423.000011 -2.926010
 423.509036 -2.878225
 424.018061 -2.965034
 424.527086 -2.895447
 425.036112 -2.917758
 425.545137 -2.967322
 426.054162 -2.936556
 426.563188 -2.918693
 427.072213 -2.962924
 427.581238 -2.979825
 428.090263 -2.924060
 428.599289 -2.929920
 429.108314 -2.946329
 429.617339 -2.969701
 430.126365 -2.949924
 430.635390 -2.983028
 431.144415 -2.969177
 431.653440 -2.935825
 432.162466 -2.936339
 432.671491 -2.938185
 433.180516 -2.898255
 433.689542 -2.964392
 434.198567 -2.966139
 434.707592 -2.950962
 435.216617 -2.929632
 435.725643 -2.939084
 436.234668 -2.870261
 436.743693 -2.953706
 437.252719 -2.990727
 437.761744 -2.943097
 438.270769 -2.860283
 438.779794 -2.940042
 439.288820 -2.973639
 439.797845 -2.936138
 440.306870 -2.968143
 440.815896 -2.986611
 441.324921 -2.959799
 441.833946 -2.877996
 442.342971 -2.924154
 442.851997 -2.998239
 443.361022 -2.916430
 443.870047 -2.865316
 444.379073 -2.998878
 444.888098 -2.888086
 445.397123 -2.875845
 445.906148 -3.009440
 446.415174 -2.965889
 446.924199 -2.870336
 447.433224 -2.943547
 447.942250 -3.050313
 448.451275 -2.884357
 448.960300 -2.884787
 449.469325 -2.948530
 449.978351 -2.941734
 450.487376 -2.893438
 450.996401 -2.904928
 451.505427 -3.030790
 452.014452 -2.942664
 452.523477 -2.863608
 453.032502 -2.877645
 453.541528 -2.924981
 454.050553 -2.971565
 454.559578 -2.883504
 455.068604 -2.891871
 455.577629 -3.067802
 456.086654 -2.921468
 456.595679 -2.856720
 457.104705 -2.915164
 457.613730 -2.978729
 458.122755 -2.870488
 458.631780 -2.939100
 459.140806 -2.992529
 459.649831 -2.910233
 460.158856 -2.857102
 460.667882 -2.976595
 461.176907 -2.936008
 461.685932 -3.005348
 462.194957 -2.943543
 462.703983 -2.911092
 463.213008 -2.926576
 463.722033 -2.982773
 464.231059 -2.902221
 464.740084 -2.901244
 465.249109 -2.985746
 465.758134 -2.919846
 466.267160 -2.840166
 466.776185 -2.945313
 467.285210 -3.018207
 467.794236 -2.877577
 468.303261 -2.899028
 468.812286 -2.997390
 469.321311 -2.945042
 469.830337 -2.885090
 470.339362 -2.893102
 470.848387 -2.974489
 471.357413 -2.983856
 471.866438 -2.908594
 472.375463 -2.922616
 472.884488 -2.904168
 473.393514 -2.918580
 473.902539 -2.975636
 474.411564 -2.898870
 474.920590 -2.884540
 475.429615 -2.960171
 475.938640 -2.971094
 476.447665 -2.893902
 476.956691 -2.900858
 477.465716 -2.962363
 477.974741 -2.949481
 478.483767 -2.868078
 478.992792 -2.883103
 479.501817 -2.948648
 480.010842 -2.981747
 480.519868 -2.938116
 481.028893 -2.862106
 481.537918 -2.892923
 482.046944 -2.944755
 482.555969 -2.902672
 483.064994 -2.918707
 483.574019 -2.901999
 484.083045 -2.915256
 484.592070 -2.899585
 485.101095 -2.968495
 485.610121 -2.954614
 486.119146 -2.918669
 486.628171 -2.882995
 487.137196 -2.920383
 487.646222 -2.959602
 488.155247 -2.886670
 488.664272 -2.862691
 489.173297 -3.036100
 489.682323 -3.000178
 490.191348 -2.902852
 490.700373 -2.911553
 491.209399 -2.970959
 491.718424 -2.955514
 492.227449 -2.887406
 492.736474 -2.882594
 493.245500 -2.989478
 493.754525 -2.909138
 494.263550 -2.946639
 494.772576 -3.038239
 495.281601 -2.892134
 495.790626 -2.887322
 496.299651 -2.999346
 496.808677 -3.014528
 497.317702 -2.868374
 497.826727 -2.884696
 498.335753 -2.918056
 498.844778 -2.981523
 499.353803 -2.897784
 499.862828 -2.849908
 500.371854 -2.936297
 500.880879 -2.933799
 501.389904 -2.897698
 501.898930 -2.908039
 502.407955 -2.945391
 502.916980 -2.924631
 503.426005 -2.953564
 503.935031 -2.875673
 504.444056 -2.925044
 504.953081 -3.003492
 505.462107 -2.907712
 505.971132 -2.905715
 506.480157 -2.945669
 506.989182 -2.925437
 507.498208 -2.911812
 508.007233 -2.893317
 508.516258 -2.985614
 509.025284 -2.951252
 509.534309 -2.916721
 510.043334 -2.908324
 510.552359 -2.955677
 511.061385 -2.946158
 511.570410 -2.868245
 512.079435 -2.892263
 512.588461 -2.972571
 513.097486 -2.949124
 513.606511 -2.900711
 514.115536 -2.898480
 514.624562 -2.922364
 515.133587 -2.944642
 515.642612 -2.877627
 516.151638 -2.942138
 516.660663 -2.973813
 517.169688 -2.914900
 517.678713 -2.932268
 518.187739 -2.941911
 518.696764 -2.901544
 519.205789 -2.937703
 519.714815 -2.908099
 520.223840 -2.922157
 520.732865 -2.951581
 521.241890 -2.885739
 521.750916 -2.924378
 522.259941 -2.947970
 522.768966 -2.873294
 523.277991 -2.916199
 523.787017 -2.961159
 524.296042 -2.907513
 524.805067 -2.989175
 525.314093 -2.984335
 525.823118 -2.904370
 526.332143 -2.919039
 526.841168 -2.976283
 527.350194 -2.954334
 527.859219 -2.922184
 528.368244 -2.915986
 528.877270 -2.956562
 529.386295 -2.955734
 529.895320 -2.949229
 530.404345 -2.918813
 530.913371 -2.955757
 531.422396 -2.966128
 531.931421 -2.930237
 532.440447 -2.878588
 532.949472 -2.917141
 533.458497 -2.968632
 533.967522 -2.987169
 534.476548 -2.869655
 534.985573 -2.881301
 535.494598 -2.991704
 536.003624 -2.940582
 536.512649 -2.885118
 537.021674 -2.908454
 537.530699 -2.944715
 538.039725 -2.925762
 538.548750 -2.861726
 539.057775 -2.963608
 539.566801 -2.999647
 540.075826 -2.911928
 540.584851 -2.897301
 541.093876 -2.913369
 541.602902 -2.987937
 542.111927 -2.951952
 542.620952 -2.909765
 543.129978 -2.936029
 543.639003 -2.950542
 544.148028 -2.920690
 544.657053 -2.875664
 545.166079 -2.877943
 545.675104 -2.951701
 546.184129 -2.978608
 546.693155 -2.913310
 547.202180 -2.919542
 547.711205 -2.965979
 548.220230 -2.936887
 548.729256 -2.921321
 549.238281 -2.988551
 549.747306 -2.944777
 550.256332 -2.925953
 550.765357 -2.961039
 551.274382 -2.858671
 551.783407 -2.870462
 552.292433 -2.945481
 552.801458 -2.938140
 553.310483 -2.971294
 553.819509 -2.927694
 554.328534 -2.878738
 554.837559 -2.862471
 555.346584 -2.943821
 555.855610 -2.915107
 556.364635 -2.916570
 556.873660 -2.958932
 557.382685 -2.964398
 557.891711 -2.902026
 558.400736 -2.897164
 558.909761 -2.911485
 559.418787 -2.980688
 559.927812 -2.938929
 560.436837 -2.887956
 560.945862 -2.982096
 561.454888 -2.928195
 561.963913 -2.873259
 562.472938 -2.993689
 562.981964 -2.999997
 563.490989 -2.866189
 564.000014 -2.924893
 564.509039 -2.942766
 565.018065 -2.952852
 565.527090 -2.885056
 566.036115 -2.953321
 566.545141 -2.939855
 567.054166 -2.927738
 567.563191 -2.963355
 568.072216 -2.896628
 568.581242 -2.896428
 569.090267 -2.962846
 569.599292 -2.942966
 570.108318 -2.956439
 570.617343 -2.931436
 571.126368 -2.929978
 571.635393 -2.889407
 572.144419 -2.956680
 572.653444 -2.976444
 573.162469 -2.895278
 573.671495 -2.890510
 574.180520 -2.970950
 574.689545 -2.984400
 575.198570 -2.899586
 575.707596 -2.956094
 576.216621 -2.970316
 576.725646 -2.914479
 577.234672 -2.874384
 577.743697 -2.935401
 578.252722 -2.946593
 578.761747 -2.883935
 579.270773 -2.858841
 579.779798 -2.944792
 580.288823 -2.998665
 580.797849 -2.904284
 581.306874 -2.902401
 581.815899 -2.995161
 582.324924 -2.911563
 582.833950 -2.897048
 583.342975 -2.973866
 583.852000 -2.953131
 584.361026 -2.892196
 584.870051 -2.960033
 585.379076 -2.965494
 585.888101 -2.912757
 586.397127 -2.864312
 586.906152 -2.928718
 587.415177 -2.964783
 587.924203 -2.924523
 588.433228 -2.908689
 588.942253 -2.910506
 589.451278 -2.959067
 589.960304 -2.974569
 590.469329 -2.891732
 590.978354 -2.915870
 591.487379 -2.992358
 591.996405 -2.935430
 592.505430 -2.857473
 593.014455 -2.962495
 593.523481 -2.967575
 594.032506 -2.889470
 594.541531 -2.864889
 595.050556 -2.967517
 595.559582 -2.978451
 596.068607 -2.887557
 596.577632 -2.926181
 597.086658 -2.960322
 597.595683 -2.968686
 598.104708 -2.906164
 598.613733 -2.963502
 599.122759 -2.943150
 599.631784 -2.906751
 600.140809 -2.977862
 600.649835 -3.011924
 601.158860 -2.881518
 601.667885 -2.936412
 602.176910 -2.975697
 602.685936 -2.932587
 603.194961 -2.875313
 603.703986 -2.998543
 604.213012 -2.961864
 604.722037 -2.911196
 605.231062 -2.956677
 605.740087 -2.903694
 606.249113 -2.960921
 606.758138 -2.930062
 607.267163 -2.894200
 607.776189 -2.984194
 608.285214 -2.970615
 608.794239 -2.917455
 609.303264 -2.932388
 609.812290 -3.022255
 610.321315 -2.969265
 610.830340 -2.866057
 611.339366 -2.947146
 611.848391 -2.947564
 612.357416 -2.928683
 612.866441 -2.944221
 613.375467 -2.949730
 613.884492 -2.898341
 614.393517 -2.881750
 614.902543 -2.950769
 615.411568 -2.980917
 615.920593 -2.904597
 616.429618 -2.891688
 616.938644 -2.921068
 617.447669 -2.935152
 617.956694 -2.930613
 618.465720 -2.955655
 618.974745 -2.934461
 619.483770 -2.892035
 619.992795 -2.961036
 620.501821 -2.952618
 621.010846 -2.949240
 621.519871 -2.968085
 622.028897 -2.932368
 622.537922 -2.864412
 623.046947 -2.959743
 623.555972 -3.007035
 624.064998 -2.943246
 624.574023 -2.912199
 625.083048 -2.945109
 625.592073 -2.956177
 626.101099 -2.898057
 626.610124 -2.986029
 627.119149 -3.025249
 627.628175 -2.885655
 628.137200 -2.899804
 628.646225 -2.945694
 629.155250 -2.906306
 629.664276 -2.868401
 630.173301 -3.003641
 630.682326 -2.959126
 631.191352 -2.903598
 631.700377 -2.940899
 632.209402 -2.952736
 632.718427 -2.819996
 633.227453 -2.988527
 633.736478 -2.976249
 634.245503 -2.854811
 634.754529 -2.947338
 635.263554 -2.976843
 635.772579 -2.876670
 636.281604 -2.894698
 636.790630 -2.972070
 637.299655 -2.905196
 637.808680 -2.928246
 638.317706 -3.008313
 638.826731 -2.893962
 639.335756 -2.827952
 639.844781 -2.961244
 640.353807 -2.952988
 640.862832 -2.849466
 641.371857 -2.933989
 641.880883 -3.031982
 642.389908 -2.948582
 642.898933 -2.903206
 643.407958 -2.909885
 643.916984 -2.968476
 644.426009 -2.940116
 644.935034 -2.911733
 645.444060 -2.907268
 645.953085 -2.961206
 646.462110 -2.984781
 646.971135 -2.861211
 647.480161 -2.884923
 647.989186 -2.984727
 648.498211 -2.965890
 649.007237 -2.886385
 649.516262 -2.939252
 650.025287 -2.954429
 650.534312 -2.969974
 651.043338 -2.913052
 651.552363 -2.900656
 652.061388 -2.913934
 652.570414 -2.963449
 653.079439 -2.933953
 653.588464 -2.889234
 654.097489 -2.907067
 654.606515 -2.946794
 655.115540 -2.928095
 655.624565 -2.966598
 656.133591 -2.930319
 656.642616 -2.900838
 657.151641 -2.939135
 657.660666 -2.908538
 658.169692 -2.963770
 658.678717 -2.964915
 659.187742 -2.890661
 659.696767 -2.883605
 660.205793 -2.970575
 660.714818 -2.951280
 661.223843 -2.903366
 661.732869 -2.925997
 662.241894 -2.966317
 662.750919 -2.901814
 663.259944 -2.944643
 663.768970 -2.940673
 664.277995 -2.955826
 664.787020 -2.875572
 665.296046 -2.992597
 665.805071 -2.975124
 666.314096 -2.846824
 666.823121 -2.888871
 667.332147 -2.971757
 667.841172 -2.976119
 668.350197 -2.884664
 668.859223 -2.936354
 669.368248 -2.946305
 669.877273 -2.922620
 670.386298 -2.987042
 670.895324 -2.935665
 671.404349 -2.913912
 671.913374 -2.959958
 672.422400 -2.931342
 672.931425 -2.926645
 673.440450 -2.947830
 673.949475 -2.918221
 674.458501 -2.916845
 674.967526 -2.922795
 675.476551 -2.971160
 675.985577 -2.919799
 676.494602 -2.905623
 677.003627 -2.875909
 677.512652 -2.947763
 678.021678 -2.926310
 678.530703 -2.915620
 679.039728 -2.989237
 679.548754 -2.909460
 680.057779 -2.911023
 680.566804 -2.938048
 681.075829 -3.009343
 681.584855 -2.833309
 682.093880 -2.832394
 682.602905 -3.026424
 683.111931 -2.995730
 683.620956 -2.890708
 684.129981 -2.934781
 684.639006 -2.933849
 685.148032 -2.929199
 685.657057 -2.922670
 686.166082 -2.929890
 686.675108 -2.915982
 687.184133 -2.885226
 687.693158 -2.907696
 688.202183 -2.996363
 688.711209 -2.918261
 689.220234 -2.905586
 689.729259 -2.985339
 690.238285 -2.928328
 690.747310 -2.903077
 691.256335 -2.893181
 691.765360 -2.918216
 692.274386 -2.913085
 692.783411 -2.927789
 693.292436 -2.920964
 693.801461 -2.915473
 694.310487 -2.894018
 694.819512 -2.955028
 695.328537 -2.904699
 695.837563 -2.837180
 696.346588 -2.932577
 696.855613 -3.049635
 697.364638 -2.899304
 697.873664 -2.841079
 698.382689 -3.027302
 698.891714 -2.991000
 699.400740 -2.856638
 699.909765 -2.848644
 700.418790 -2.969726
 700.927815 -2.948036
 701.436841 -2.928943
 701.945866 -2.870172
 702.454891 -2.932445
 702.963917 -2.998594
 703.472942 -2.937602
 703.981967 -2.868102
 704.490992 -2.868452
 705.000018 -2.948858
 705.509043 -2.987574
 706.018068 -2.927248
 706.527094 -2.859149
 707.036119 -2.913886
 707.545144 -3.037849
 708.054169 -2.944585
 708.563195 -2.856159
 709.072220 -2.922514
 709.581245 -2.974403
 710.090271 -2.925728
 710.599296 -2.888737
 711.108321 -2.865476
 711.617346 -2.887810
 712.126372 -2.960763
 712.635397 -2.888880
 713.144422 -2.883840
 713.653448 -2.966765
 714.162473 -2.950137
 714.671498 -2.882019
 715.180523 -2.929292
 715.689549 -2.910518
 716.198574 -2.929755
 716.707599 -2.935459
 717.216625 -2.963760
 717.725650 -2.928928
 718.234675 -2.929915
 718.743700 -2.936968
 719.252726 -2.875615
 719.761751 -2.913258
 720.270776 -3.027432
 720.779802 -2.932276
 721.288827 -2.890103
 721.797852 -2.917599
 722.306877 -2.911920
 722.815903 -2.953284
 723.324928 -2.927488
 723.833953 -2.973781
 724.342979 -2.880187
 724.852004 -2.965153
 725.361029 -2.954756
 725.870054 -2.921556
 726.379080 -2.943476
 726.888105 -2.972924
 727.397130 -2.908844
 727.906155 -2.904492
 728.415181 -3.006542
 728.924206 -2.967899
 729.433231 -2.911715
 729.942257 -2.947092
 730.451282 -2.957870
 730.960307 -2.900602
 731.469332 -2.958143
 731.978358 -2.988698
 732.487383 -2.896875
 732.996408 -2.907810
 733.505434 -2.974457
 734.014459 -2.893483
 734.523484 -2.945039
 735.032509 -2.967739
 735.541535 -2.955272
 736.050560 -2.934015
 736.559585 -2.909173
 737.068611 -2.971983
 737.577636 -2.948541
 738.086661 -2.874435
 738.595686 -2.982467
 739.104712 -2.959236
 739.613737 -2.841944
 740.122762 -2.942996
 740.631788 -2.946080
 741.140813 -2.942619
 741.649838 -2.903798
 742.158863 -3.012783
 742.667889 -2.951539
 743.176914 -2.849944
 743.685939 -2.959508
 744.194965 -2.997531
 744.703990 -2.843775
 745.213015 -2.930265
 745.722040 -3.037656
 746.231066 -2.909089
 746.740091 -2.875723
 747.249116 -2.928541
 747.758142 -2.922468
 748.267167 -2.910348
 748.776192 -2.955284
 749.285217 -2.932576
 749.794243 -2.877668
 750.303268 -2.956962
 750.812293 -3.036316
 751.321319 -2.884619
 751.830344 -2.862168
 752.339369 -2.921385
 752.848394 -2.960126
 753.357420 -2.942719
 753.866445 -2.933516
 754.375470 -2.886588
 754.884496 -2.898613
 755.393521 -2.934140
 755.902546 -2.960365
 756.411571 -2.918978
 756.920597 -2.935563
 757.429622 -2.869682
 757.938647 -2.912314
 758.447673 -2.960075
 758.956698 -2.916817
 759.465723 -2.842520
 759.974748 -2.889296
 760.483774 -3.029444
 760.992799 -2.965892
 761.501824 -2.828296
 762.010849 -2.919912
 762.519875 -3.022872
 763.028900 -2.907315
 763.537925 -2.906262
 764.046951 -3.001914
 764.555976 -2.921062
 765.065001 -2.924237
 765.574026 -2.969590
 766.083052 -2.892637
 766.592077 -2.935464
 767.101102 -2.907311
 767.610128 -2.932234
 768.119153 -2.944060
 768.628178 -2.921920
 769.137203 -2.886606
 769.646229 -2.923563
 770.155254 -2.948177
 770.664279 -2.904053
 771.173305 -2.931320
 771.682330 -2.979219
 772.191355 -2.971765
 772.700380 -2.860780
 773.209406 -2.933110
 773.718431 -2.945381
 774.227456 -3.004558
 774.736482 -2.893374
 775.245507 -2.878068
 775.754532 -2.962403
 776.263557 -2.984831
 776.772583 -2.899361
 777.281608 -2.856151
 777.790633 -2.911527
 778.299659 -2.947184
 778.808684 -2.937128
 779.317709 -2.894016
 779.826734 -2.905709
 780.335760 -2.984597
 780.844785 -2.888112
 781.353810 -2.877924
 781.862836 -3.048360
 782.371861 -2.936772
 782.880886 -2.868418
 783.389911 -2.971825
 783.898937 -2.927291
 784.407962 -2.900889
 784.916987 -2.953059
 785.426013 -2.943615
 785.935038 -2.944458
 786.444063 -2.892240
 786.953088 -2.882499
 787.462114 -3.010088
 787.971139 -2.945852
 788.480164 -2.841771
 788.989190 -2.917898
 789.498215 -2.995353
 790.007240 -2.914172
 790.516265 -2.969684
 791.025291 -2.946980
 791.534316 -2.890113
 792.043341 -2.954094
 792.552366 -2.942521
 793.061392 -2.906633
 793.570417 -2.953708
 794.079442 -2.974370
 794.588468 -2.999890
 795.097493 -2.911329
 795.606518 -2.918831
 796.115543 -2.959113
 796.624569 -2.995054
 797.133594 -2.958299
 797.642619 -2.947854
 798.151645 -2.916407
 798.660670 -3.032616
 799.169695 -2.924867
 799.678720 -2.864496
 800.187746 -2.928525
 800.696771 -2.971792
 801.205796 -2.926032
 801.714822 -2.876888
 802.223847 -2.932971
 802.732872 -2.978934
 803.241897 -2.923879
 803.750923 -2.939679
 804.259948 -2.958777
 804.768973 -2.945793
 805.277999 -2.864423
 805.787024 -2.898031
 806.296049 -2.961785
 806.805074 -2.850467
 807.314100 -2.983178
 807.823125 -2.986703
 808.332150 -2.882014
 808.841176 -2.874389
 809.350201 -3.033459
 809.859226 -2.949332
 810.368251 -2.899059
 810.877277 -2.894088
 811.386302 -2.915059
 811.895327 -2.956246
 812.404353 -2.913240
 812.913378 -2.864357
 813.422403 -2.986972
 813.931428 -2.930981
 814.440454 -2.906518
 814.949479 -2.943767
 815.458504 -3.000610
 815.967530 -2.899611
 816.476555 -2.897926
 816.985580 -2.997727
 817.494605 -2.980469
 818.003631 -2.918881
 818.512656 -2.977035
 819.021681 -2.882742
 819.530707 -2.882961
 820.039732 -3.013249
 820.548757 -2.936584
 821.057782 -2.933030
 821.566808 -2.945561
 822.075833 -2.886777
 822.584858 -2.928592
 823.093884 -2.977177
 823.602909 -2.946832
 824.111934 -2.886897
 824.620959 -2.917533
 825.129985 -2.942602
 825.639010 -2.993199
 826.148035 -2.945392
 826.657060 -2.907316
 827.166086 -2.962704
 827.675111 -2.979747
 828.184136 -2.862418
 828.693162 -2.886267
 829.202187 -2.955019
 829.711212 -2.944057
 830.220237 -2.934231
 830.729263 -2.961326
 831.238288 -2.925960
 831.747313 -2.891858
 832.256339 -2.875863
 832.765364 -2.951490
 833.274389 -2.922014
 833.783414 -2.882258
 834.292440 -2.912508
 834.801465 -2.906350
 835.310490 -2.889016
 835.819516 -2.987143
 836.328541 -2.953208
 836.837566 -2.881931
 837.346591 -2.866304
 837.855617 -2.906882
 838.364642 -2.965711
 838.873667 -2.995908
 839.382693 -2.917754
 839.891718 -2.889272
 840.400743 -2.892254
 840.909768 -2.970456
 841.418794 -2.924966
 841.927819 -2.880603
 842.436844 -2.932112
 842.945870 -2.956294
 843.454895 -2.901147
 843.963920 -2.875439
 844.472945 -2.958782
 844.981971 -2.971489
 845.490996 -2.923840
 846.000021 -2.888355
 846.509047 -2.933090
 847.018072 -2.935164
 847.527097 -2.932704
 848.036122 -2.970867
 848.545148 -2.939804
 849.054173 -2.885333
 849.563198 -2.938052
 850.072224 -2.914759
 850.581249 -2.919215
 851.090274 -2.940481
 851.599299 -2.927963
 852.108325 -2.864622
 852.617350 -2.940669
 853.126375 -2.924100
 853.635401 -2.904326
 854.144426 -2.955945
 854.653451 -2.876452
 855.162476 -2.935313
 855.671502 -2.971859
 856.180527 -2.920083
 856.689552 -2.865621
 857.198578 -2.963846
 857.707603 -3.025622
 858.216628 -2.922270
 858.725653 -2.822696
 859.234679 -2.895553
 859.743704 -2.964828
 860.252729 -2.901156
 860.761754 -2.925211
 861.270780 -2.949601
 861.779805 -2.892088
 862.288830 -2.891110
 862.797856 -2.924749
 863.306881 -2.914766
 863.815906 -2.971238
 864.324931 -2.963629
 864.833957 -2.850779
 865.342982 -2.959271
 865.852007 -2.984116
 866.361033 -2.966469
 866.870058 -2.895775
 867.379083 -2.943955
 867.888108 -2.963799
 868.397134 -2.900828
 868.906159 -2.939041
 869.415184 -2.974704
 869.924210 -2.924457
 870.433235 -2.877562
 870.942260 -2.958348
 871.451285 -2.930953
 871.960311 -2.914466
 872.469336 -2.895846
 872.978361 -2.974201
 873.487387 -2.949313
 873.996412 -2.895423
 874.505437 -2.895795
 875.014462 -2.970542
 875.523488 -2.956926
 876.032513 -2.858930
 876.541538 -2.918708
 877.050564 -2.975421
 877.559589 -2.940541
 878.068614 -2.928885
 878.577639 -2.914740
 879.086665 -2.922020
 879.595690 -2.964780
 880.104715 -2.901760
 880.613741 -2.933207
 881.122766 -2.999239
 881.631791 -2.911559
 882.140816 -2.911837
 882.649842 -2.974346
 883.158867 -2.896980
 883.667892 -2.883057
 884.176918 -3.008132
 884.685943 -2.912532
 885.194968 -2.935925
 885.703993 -2.951733
 886.213019 -2.895376
 886.722044 -2.962528
 887.231069 -2.965870
 887.740095 -2.853714
 888.249120 -2.906033
 888.758145 -3.008726
 889.267170 -2.899693
 889.776196 -2.908140
 890.285221 -2.958012
 890.794246 -2.997726
 891.303272 -2.914113
 891.812297 -2.902718
 892.321322 -2.951268
 892.830347 -2.930967
 893.339373 -2.927787
 893.848398 -2.971436
 894.357423 -2.916221
 894.866448 -2.891835
 895.375474 -3.018779
 895.884499 -2.894892
 896.393524 -2.896758
 896.902550 -2.971045
 897.411575 -2.895202
 897.920600 -2.941611
 898.429625 -2.943020
 898.938651 -2.953991
 899.447676 -2.913401
 899.956701 -2.931945
 900.465727 -2.960702
 900.974752 -2.894919
 901.483777 -2.922995
 901.992802 -2.913417
 902.501828 -2.949483
 903.010853 -2.927306
 903.519878 -2.899279
 904.028904 -2.977440
 904.537929 -2.924369
 905.046954 -2.883422
 905.555979 -3.014056
 906.065005 -2.889549
 906.574030 -2.876611
 907.083055 -2.920888
 907.592081 -2.953733
 908.101106 -2.948709
 908.610131 -2.953561
 909.119156 -2.923173
 909.628182 -2.905894
 910.137207 -2.930346
 910.646232 -2.937210
 911.155258 -2.863715
 911.664283 -2.930858
 912.173308 -2.989634
 912.682333 -2.876992
 913.191359 -2.902042
 913.700384 -2.952845
 914.209409 -2.939325
 914.718435 -2.887929
 915.227460 -2.947599
 915.736485 -2.951275
 916.245510 -2.911839
 916.754536 -2.923909
 917.263561 -2.959272
 917.772586 -2.887110
 918.281612 -2.909432
 918.790637 -2.922792
 919.299662 -2.954723
 919.808687 -2.926052
 920.317713 -2.910702
 920.826738 -2.949615
 921.335763 -2.883889
 921.844789 -2.922275
 922.353814 -2.950761
 922.862839 -2.930927
 923.371864 -2.926335
 923.880890 -2.921420
 924.389915 -2.973762
 924.898940 -2.940061
 925.407966 -2.923041
 925.916991 -2.968085
 926.426016 -2.952554
 926.935041 -2.959264
 927.444067 -2.926385
 927.953092 -2.920372
 928.462117 -2.948566
 928.971142 -2.931984
 929.480168 -2.873594
 929.989193 -2.904521
 930.498218 -2.967004
 931.007244 -2.985263
 931.516269 -2.879879
 932.025294 -2.887684
 932.534319 -2.964967
 933.043345 -2.939699
 933.552370 -2.909513
 934.061395 -2.900587
 934.570421 -2.925206
 935.079446 -2.992498
 935.588471 -2.917279
 936.097496 -2.858281
 936.606522 -2.908677
 937.115547 -2.964306
 937.624572 -2.913021
 938.133598 -2.948532
 938.642623 -2.901264
 939.151648 -2.865799
 939.660673 -2.869815
 940.169699 -2.944879
 940.678724 -2.991282
 941.187749 -2.812054
 941.696775 -2.861743
 942.205800 -2.949821
 942.714825 -2.979719
 943.223850 -2.881763
 943.732876 -2.890115
 944.241901 -2.894193
 944.750926 -2.905594
 945.259952 -3.041580
 945.768977 -2.940597
 946.278002 -2.842975
 946.787027 -2.927917
 947.296053 -2.992401
 947.805078 -2.997019
 948.314103 -2.830930
 948.823129 -2.907042
 949.332154 -2.991424
 949.841179 -2.923208
 950.350204 -2.860941
 950.859230 -2.947648
 951.368255 -2.965442
 951.877280 -2.909440
 952.386306 -2.914171
 952.895331 -2.981402
 953.404356 -2.945647
 953.913381 -2.880621
 954.422407 -2.921128
 954.931432 -2.948349
 955.440457 -3.009281
 955.949483 -2.933965
 956.458508 -2.902576
 956.967533 -2.862767
 957.476558 -2.973909
 957.985584 -2.919345
 958.494609 -2.879126
 959.003634 -2.918441
 959.512660 -2.993421
 960.021685 -2.975100
 960.530710 -2.883438
 961.039735 -2.938491
 961.548761 -2.960944
 962.057786 -2.886995
 962.566811 -2.864485
 963.075836 -2.929236
 963.584862 -2.925826
 964.093887 -2.898908
 964.602912 -2.905357
 965.111938 -2.937881
 965.620963 -2.951463
 966.129988 -2.923946
 966.639013 -2.847240
 967.148039 -2.938598
 967.657064 -3.018506
 968.166089 -2.917875
 968.675115 -2.903556
 969.184140 -2.966125
 969.693165 -2.943627
 970.202190 -2.925811
 970.711216 -2.940326
 971.220241 -2.944675
 971.729266 -2.891534
 972.238292 -2.932543
 972.747317 -2.995787
 973.256342 -2.936253
 973.765367 -2.932181
 974.274393 -2.914454
 974.783418 -2.955477
 975.292443 -2.927758
 975.801469 -2.867475
 976.310494 -2.906669
 976.819519 -2.960147
 977.328544 -2.919679
 977.837570 -2.948228
 978.346595 -2.970760
 978.855620 -2.919414
 979.364646 -2.856955
 979.873671 -2.912888
 980.382696 -2.938807
 980.891721 -2.935902
 981.400747 -2.883560
 981.909772 -2.922812
 982.418797 -2.968599
 982.927823 -2.922299
 983.436848 -2.870415
 983.945873 -2.958667
 984.454898 -3.002601
 984.963924 -2.874029
 985.472949 -2.865495
 985.981974 -2.999299
 986.491000 -2.939154
 987.000025 -2.901014
 987.509050 -2.943287
 988.018075 -3.012767
 988.527101 -2.980718
 989.036126 -2.881769
 989.545151 -2.920268
 990.054177 -3.046896
 990.563202 -2.936926
 991.072227 -2.919805
 991.581252 -2.931383
 992.090278 -2.950830
 992.599303 -2.942854
 993.108328 -2.892829
 993.617354 -2.910481
 994.126379 -2.998092
 994.635404 -2.943708
 995.144429 -2.935278
 995.653455 -2.949336
 996.162480 -2.947047
 996.671505 -2.901273
 997.180530 -2.907054
 997.689556 -2.933558
 998.198581 -2.955986
 998.707606 -2.943151
 999.216632 -2.938205
 999.725657 -2.869631
 1000.234682 -2.942037
 1000.743707 -2.916682
 1001.252733 -2.929510
 1001.761758 -2.916870
 1002.270783 -2.945793
 1002.779809 -2.911673
 1003.288834 -2.901911
 1003.797859 -2.938281
 1004.306884 -2.902686
 1004.815910 -2.942172
 1005.324935 -2.973791
 1005.833960 -2.898234
 1006.342986 -2.915956
 1006.852011 -2.928815
 1007.361036 -2.931127
 1007.870061 -2.944642
 1008.379087 -2.895160
 1008.888112 -2.882642
 1009.397137 -2.989329
 1009.906163 -2.963581
 1010.415188 -2.817381
 1010.924213 -2.949022
 1011.433238 -3.019463
 1011.942264 -2.858628
 1012.451289 -2.906962
 1012.960314 -2.997090
 1013.469340 -2.972864
 1013.978365 -2.857557
 1014.487390 -2.903554
 1014.996415 -3.021656
 1015.505441 -2.963125
 1016.014466 -2.901757
 1016.523491 -2.925979
 1017.032517 -2.999256
 1017.541542 -2.899333
 1018.050567 -2.871836
