#! FIELDS time cv
 0.000000 -3.278183
 0.509025 -3.361546
 1.018051 -3.419776
 1.527076 -3.450679
 2.036101 -3.295905
 2.545126 -3.347454
 3.054152 -3.375432
 3.563177 -3.313268
 4.072202 -3.327159
 4.581228 -3.377722
 5.090253 -3.348611
 5.599278 -3.390513
 6.108303 -3.402697
 6.617329 -3.362140
 7.126354 -3.292448
 7.635379 -3.345149
 8.144405 -3.377971
 8.653430 -3.447765
 9.162455 -3.399626
 9.671480 -3.308972
 10.180506 -3.337248
 10.689531 -3.354797
 11.198556 -3.395082
 11.707582 -3.306425
 12.216607 -3.339368
 12.725632 -3.378206
 13.234657 -3.325060
 13.743683 -3.316708
 14.252708 -3.345060
 14.761733 -3.380912
 15.270759 -3.358667
 15.779784 -3.310154
 16.288809 -3.350303
 16.797834 -3.415870
 17.306860 -3.406565
 17.815885 -3.369630
 18.324910 -3.321150
 18.833935 -3.384763
 19.342961 -3.330775
 19.851986 -3.341066
 20.361011 -3.316084
 20.870037 -3.374672
 21.379062 -3.422250
 21.888087 -3.298183
 22.397112 -3.315737
 22.906138 -3.336229
 23.415163 -3.378857
 23.924188 -3.446383
 24.433214 -3.299563
 24.942239 -3.315225
 25.451264 -3.429475
 25.960289 -3.325706
 26.469315 -3.342577
 26.978340 -3.406328
 27.487365 -3.354228
 27.996391 -3.358000
 28.505416 -3.371206
 29.014441 -3.357655
 29.523466 -3.333962
 30.032492 -3.347787
 30.541517 -3.371888
 31.050542 -3.354142
 31.559568 -3.333167
 32.068593 -3.360666
 32.577618 -3.407751
 33.086643 -3.414651
 33.595669 -3.288731
 34.104694 -3.295219
 34.613719 -3.387324
 35.122745 -3.424824
 35.631770 -3.360486
 36.140795 -3.277382
 36.649820 -3.276393
 37.158846 -3.419575
 37.667871 -3.372250
 38.176896 -3.296509
 38.685922 -3.321072
 39.194947 -3.361228
 39.703972 -3.369953
 40.212997 -3.351509
 40.722023 -3.375587
 41.231048 -3.364339
 41.740073 -3.353438
 42.249099 -3.365062
 42.758124 -3.347035
 43.267149 -3.332456
 43.776174 -3.345923
 44.285200 -3.374001
 44.794225 -3.411385
 45.303250 -3.384508
 45.812276 -3.351405
 46.321301 -3.383412
 46.830326 -3.365983
 47.339351 -3.381401
 47.848377 -3.319267
 48.357402 -3.341591
 48.866427 -3.323009
 49.375453 -3.346830
 49.884478 -3.378052
 50.393503 -3.348753
 50.902528 -3.327005
 51.411554 -3.372122
 51.920579 -3.401992
 52.429604 -3.370917
 52.938629 -3.345577
 53.447655 -3.351492
 53.956680 -3.385076
 54.465705 -3.371159
 54.974731 -3.348521
 55.483756 -3.298269
 55.992781 -3.326287
 56.501806 -3.337123
 57.010832 -3.391257
 57.519857 -3.353010
 58.028882 -3.327444
 58.537908 -3.357524
 59.046933 -3.403998
 59.555958 -3.369106
 60.064983 -3.339127
 60.574009 -3.294262
 61.083034 -3.317474
 61.592059 -3.415432
 62.101085 -3.344591
 62.610110 -3.354588
 63.119135 -3.368537
 63.628160 -3.358397
 64.137186 -3.322330
 64.646211 -3.371103
 65.155236 -3.353214
 65.664262 -3.324570
 66.173287 -3.380344
 66.682312 -3.418677
 67.191337 -3.351461
 67.700363 -3.318525
 68.209388 -3.365573
 68.718413 -3.342276
 69.227439 -3.327752
 69.736464 -3.343350
 70.245489 -3.388435
 70.754514 -3.369935
 71.263540 -3.344875
 71.772565 -3.338605
 72.281590 -3.408253
 72.790616 -3.361039
 73.299641 -3.319609
 73.808666 -3.374554
 74.317691 -3.335312
 74.826717 -3.394905
 75.335742 -3.393996
 75.844767 -3.292179
 76.353793 -3.309242
 76.862818 -3.396412
 77.371843 -3.344729
 77.880868 -3.324164
 78.389894 -3.328572
 78.898919 -3.416433
 79.407944 -3.392470
 79.916970 -3.275758
 80.425995 -3.352369
 80.935020 -3.399140
 81.444045 -3.366922
 81.953071 -3.349442
 82.462096 -3.363533
 82.971121 -3.371657
 83.480147 -3.330723
 83.989172 -3.286446
 84.498197 -3.395050
 85.007222 -3.380124
 85.516248 -3.394661
 86.025273 -3.330092
 86.534298 -3.248131
 87.043323 -3.369498
 87.552349 -3.435909
 88.061374 -3.363741
 88.570399 -3.317516
 89.079425 -3.409332
 89.588450 -3.405030
 90.097475 -3.313267
 90.606500 -3.309218
 91.115526 -3.418368
 91.624551 -3.403311
 92.133576 -3.340613
 92.642602 -3.255009
 93.151627 -3.357059
 93.660652 -3.387488
 94.169677 -3.342809
 94.678703 -3.363169
 95.187728 -3.374592
 95.696753 -3.440043
 96.205779 -3.332238
 96.714804 -3.332580
 97.223829 -3.381649
 97.732854 -3.341090
 98.241880 -3.308919
 98.750905 -3.328240
 99.259930 -3.337377
 99.768956 -3.395505
 100.277981 -3.339069
 100.787006 -3.339701
 101.296031 -3.376158
 101.805057 -3.343627
 102.314082 -3.384376
 102.823107 -3.397232
 103.332133 -3.424440
 103.841158 -3.356295
 104.350183 -3.333506
 104.859208 -3.407062
 105.368234 -3.385415
 105.877259 -3.287583
 106.386284 -3.338645
 106.895310 -3.372193
 107.404335 -3.411526
 107.913360 -3.350602
 108.422385 -3.339661
 108.931411 -3.360334
 109.440436 -3.422290
 109.949461 -3.374880
 110.458487 -3.336281
 110.967512 -3.361761
 111.476537 -3.385601
 111.985562 -3.334798
 112.494588 -3.309490
 113.003613 -3.355244
 113.512638 -3.366984
 114.021664 -3.371207
 114.530689 -3.373636
 115.039714 -3.400537
 115.548739 -3.298708
 116.057765 -3.269483
 116.566790 -3.390938
 117.075815 -3.446005
 117.584841 -3.399149
 118.093866 -3.372742
 118.602891 -3.418885
 119.111916 -3.365255
 119.620942 -3.381883
 120.129967 -3.356150
 120.638992 -3.345913
 121.148017 -3.423040
 121.657043 -3.370464
 122.166068 -3.360868
 122.675093 -3.395770
 123.184119 -3.340641
 123.693144 -3.273145
 124.202169 -3.356136
 124.711194 -3.428290
 125.220220 -3.360795
 125.729245 -3.331114
 126.238270 -3.358693
 126.747296 -3.331530
 127.256321 -3.367790
 127.765346 -3.347705
 128.274371 -3.368139
 128.783397 -3.321658
 129.292422 -3.319686
 129.801447 -3.364251
 130.310473 -3.397663
 130.819498 -3.367288
 131.328523 -3.262778
 131.837548 -3.363385
 132.346574 -3.426584
 132.855599 -3.391940
 133.364624 -3.259090
 133.873650 -3.352920
 134.382675 -3.377124
 134.891700 -3.345071
 135.400725 -3.285556
 135.909751 -3.398776
 136.418776 -3.393525
 136.927801 -3.375547
 137.436827 -3.383866
 137.945852 -3.369667
 138.454877 -3.320363
 138.963902 -3.326204
 139.472928 -3.459917
 139.981953 -3.341770
 140.490978 -3.231851
 141.000004 -3.338222
 141.509029 -3.488151
 142.018054 -3.385904
 142.527079 -3.283709
 143.036105 -3.329661
 143.545130 -3.397770
 144.054155 -3.364010
 144.563181 -3.339575
 145.072206 -3.365311
 145.581231 -3.345080
 146.090256 -3.314505
 146.599282 -3.375726
 147.108307 -3.402340
 147.617332 -3.332218
 148.126358 -3.339385
 148.635383 -3.366320
 149.144408 -3.371502
 149.653433 -3.370529
 150.162459 -3.380068
 150.671484 -3.379796
 151.180509 -3.348060
 151.689535 -3.336276
 152.198560 -3.395421
 152.707585 -3.392240
 153.216610 -3.382561
 153.725636 -3.341780
 154.234661 -3.384390
 154.743686 -3.360420
 155.252711 -3.307888
 155.761737 -3.313196
 156.270762 -3.360741
 156.779787 -3.380908
 157.288813 -3.378269
 157.797838 -3.324072
 158.306863 -3.364447
 158.815888 -3.422484
 159.324914 -3.385314
 159.833939 -3.351526
 160.342964 -3.337323
 160.851990 -3.359524
 161.361015 -3.392756
 161.870040 -3.356597
 162.379065 -3.313083
 162.888091 -3.432453
 163.397116 -3.388911
 163.906141 -3.313126
 164.415167 -3.317261
 164.924192 -3.351800
 165.433217 -3.391285
 165.942242 -3.363264
 166.451268 -3.339104
 166.960293 -3.366380
 167.469318 -3.417690
 167.978344 -3.359696
 168.487369 -3.307683
 168.996394 -3.344067
 169.505419 -3.365769
 170.014445 -3.304242
 170.523470 -3.371363
 171.032495 -3.312708
 171.541521 -3.392616
 172.050546 -3.386971
 172.559571 -3.363173
 173.068596 -3.357310
 173.577622 -3.334481
 174.086647 -3.340536
 174.595672 -3.332541
 175.104698 -3.360751
 175.613723 -3.437562
 176.122748 -3.338987
 176.631773 -3.296734
 177.140799 -3.340371
 177.649824 -3.426903
 178.158849 -3.350286
 178.667875 -3.342431
 179.176900 -3.391015
 179.685925 -3.419965
 180.194950 -3.343409
 180.703976 -3.318337
 181.213001 -3.345502
 181.722026 -3.400343
 182.231052 -3.380685
 182.740077 -3.304823
 183.249102 -3.345942
 183.758127 -3.366277
 184.267153 -3.417733
 184.776178 -3.385711
 185.285203 -3.317336
 185.794228 -3.325275
 186.303254 -3.401244
 186.812279 -3.322419
 187.321304 -3.238679
 187.830330 -3.432060
 188.339355 -3.472261
 188.848380 -3.333657
 189.357405 -3.275945
 189.866431 -3.402403
 190.375456 -3.405331
 190.884481 -3.361072
 191.393507 -3.296720
 191.902532 -3.398876
 192.411557 -3.293830
 192.920582 -3.308801
 193.429608 -3.405060
 193.938633 -3.359488
 194.447658 -3.309141
 194.956684 -3.310162
 195.465709 -3.423835
 195.974734 -3.456675
 196.483759 -3.331184
 196.992785 -3.314808
 197.501810 -3.347384
 198.010835 -3.360335
 198.519861 -3.381485
 199.028886 -3.407685
 199.537911 -3.389304
 200.046936 -3.323576
 200.555962 -3.277350
 201.064987 -3.305893
 201.574012 -3.363545
 202.083038 -3.457498
 202.592063 -3.383582
 203.101088 -3.295981
 203.610113 -3.301770
 204.119139 -3.392504
 204.628164 -3.442449
 205.137189 -3.291470
 205.646215 -3.368174
 206.155240 -3.375162
 206.664265 -3.385905
 207.173290 -3.340434
 207.682316 -3.411028
 208.191341 -3.367907
 208.700366 -3.337813
 209.209392 -3.368454
 209.718417 -3.399080
 210.227442 -3.377674
 210.736467 -3.287768
 211.245493 -3.412046
 211.754518 -3.483252
 212.263543 -3.322313
 212.772569 -3.249349
 213.281594 -3.391704
 213.790619 -3.421258
 214.299644 -3.290414
 214.808670 -3.309488
 215.317695 -3.390167
 215.826720 -3.398232
 216.335746 -3.339876
 216.844771 -3.340780
 217.353796 -3.313265
 217.862821 -3.321938
 218.371847 -3.418638
 218.880872 -3.416234
 219.389897 -3.402157
 219.898922 -3.291145
 220.407948 -3.298599
 220.916973 -3.296576
 221.425998 -3.385217
 221.935024 -3.416969
 222.444049 -3.298158
 222.953074 -3.305324
 223.462099 -3.438934
 223.971125 -3.413140
 224.480150 -3.331853
 224.989175 -3.265274
 225.498201 -3.333777
 226.007226 -3.437545
 226.516251 -3.411998
 227.025276 -3.285816
 227.534302 -3.291914
 228.043327 -3.440671
 228.552352 -3.436433
 229.061378 -3.321612
 229.570403 -3.259157
 230.079428 -3.380772
 230.588453 -3.398263
 231.097479 -3.365492
 231.606504 -3.301513
 232.115529 -3.382897
 232.624555 -3.407260
 233.133580 -3.357867
 233.642605 -3.312369
 234.151630 -3.339847
 234.660656 -3.366428
 235.169681 -3.376597
 235.678706 -3.374756
 236.187732 -3.319476
 236.696757 -3.366484
 237.205782 -3.408232
 237.714807 -3.318036
 238.223833 -3.356674
 238.732858 -3.374912
 239.241883 -3.359604
 239.750909 -3.292184
 240.259934 -3.354664
 240.768959 -3.449608
 241.277984 -3.342773
 241.787010 -3.281698
 242.296035 -3.424006
 242.805060 -3.463905
 243.314086 -3.317698
 243.823111 -3.272405
 244.332136 -3.363200
 244.841161 -3.402431
 245.350187 -3.380621
 245.859212 -3.303963
 246.368237 -3.342236
 246.877263 -3.366803
 247.386288 -3.389786
 247.895313 -3.381347
 248.404338 -3.342477
 248.913364 -3.339726
 249.422389 -3.366794
 249.931414 -3.345266
 250.440440 -3.334589
 250.949465 -3.395094
 251.458490 -3.374682
 251.967515 -3.339874
 252.476541 -3.309339
 252.985566 -3.407224
 253.494591 -3.405594
 254.003616 -3.332132
 254.512642 -3.325901
 255.021667 -3.388437
 255.530692 -3.401304
 256.039718 -3.332029
 256.548743 -3.301174
 257.057768 -3.385766
 257.566793 -3.369635
 258.075819 -3.361528
 258.584844 -3.378162
 259.093869 -3.346469
 259.602895 -3.365181
 260.111920 -3.370593
 260.620945 -3.365615
 261.129970 -3.356313
 261.638996 -3.369242
 262.148021 -3.340786
 262.657046 -3.327849
 263.166072 -3.324829
 263.675097 -3.353647
 264.184122 -3.389157
 264.693147 -3.338080
 265.202173 -3.297244
 265.711198 -3.333536
 266.220223 -3.404087
 266.729249 -3.400948
 267.238274 -3.292870
 267.747299 -3.259471
 268.256324 -3.405385
 268.765350 -3.386312
 269.274375 -3.339087
 269.783400 -3.399931
 270.292426 -3.351444
 270.801451 -3.357427
 271.310476 -3.336866
 271.819501 -3.377528
 272.328527 -3.441605
 272.837552 -3.360187
 273.346577 -3.323306
 273.855603 -3.349856
 274.364628 -3.403078
 274.873653 -3.355167
 275.382678 -3.419570
 275.891704 -3.373290
 276.400729 -3.326189
 276.909754 -3.327710
 277.418780 -3.352261
 277.927805 -3.409195
 278.436830 -3.378398
 278.945855 -3.301176
 279.454881 -3.316239
 279.963906 -3.377015
 280.472931 -3.379240
 280.981957 -3.340801
 281.490982 -3.368562
 282.000007 -3.333388
 282.509032 -3.360987
 283.018058 -3.410518
 283.527083 -3.337562
 284.036108 -3.398177
 284.545134 -3.377677
 285.054159 -3.362965
 285.563184 -3.331541
 286.072209 -3.365677
 286.581235 -3.357129
 287.090260 -3.362742
 287.599285 -3.315534
 288.108310 -3.392078
 288.617336 -3.370803
 289.126361 -3.324200
 289.635386 -3.269922
 290.144412 -3.321233
 290.653437 -3.398211
 291.162462 -3.382850
 291.671487 -3.331625
 292.180513 -3.342365
 292.689538 -3.366610
 293.198563 -3.377441
 293.707589 -3.371540
 294.216614 -3.355511
 294.725639 -3.339253
 295.234664 -3.395612
 295.743690 -3.414664
 296.252715 -3.350341
 296.761740 -3.332832
 297.270766 -3.346249
 297.779791 -3.327509
 298.288816 -3.336692
 298.797841 -3.371061
 299.306867 -3.383374
 299.815892 -3.341509
 300.324917 -3.320456
 300.833943 -3.292728
 301.342968 -3.345869
 301.851993 -3.379127
 302.361018 -3.372480
 302.870044 -3.295450
 303.379069 -3.313255
 303.888094 -3.397672
 304.397120 -3.382988
 304.906145 -3.363049
 305.415170 -3.370913
 305.924195 -3.374381
 306.433221 -3.370598
 306.942246 -3.380780
 307.451271 -3.384874
 307.960297 -3.299638
 308.469322 -3.353530
 308.978347 -3.381123
 309.487372 -3.366397
 309.996398 -3.330477
 310.505423 -3.317330
 311.014448 -3.365622
 311.523474 -3.411803
 312.032499 -3.302361
 312.541524 -3.352479
 313.050549 -3.391434
 313.559575 -3.409786
 314.068600 -3.369603
 314.577625 -3.294635
 315.086651 -3.353233
 315.595676 -3.409081
 316.104701 -3.369053
 316.613726 -3.326902
 317.122752 -3.365534
 317.631777 -3.403747
 318.140802 -3.342520
 318.649828 -3.288949
 319.158853 -3.352657
 319.667878 -3.306227
 320.176903 -3.317202
 320.685929 -3.400320
 321.194954 -3.312331
 321.703979 -3.288269
 322.213004 -3.396891
 322.722030 -3.421134
 323.231055 -3.323681
 323.740080 -3.294598
 324.249106 -3.410495
 324.758131 -3.389786
 325.267156 -3.292079
 325.776181 -3.280039
 326.285207 -3.404519
 326.794232 -3.419089
 327.303257 -3.376042
 327.812283 -3.369640
 328.321308 -3.337117
 328.830333 -3.311328
 329.339358 -3.336588
 329.848384 -3.404256
 330.357409 -3.366476
 330.866434 -3.384071
 331.375460 -3.320486
 331.884485 -3.300122
 332.393510 -3.408458
 332.902535 -3.363968
 333.411561 -3.329760
 333.920586 -3.335437
 334.429611 -3.328793
 334.938637 -3.331032
 335.447662 -3.369374
 335.956687 -3.335188
 336.465712 -3.370117
 336.974738 -3.311746
 337.483763 -3.372172
 337.992788 -3.435666
 338.501814 -3.364747
 339.010839 -3.319659
 339.519864 -3.350072
 340.028889 -3.428752
 340.537915 -3.326716
 341.046940 -3.320023
 341.555965 -3.397261
 342.064991 -3.360857
 342.574016 -3.293557
 343.083041 -3.376176
 343.592066 -3.368873
 344.101092 -3.353359
 344.610117 -3.358132
 345.119142 -3.331414
 345.628168 -3.355738
 346.137193 -3.322917
 346.646218 -3.410629
 347.155243 -3.436717
 347.664269 -3.314097
 348.173294 -3.349685
 348.682319 -3.372514
 349.191345 -3.369038
 349.700370 -3.365019
 350.209395 -3.358714
 350.718420 -3.355747
 351.227446 -3.361183
 351.736471 -3.360568
 352.245496 -3.376539
 352.754522 -3.354678
 353.263547 -3.361745
 353.772572 -3.356819
 354.281597 -3.363849
 354.790623 -3.346632
 355.299648 -3.363256
 355.808673 -3.402078
 356.317698 -3.381900
 356.826724 -3.304057
 357.335749 -3.320851
 357.844774 -3.370948
 358.353800 -3.371063
 358.862825 -3.320438
 359.371850 -3.366362
 359.880875 -3.360819
 360.389901 -3.354581
 360.898926 -3.311646
 361.407951 -3.384775
 361.916977 -3.453152
 362.426002 -3.365786
 362.935027 -3.317589
 363.444052 -3.357094
 363.953078 -3.385103
 364.462103 -3.262278
 364.971128 -3.317119
 365.480154 -3.421412
 365.989179 -3.383166
 366.498204 -3.313527
 367.007229 -3.384939
 367.516255 -3.380488
 368.025280 -3.314870
 368.534305 -3.346881
 369.043331 -3.370051
 369.552356 -3.358646
 370.061381 -3.409133
 370.570406 -3.377192
 371.079432 -3.264513
 371.588457 -3.364303
 372.097482 -3.447222
 372.606508 -3.362517
 373.115533 -3.310533
 373.624558 -3.348909
 374.133583 -3.306913
 374.642609 -3.351294
 375.151634 -3.399521
 375.660659 -3.387306
 376.169685 -3.354700
 376.678710 -3.304048
 377.187735 -3.347277
 377.696760 -3.378038
 378.205786 -3.389525
 378.714811 -3.321798
 379.223836 -3.315474
 379.732862 -3.383313
 380.241887 -3.351296
 380.750912 -3.348583
 381.259937 -3.414484
 381.768963 -3.369499
 382.277988 -3.296646
 382.787013 -3.292508
 383.296039 -3.397837
 383.805064 -3.407207
 384.314089 -3.336135
 384.823114 -3.331327
 385.332140 -3.394122
 385.841165 -3.399128
 386.350190 -3.319290
 386.859216 -3.336428
 387.368241 -3.372131
 387.877266 -3.400337
 388.386291 -3.370117
 388.895317 -3.378597
 389.404342 -3.317032
 389.913367 -3.356557
 390.422392 -3.362671
 390.931418 -3.439158
 391.440443 -3.344272
 391.949468 -3.354477
 392.458494 -3.325234
 392.967519 -3.314225
 393.476544 -3.445556
 393.985569 -3.425427
 394.494595 -3.330771
 395.003620 -3.325721
 395.512645 -3.385122
 396.021671 -3.323225
 396.530696 -3.402187
 397.039721 -3.407129
 397.548746 -3.355939
 398.057772 -3.324951
 398.566797 -3.355077
 399.075822 -3.372150
 399.584848 -3.322194
 400.093873 -3.309565
 400.602898 -3.370436
 401.111923 -3.385587
 401.620949 -3.353023
 402.129974 -3.338074
 402.638999 -3.289187
 403.148025 -3.409285
 403.657050 -3.426249
 404.166075 -3.303180
 404.675100 -3.312863
 405.184126 -3.355703
 405.693151 -3.296599
 406.202176 -3.342706
 406.711202 -3.421290
 407.220227 -3.392116
 407.729252 -3.328874
 408.238277 -3.337908
 408.747303 -3.380755
 409.256328 -3.369113
 409.765353 -3.377880
 410.274379 -3.282638
 410.783404 -3.371246
 411.292429 -3.389628
 411.801454 -3.354699
 412.310480 -3.376544
 412.819505 -3.329889
 413.328530 -3.356621
 413.837556 -3.338651
 414.346581 -3.408533
 414.855606 -3.417096
 415.364631 -3.351234
 415.873657 -3.357048
 416.382682 -3.392417
 416.891707 -3.424039
 417.400733 -3.335958
 417.909758 -3.300910
 418.418783 -3.432002
 418.927808 -3.374167
 419.436834 -3.305160
 419.945859 -3.346751
 420.454884 -3.415270
 420.963910 -3.380105
 421.472935 -3.342303
 421.981960 -3.324910
 422.490985 -3.287218
 423.000011 -3.354779
 423.509036 -3.385018
 424.018061 -3.327274
 424.527086 -3.329852
 425.036112 -3.361880
 425.545137 -3.370146
 426.054162 -3.344986
 426.563188 -3.378740
 427.072213 -3.327728
 427.581238 -3.321409
 428.090263 -3.407225
 428.599289 -3.383036
 429.108314 -3.351057
 429.617339 -3.347872
 430.126365 -3.376537
 430.635390 -3.405911
 431.144415 -3.315350
 431.653440 -3.291662
 432.162466 -3.407254
 432.671491 -3.378822
 433.180516 -3.347049
 433.689542 -3.420593
 434.198567 -3.390308
 434.707592 -3.335859
 435.216617 -3.307567
 435.725643 -3.281632
 436.234668 -3.427767
 436.743693 -3.459620
 437.252719 -3.313891
 437.761744 -3.319255
 438.270769 -3.377131
 438.779794 -3.350411
 439.288820 -3.359040
 439.797845 -3.377874
 440.306870 -3.342741
 440.815896 -3.348336
 441.324921 -3.359894
 441.833946 -3.430903
 442.342971 -3.374101
 442.851997 -3.282829
 443.361022 -3.284221
 443.870047 -3.358705
 444.379073 -3.411258
 444.888098 -3.407973
 445.397123 -3.348821
 445.906148 -3.357594
 446.415174 -3.363067
 446.924199 -3.307157
 447.433224 -3.311051
 447.942250 -3.389210
 448.451275 -3.347486
 448.960300 -3.370074
 449.469325 -3.350045
 449.978351 -3.324031
 450.487376 -3.413810
 450.996401 -3.419113
 451.505427 -3.334118
 452.014452 -3.311328
 452.523477 -3.347615
 453.032502 -3.410403
 453.541528 -3.366877
 454.050553 -3.319381
 454.559578 -3.323552
 455.068604 -3.413598
 455.577629 -3.372780
 456.086654 -3.320853
 456.595679 -3.283324
 457.104705 -3.378718
 457.613730 -3.415082
 458.122755 -3.350425
 458.631780 -3.336188
 459.140806 -3.330108
 459.649831 -3.376271
 460.158856 -3.367822
 460.667882 -3.346022
 461.176907 -3.337500
 461.685932 -3.368181
 462.194957 -3.333120
 462.703983 -3.331431
 463.213008 -3.351011
 463.722033 -3.439393
 464.231059 -3.386438
 464.740084 -3.336931
 465.249109 -3.260606
 465.758134 -3.355002
 466.267160 -3.436340
 466.776185 -3.368616
 467.285210 -3.286219
 467.794236 -3.364881
 468.303261 -3.421523
 468.812286 -3.384665
 469.321311 -3.276867
 469.830337 -3.334430
 470.339362 -3.404184
 470.848387 -3.363279
 471.357413 -3.331603
 471.866438 -3.315176
 472.375463 -3.389638
 472.884488 -3.356552
 473.393514 -3.358006
 473.902539 -3.374444
 474.411564 -3.340564
 474.920590 -3.333673
 475.429615 -3.376956
 475.938640 -3.376055
 476.447665 -3.341371
 476.956691 -3.276150
 477.465716 -3.355706
 477.974741 -3.411435
 478.483767 -3.386917
 478.992792 -3.351582
 479.501817 -3.320992
 480.010842 -3.372896
 480.519868 -3.352442
 481.028893 -3.400484
 481.537918 -3.410626
 482.046944 -3.304289
 482.555969 -3.302624
 483.064994 -3.434100
 483.574019 -3.389683
 484.083045 -3.333033
 484.592070 -3.344184
 485.101095 -3.396701
 485.610121 -3.337218
 486.119146 -3.350045
 486.628171 -3.365959
 487.137196 -3.303455
 487.646222 -3.324994
 488.155247 -3.390307
 488.664272 -3.387745
 489.173297 -3.351965
 489.682323 -3.325665
 490.191348 -3.339273
 490.700373 -3.333280
 491.209399 -3.372846
 491.718424 -3.360950
 492.227449 -3.318813
 492.736474 -3.359323
 493.245500 -3.383980
 493.754525 -3.358304
 494.263550 -3.306811
 494.772576 -3.347144
 495.281601 -3.374575
 495.790626 -3.368163
 496.299651 -3.303314
 496.808677 -3.309030
 497.317702 -3.370673
 497.826727 -3.401702
 498.335753 -3.299538
 498.844778 -3.367430
 499.353803 -3.397512
 499.862828 -3.383902
 500.371854 -3.309505
 500.880879 -3.261266
 501.389904 -3.366553
 501.898930 -3.443553
 502.407955 -3.351317
 502.916980 -3.289026
 503.426005 -3.389315
 503.935031 -3.386765
 504.444056 -3.344034
 504.953081 -3.303610
 505.462107 -3.347782
 505.971132 -3.428042
 506.480157 -3.401872
 506.989182 -3.386358
 507.498208 -3.333582
 508.007233 -3.315064
 508.516258 -3.383521
 509.025284 -3.449578
 509.534309 -3.368928
 510.043334 -3.269325
 510.552359 -3.367415
 511.061385 -3.398790
 511.570410 -3.356296
 512.079435 -3.348834
 512.588461 -3.345732
 513.097486 -3.287839
 513.606511 -3.324991
 514.115536 -3.398313
 514.624562 -3.373209
 515.133587 -3.292165
 515.642612 -3.321148
 516.151638 -3.386007
 516.660663 -3.367237
 517.169688 -3.365341
 517.678713 -3.327536
 518.187739 -3.365165
 518.696764 -3.362840
 519.205789 -3.362419
 519.714815 -3.377438
 520.223840 -3.380915
 520.732865 -3.338265
 521.241890 -3.361246
 521.750916 -3.410540
 522.259941 -3.406624
 522.768966 -3.379446
 523.277991 -3.338292
 523.787017 -3.347176
 524.296042 -3.380273
 524.805067 -3.362778
 525.314093 -3.341570
 525.823118 -3.366924
 526.332143 -3.370019
 526.841168 -3.318656
 527.350194 -3.392650
 527.859219 -3.371650
 528.368244 -3.311157
 528.877270 -3.286901
 529.386295 -3.375642
 529.895320 -3.434224
 530.404345 -3.367510
 530.913371 -3.237070
 531.422396 -3.320299
 531.931421 -3.446823
 532.440447 -3.359620
 532.949472 -3.273641
 533.458497 -3.377745
 533.967522 -3.447341
 534.476548 -3.324285
 534.985573 -3.304068
 535.494598 -3.379220
 536.003624 -3.388197
 536.512649 -3.368997
 537.021674 -3.300056
 537.530699 -3.372109
 538.039725 -3.403416
 538.548750 -3.332592
 539.057775 -3.345298
 539.566801 -3.339047
 540.075826 -3.351552
 540.584851 -3.383432
 541.093876 -3.332938
 541.602902 -3.382054
 542.111927 -3.363429
 542.620952 -3.306165
 543.129978 -3.324338
 543.639003 -3.437503
 544.148028 -3.332576
 544.657053 -3.289709
 545.166079 -3.313415
 545.675104 -3.406597
 546.184129 -3.383511
 546.693155 -3.292043
 547.202180 -3.377007
 547.711205 -3.373556
 548.220230 -3.388547
 548.729256 -3.374149
 549.238281 -3.327371
 549.747306 -3.408540
 550.256332 -3.368561
 550.765357 -3.313365
 551.274382 -3.372021
 551.783407 -3.392513
 552.292433 -3.314455
 552.801458 -3.312600
 553.310483 -3.333047
 553.819509 -3.415790
 554.328534 -3.360521
 554.837559 -3.293712
 555.346584 -3.363148
 555.855610 -3.424777
 556.364635 -3.362336
 556.873660 -3.317090
 557.382685 -3.290777
 557.891711 -3.386980
 558.400736 -3.352125
 558.909761 -3.367214
 559.418787 -3.340256
 559.927812 -3.369338
 560.436837 -3.395866
 560.945862 -3.342378
 561.454888 -3.302305
 561.963913 -3.358328
 562.472938 -3.401085
 562.981964 -3.357815
 563.490989 -3.299821
 564.000014 -3.395403
 564.509039 -3.428253
 565.018065 -3.345461
 565.527090 -3.353163
 566.036115 -3.393051
 566.545141 -3.366657
 567.054166 -3.311675
 567.563191 -3.356984
 568.072216 -3.399005
 568.581242 -3.333228
 569.090267 -3.294145
 569.599292 -3.404956
 570.108318 -3.415757
 570.617343 -3.350258
 571.126368 -3.312664
 571.635393 -3.352351
 572.144419 -3.352180
 572.653444 -3.380199
 573.162469 -3.335683
 573.671495 -3.322728
 574.180520 -3.407747
 574.689545 -3.448085
 575.198570 -3.298109
 575.707596 -3.253453
 576.216621 -3.381342
 576.725646 -3.425913
 577.234672 -3.336444
 577.743697 -3.405474
 578.252722 -3.372802
 578.761747 -3.387464
 579.270773 -3.326706
 579.779798 -3.363774
 580.288823 -3.384314
 580.797849 -3.339777
 581.306874 -3.310652
 581.815899 -3.325536
 582.324924 -3.347085
 582.833950 -3.348165
 583.342975 -3.362630
 583.852000 -3.320467
 584.361026 -3.304191
 584.870051 -3.383381
 585.379076 -3.372604
 585.888101 -3.397074
 586.397127 -3.337634
 586.906152 -3.337363
 587.415177 -3.314078
 587.924203 -3.309572
 588.433228 -3.325735
 588.942253 -3.425824
 589.451278 -3.437900
 589.960304 -3.360376
 590.469329 -3.291975
 590.978354 -3.323464
 591.487379 -3.374429
 591.996405 -3.395453
 592.505430 -3.283736
 593.014455 -3.411449
 593.523481 -3.413995
 594.032506 -3.301660
 594.541531 -3.367878
 595.050556 -3.386379
 595.559582 -3.332239
 596.068607 -3.343309
 596.577632 -3.377922
 597.086658 -3.383809
 597.595683 -3.393240
 598.104708 -3.337063
 598.613733 -3.364489
 599.122759 -3.364656
 599.631784 -3.373754
 600.140809 -3.359647
 600.649835 -3.323826
 601.158860 -3.367765
 601.667885 -3.410544
 602.176910 -3.415187
 602.685936 -3.318935
 603.194961 -3.283756
 603.703986 -3.414569
 604.213012 -3.415809
 604.722037 -3.327368
 605.231062 -3.357296
 605.740087 -3.374853
 606.249113 -3.324490
 606.758138 -3.338824
 607.267163 -3.394286
 607.776189 -3.440389
 608.285214 -3.347370
 608.794239 -3.343873
 609.303264 -3.350201
 609.812290 -3.382932
 610.321315 -3.372087
 610.830340 -3.361508
 611.339366 -3.357593
 611.848391 -3.335824
 612.357416 -3.412862
 612.866441 -3.407811
 613.375467 -3.292025
 613.884492 -3.339105
 614.393517 -3.379611
 614.902543 -3.337432
 615.411568 -3.335910
 615.920593 -3.409866
 616.429618 -3.328703
 616.938644 -3.357624
 617.447669 -3.373880
 617.956694 -3.345786
 618.465720 -3.319754
 618.974745 -3.334422
 619.483770 -3.345802
 619.992795 -3.458678
 620.501821 -3.358835
 621.010846 -3.248014
 621.519871 -3.317334
 622.028897 -3.427444
 622.537922 -3.334093
 623.046947 -3.304915
 623.555972 -3.349983
 624.064998 -3.407951
 624.574023 -3.371913
 625.083048 -3.312564
 625.592073 -3.404486
 626.101099 -3.383960
 626.610124 -3.336018
 627.119149 -3.339082
 627.628175 -3.391332
 628.137200 -3.368232
 628.646225 -3.352296
 629.155250 -3.365547
 629.664276 -3.386486
 630.173301 -3.331258
 630.682326 -3.385261
 631.191352 -3.396339
 631.700377 -3.350449
 632.209402 -3.317021
 632.718427 -3.378486
 633.227453 -3.313233
 633.736478 -3.330243
 634.245503 -3.406739
 634.754529 -3.344390
 635.263554 -3.280382
 635.772579 -3.403050
 636.281604 -3.357890
 636.790630 -3.300688
 637.299655 -3.309482
 637.808680 -3.369324
 638.317706 -3.424667
 638.826731 -3.350227
 639.335756 -3.366722
 639.844781 -3.343642
 640.353807 -3.328697
 640.862832 -3.382151
 641.371857 -3.351313
 641.880883 -3.280487
 642.389908 -3.349195
 642.898933 -3.346066
 643.407958 -3.322996
 643.916984 -3.364287
 644.426009 -3.374003
 644.935034 -3.358728
 645.444060 -3.341843
 645.953085 -3.339005
 646.462110 -3.445176
 646.971135 -3.359550
 647.480161 -3.269430
 647.989186 -3.369027
 648.498211 -3.425359
 649.007237 -3.347079
 649.516262 -3.338163
 650.025287 -3.392599
 650.534312 -3.382159
 651.043338 -3.342537
 651.552363 -3.327886
 652.061388 -3.327188
 652.570414 -3.381186
 653.079439 -3.420818
 653.588464 -3.383092
 654.097489 -3.285863
 654.606515 -3.349418
 655.115540 -3.410685
 655.624565 -3.346238
 656.133591 -3.310007
 656.642616 -3.373014
 657.151641 -3.415385
 657.660666 -3.302276
 658.169692 -3.316825
 658.678717 -3.356311
 659.187742 -3.326762
 659.696767 -3.371836
 660.205793 -3.362776
 660.714818 -3.309671
 661.223843 -3.369560
 661.732869 -3.410259
 662.241894 -3.374155
 662.750919 -3.309103
 663.259944 -3.332347
 663.768970 -3.387975
 664.277995 -3.379274
 664.787020 -3.355621
 665.296046 -3.336417
 665.805071 -3.333294
 666.314096 -3.353627
 666.823121 -3.423820
 667.332147 -3.366572
 667.841172 -3.301068
 668.350197 -3.305296
 668.859223 -3.414336
 669.368248 -3.393180
 669.877273 -3.341880
 670.386298 -3.413401
 670.895324 -3.404766
 671.404349 -3.338460
 671.913374 -3.292294
 672.422400 -3.446356
 672.931425 -3.368614
 673.440450 -3.330977
 673.949475 -3.396541
 674.458501 -3.401022
 674.967526 -3.369547
 675.476551 -3.380948
 675.985577 -3.348582
 676.494602 -3.315208
 677.003627 -3.373746
 677.512652 -3.411482
 678.021678 -3.323992
 678.530703 -3.314716
 679.039728 -3.401093
 679.548754 -3.385511
 680.057779 -3.393638
 680.566804 -3.287304
 681.075829 -3.335000
 681.584855 -3.394753
 682.093880 -3.374711
 682.602905 -3.335602
 683.111931 -3.287001
 683.620956 -3.373962
 684.129981 -3.398471
 684.639006 -3.388548
 685.148032 -3.353386
 685.657057 -3.360642
 686.166082 -3.339820
 686.675108 -3.356978
 687.184133 -3.374658
 687.693158 -3.322232
 688.202183 -3.354502
 688.711209 -3.345589
 689.220234 -3.380331
 689.729259 -3.361459
 690.238285 -3.316774
 690.747310 -3.294468
 691.256335 -3.344549
 691.765360 -3.372796
 692.274386 -3.398759
 692.783411 -3.369182
 693.292436 -3.313689
 693.801461 -3.366303
 694.310487 -3.370039
 694.819512 -3.271283
 695.328537 -3.355361
 695.837563 -3.428879
 696.346588 -3.404243
 696.855613 -3.335855
 697.364638 -3.387156
 697.873664 -3.407628
 698.382689 -3.353780
 698.891714 -3.381074
 699.400740 -3.356677
 699.909765 -3.377435
 700.418790 -3.326167
 700.927815 -3.365625
 701.436841 -3.387850
 701.945866 -3.368345
 702.454891 -3.361444
 702.963917 -3.254900
 703.472942 -3.317487
 703.981967 -3.391269
 704.490992 -3.366831
 705.000018 -3.292326
 705.509043 -3.314324
 706.018068 -3.466640
 706.527094 -3.404986
 707.036119 -3.317403
 707.545144 -3.316799
 708.054169 -3.335969
 708.563195 -3.391198
 709.072220 -3.365997
 709.581245 -3.309869
 710.090271 -3.353537
 710.599296 -3.380136
 711.108321 -3.328814
 711.617346 -3.357625
 712.126372 -3.385391
 712.635397 -3.351811
 713.144422 -3.340977
 713.653448 -3.374538
 714.162473 -3.350592
 714.671498 -3.245992
 715.180523 -3.368455
 715.689549 -3.384753
 716.198574 -3.399479
 716.707599 -3.344339
 717.216625 -3.333161
 717.725650 -3.348501
 718.234675 -3.352229
 718.743700 -3.385446
 719.252726 -3.311843
 719.761751 -3.331907
 720.270776 -3.446202
 720.779802 -3.342423
 721.288827 -3.247710
 721.797852 -3.379459
 722.306877 -3.494838
 722.815903 -3.337498
 723.324928 -3.241836
 723.833953 -3.328032
 724.342979 -3.454444
 724.852004 -3.402452
 725.361029 -3.319619
 725.870054 -3.270555
 726.379080 -3.358163
 726.888105 -3.463123
 727.397130 -3.385131
 727.906155 -3.320514
 728.415181 -3.366600
 728.924206 -3.356368
 729.433231 -3.305733
 729.942257 -3.359706
 730.451282 -3.381606
 730.960307 -3.321051
 731.469332 -3.360967
 731.978358 -3.445482
 732.487383 -3.337275
 732.996408 -3.288550
 733.505434 -3.374740
 734.014459 -3.419352
 734.523484 -3.410876
 735.032509 -3.378597
 735.541535 -3.314187
 736.050560 -3.310374
 736.559585 -3.415591
 737.068611 -3.356923
 737.577636 -3.341286
 738.086661 -3.375150
 738.595686 -3.324699
 739.104712 -3.337260
 739.613737 -3.386770
 740.122762 -3.405866
 740.631788 -3.421288
 741.140813 -3.368429
 741.649838 -3.346178
 742.158863 -3.362639
 742.667889 -3.380961
 743.176914 -3.382667
 743.685939 -3.321629
 744.194965 -3.357895
 744.703990 -3.335355
 745.213015 -3.329575
 745.722040 -3.370457
 746.231066 -3.372591
 746.740091 -3.380112
 747.249116 -3.376975
 747.758142 -3.277545
 748.267167 -3.348723
 748.776192 -3.440170
 749.285217 -3.365710
 749.794243 -3.283393
 750.303268 -3.340624
 750.812293 -3.443327
 751.321319 -3.344945
 751.830344 -3.268286
 752.339369 -3.404582
 752.848394 -3.383892
 753.357420 -3.393172
 753.866445 -3.344094
 754.375470 -3.337736
 754.884496 -3.352911
 755.393521 -3.300378
 755.902546 -3.311840
 756.411571 -3.366573
 756.920597 -3.356755
 757.429622 -3.338919
 757.938647 -3.315837
 758.447673 -3.328781
 758.956698 -3.371092
 759.465723 -3.358522
 759.974748 -3.382725
 760.483774 -3.372971
 760.992799 -3.324494
 761.501824 -3.365925
 762.010849 -3.414653
 762.519875 -3.418673
 763.028900 -3.309214
 763.537925 -3.321678
 764.046951 -3.368441
 764.555976 -3.388662
 765.065001 -3.394585
 765.574026 -3.357857
 766.083052 -3.332226
 766.592077 -3.335351
 767.101102 -3.355360
 767.610128 -3.380637
 768.119153 -3.367166
 768.628178 -3.349619
 769.137203 -3.382369
 769.646229 -3.385053
 770.155254 -3.357954
 770.664279 -3.360619
 771.173305 -3.393550
 771.682330 -3.433363
 772.191355 -3.304032
 772.700380 -3.287271
 773.209406 -3.390513
 773.718431 -3.415277
 774.227456 -3.371431
 774.736482 -3.297928
 775.245507 -3.324405
 775.754532 -3.386129
 776.263557 -3.357896
 776.772583 -3.300834
 777.281608 -3.364404
 777.790633 -3.396883
 778.299659 -3.351621
 778.808684 -3.367757
 779.317709 -3.294056
 779.826734 -3.375925
 780.335760 -3.367120
 780.844785 -3.358532
 781.353810 -3.292083
 781.862836 -3.353143
 782.371861 -3.445544
 782.880886 -3.376200
 783.389911 -3.324773
 783.898937 -3.322835
 784.407962 -3.420568
 784.916987 -3.382233
 785.426013 -3.349295
 785.935038 -3.364007
 786.444063 -3.396596
 786.953088 -3.375583
 787.462114 -3.326567
 787.971139 -3.392968
 788.480164 -3.349048
 788.989190 -3.308843
 789.498215 -3.371230
 790.007240 -3.334134
 790.516265 -3.376993
 791.025291 -3.369507
 791.534316 -3.308243
 792.043341 -3.331425
 792.552366 -3.379175
 793.061392 -3.387193
 793.570417 -3.338920
 794.079442 -3.350722
 794.588468 -3.345744
 795.097493 -3.324690
 795.606518 -3.379912
 796.115543 -3.353342
 796.624569 -3.324723
 797.133594 -3.427144
 797.642619 -3.363956
 798.151645 -3.319387
 798.660670 -3.362071
 799.169695 -3.431001
 799.678720 -3.349030
 800.187746 -3.319076
 800.696771 -3.315911
 801.205796 -3.343306
 801.714822 -3.408180
 802.223847 -3.376899
 802.732872 -3.366143
 803.241897 -3.386746
 803.750923 -3.372904
 804.259948 -3.334014
 804.768973 -3.288649
 805.277999 -3.343243
 805.787024 -3.364289
 806.296049 -3.348677
 806.805074 -3.353545
 807.314100 -3.348569
 807.823125 -3.307756
 808.332150 -3.337516
 808.841176 -3.399983
 809.350201 -3.439038
 809.859226 -3.290120
 810.368251 -3.295822
 810.877277 -3.371603
 811.386302 -3.406432
 811.895327 -3.395267
 812.404353 -3.364979
 812.913378 -3.356390
 813.422403 -3.372476
 813.931428 -3.325993
 814.440454 -3.333300
 814.949479 -3.405734
 815.458504 -3.409014
 815.967530 -3.283429
 816.476555 -3.314869
 816.985580 -3.425473
 817.494605 -3.340299
 818.003631 -3.296324
 818.512656 -3.347196
 819.021681 -3.418974
 819.530707 -3.376971
 820.039732 -3.321686
 820.548757 -3.272558
 821.057782 -3.393568
 821.566808 -3.456057
 822.075833 -3.347020
 822.584858 -3.288702
 823.093884 -3.312708
 823.602909 -3.453240
 824.111934 -3.411519
 824.620959 -3.226079
 825.129985 -3.244938
 825.639010 -3.392281
 826.148035 -3.417364
 826.657060 -3.341749
 827.166086 -3.262735
 827.675111 -3.330531
 828.184136 -3.404191
 828.693162 -3.318065
 829.202187 -3.313117
 829.711212 -3.414125
 830.220237 -3.412170
 830.729263 -3.357651
 831.238288 -3.303496
 831.747313 -3.322757
 832.256339 -3.345067
 832.765364 -3.418078
 833.274389 -3.369289
 833.783414 -3.262574
 834.292440 -3.336136
 834.801465 -3.416847
 835.310490 -3.373908
 835.819516 -3.340447
 836.328541 -3.359932
 836.837566 -3.419098
 837.346591 -3.348881
 837.855617 -3.309399
 838.364642 -3.366389
 838.873667 -3.372582
 839.382693 -3.347144
 839.891718 -3.348844
 840.400743 -3.360568
 840.909768 -3.383926
 841.418794 -3.316123
 841.927819 -3.285860
 842.436844 -3.314462
 842.945870 -3.350653
 843.454895 -3.390552
 843.963920 -3.347915
 844.472945 -3.396625
 844.981971 -3.374411
 845.490996 -3.273932
 846.000021 -3.322123
 846.509047 -3.324353
 847.018072 -3.376291
 847.527097 -3.499350
 848.036122 -3.306918
 848.545148 -3.236532
 849.054173 -3.422574
 849.563198 -3.445365
 850.072224 -3.361879
 850.581249 -3.325163
 851.090274 -3.342430
 851.599299 -3.383674
 852.108325 -3.385274
 852.617350 -3.379032
 853.126375 -3.360976
 853.635401 -3.335972
 854.144426 -3.388270
 854.653451 -3.370957
 855.162476 -3.375989
 855.671502 -3.378401
 856.180527 -3.433410
 856.689552 -3.363405
 857.198578 -3.311015
 857.707603 -3.375152
 858.216628 -3.411684
 858.725653 -3.348634
 859.234679 -3.302926
 859.743704 -3.367263
 860.252729 -3.345922
 860.761754 -3.358325
 861.270780 -3.278648
 861.779805 -3.335065
 862.288830 -3.394636
 862.797856 -3.335110
 863.306881 -3.303153
 863.815906 -3.384235
 864.324931 -3.404887
 864.833957 -3.323801
 865.342982 -3.328850
 865.852007 -3.361655
 866.361033 -3.357806
 866.870058 -3.361327
 867.379083 -3.430081
 867.888108 -3.323993
 868.397134 -3.296289
 868.906159 -3.374840
 869.415184 -3.405335
 869.924210 -3.348310
 870.433235 -3.311433
 870.942260 -3.335271
 871.451285 -3.374692
 871.960311 -3.409740
 872.469336 -3.330200
 872.978361 -3.299262
 873.487387 -3.312220
 873.996412 -3.387198
 874.505437 -3.394394
 875.014462 -3.330724
 875.523488 -3.354297
 876.032513 -3.363420
 876.541538 -3.373454
 877.050564 -3.368794
 877.559589 -3.384974
 878.068614 -3.331217
 878.577639 -3.313996
 879.086665 -3.377864
 879.595690 -3.358933
 880.104715 -3.392333
 880.613741 -3.362562
 881.122766 -3.291029
 881.631791 -3.299586
 882.140816 -3.385432
 882.649842 -3.410095
 883.158867 -3.289485
 883.667892 -3.316179
 884.176918 -3.394692
 884.685943 -3.349783
 885.194968 -3.355449
 885.703993 -3.414227
 886.213019 -3.332951
 886.722044 -3.319800
 887.231069 -3.406587
 887.740095 -3.415931
 888.249120 -3.371652
 888.758145 -3.324434
 889.267170 -3.350413
 889.776196 -3.399417
 890.285221 -3.322872
 890.794246 -3.391549
 891.303272 -3.378708
 891.812297 -3.306186
 892.321322 -3.352820
 892.830347 -3.339651
 893.339373 -3.361796
 893.848398 -3.382089
 894.357423 -3.362779
 894.866448 -3.286610
 895.375474 -3.408931
 895.884499 -3.396526
 896.393524 -3.336964
 896.902550 -3.286741
 897.411575 -3.325071
 897.920600 -3.372120
 898.429625 -3.404339
 898.938651 -3.390855
 899.447676 -3.358429
 899.956701 -3.307492
 900.465727 -3.320995
 900.974752 -3.376547
 901.483777 -3.317871
 901.992802 -3.302418
 902.501828 -3.352861
 903.010853 -3.385139
 903.519878 -3.361811
 904.028904 -3.298936
 904.537929 -3.348441
 905.046954 -3.417375
 905.555979 -3.353281
 906.065005 -3.336116
 906.574030 -3.397890
 907.083055 -3.370629
 907.592081 -3.338009
 908.101106 -3.367565
 908.610131 -3.379025
 909.119156 -3.376180
 909.628182 -3.376701
 910.137207 -3.375554
 910.646232 -3.312240
 911.155258 -3.333479
 911.664283 -3.425986
 912.173308 -3.356430
 912.682333 -3.309159
 913.191359 -3.336457
 913.700384 -3.301096
 914.209409 -3.324175
 914.718435 -3.405322
 915.227460 -3.356708
 915.736485 -3.273188
 916.245510 -3.316871
 916.754536 -3.419173
 917.263561 -3.345946
 917.772586 -3.285424
 918.281612 -3.336069
 918.790637 -3.359802
 919.299662 -3.342015
 919.808687 -3.290347
 920.317713 -3.371261
 920.826738 -3.408541
 921.335763 -3.330369
 921.844789 -3.335131
 922.353814 -3.357498
 922.862839 -3.409221
 923.371864 -3.396237
 923.880890 -3.339580
 924.389915 -3.376695
 924.898940 -3.357047
 925.407966 -3.326383
 925.916991 -3.359078
 926.426016 -3.373970
 926.935041 -3.368907
 927.444067 -3.349425
 927.953092 -3.338919
 928.462117 -3.318459
 928.971142 -3.296312
 929.480168 -3.349762
 929.989193 -3.361642
 930.498218 -3.342730
 931.007244 -3.368585
 931.516269 -3.327975
 932.025294 -3.409952
 932.534319 -3.424942
 933.043345 -3.322680
 933.552370 -3.235932
 934.061395 -3.377580
 934.570421 -3.455821
 935.079446 -3.416652
 935.588471 -3.281626
 936.097496 -3.335857
 936.606522 -3.361257
 937.115547 -3.399037
 937.624572 -3.355208
 938.133598 -3.321386
 938.642623 -3.389575
 939.151648 -3.382353
 939.660673 -3.333247
 940.169699 -3.429621
 940.678724 -3.403910
 941.187749 -3.316226
 941.696775 -3.291354
 942.205800 -3.346664
 942.714825 -3.446824
 943.223850 -3.337372
 943.732876 -3.302304
 944.241901 -3.383441
 944.750926 -3.399005
 945.259952 -3.401869
 945.768977 -3.330176
 946.278002 -3.325876
 946.787027 -3.374849
 947.296053 -3.406713
 947.805078 -3.325969
 948.314103 -3.322355
 948.823129 -3.402557
 949.332154 -3.362703
 949.841179 -3.342730
 950.350204 -3.355327
 950.859230 -3.343650
 951.368255 -3.327426
 951.877280 -3.364911
 952.386306 -3.375282
 952.895331 -3.335370
 953.404356 -3.319029
 953.913381 -3.353809
 954.422407 -3.339163
 954.931432 -3.312797
 955.440457 -3.453756
 955.949483 -3.407700
 956.458508 -3.324141
 956.967533 -3.404157
 957.476558 -3.417928
 957.985584 -3.350857
 958.494609 -3.309977
 959.003634 -3.330675
 959.512660 -3.405881
 960.021685 -3.397760
 960.530710 -3.357258
 961.039735 -3.263384
 961.548761 -3.364532
 962.057786 -3.408660
 962.566811 -3.390138
 963.075836 -3.372214
 963.584862 -3.322908
 964.093887 -3.290193
 964.602912 -3.347763
 965.111938 -3.334677
 965.620963 -3.371648
 966.129988 -3.406044
 966.639013 -3.337211
 967.148039 -3.337537
 967.657064 -3.394719
 968.166089 -3.391815
 968.675115 -3.300141
 969.184140 -3.296911
 969.693165 -3.423831
 970.202190 -3.421665
 970.711216 -3.315338
 971.220241 -3.304124
 971.729266 -3.411722
 972.238292 -3.393219
 972.747317 -3.310928
 973.256342 -3.386815
 973.765367 -3.449565
 974.274393 -3.334295
 974.783418 -3.261850
 975.292443 -3.381168
 975.801469 -3.408695
 976.310494 -3.313065
 976.819519 -3.331262
 977.328544 -3.455662
 977.837570 -3.464784
 978.346595 -3.336106
 978.855620 -3.286827
 979.364646 -3.309311
 979.873671 -3.456719
 980.382696 -3.345497
 980.891721 -3.315752
 981.400747 -3.381226
 981.909772 -3.370902
 982.418797 -3.381704
 982.927823 -3.349875
 983.436848 -3.373116
 983.945873 -3.379433
 984.454898 -3.335876
 984.963924 -3.308907
 985.472949 -3.332003
 985.981974 -3.345598
 986.491000 -3.370049
 987.000025 -3.316931
 987.509050 -3.386747
 988.018075 -3.360567
 988.527101 -3.350017
 989.036126 -3.377870
 989.545151 -3.359186
 990.054177 -3.312502
 990.563202 -3.386404
 991.072227 -3.385712
 991.581252 -3.389041
 992.090278 -3.337401
 992.599303 -3.319667
 993.108328 -3.339751
 993.617354 -3.361583
 994.126379 -3.364532
 994.635404 -3.370930
 995.144429 -3.266750
 995.653455 -3.324401
 996.162480 -3.425238
 996.671505 -3.371549
 997.180530 -3.356195
 997.689556 -3.342130
 998.198581 -3.370140
 998.707606 -3.370628
 999.216632 -3.317411
 999.725657 -3.351332
 1000.234682 -3.363746
 1000.743707 -3.373809
 1001.252733 -3.357893
 1001.761758 -3.322424
 1002.270783 -3.360340
 1002.779809 -3.414003
 1003.288834 -3.418471
 1003.797859 -3.313392
 1004.306884 -3.285308
 1004.815910 -3.381606
 1005.324935 -3.379007
 1005.833960 -3.349806
 1006.342986 -3.339743
 1006.852011 -3.286880
 1007.361036 -3.358851
 1007.870061 -3.363996
 1008.379087 -3.359977
 1008.888112 -3.296090
 1009.397137 -3.387523
 1009.906163 -3.363332
 1010.415188 -3.358227
 1010.924213 -3.372430
 1011.433238 -3.309561
 1011.942264 -3.334521
 1012.451289 -3.409711
 1012.960314 -3.317545
 1013.469340 -3.320574
 1013.978365 -3.402050
 1014.487390 -3.373579
 1014.996415 -3.307151
 1015.505441 -3.326307
 1016.014466 -3.375706
 1016.523491 -3.346443
 1017.032517 -3.326172
 1017.541542 -3.379462
 1018.050567 -3.360294
