#! FIELDS time cv
 0.000000 -2.989035
 0.509025 -3.047053
 1.018051 -3.200644
 1.527076 -3.154713
 2.036101 -3.024444
 2.545126 -3.070763
 3.054152 -3.130078
 3.563177 -3.119485
 4.072202 -3.102318
 4.581228 -3.137557
 5.090253 -3.118162
 5.599278 -3.092686
 6.108303 -3.058761
 6.617329 -3.035792
 7.126354 -3.145188
 7.635379 -3.136686
 8.144405 -3.028160
 8.653430 -3.110143
 9.162455 -3.126110
 9.671480 -3.068417
 10.180506 -3.083804
 10.689531 -3.098826
 11.198556 -3.088932
 11.707582 -3.105471
 12.216607 -3.113198
 12.725632 -3.119232
 13.234657 -3.079631
 13.743683 -3.011952
 14.252708 -3.125434
 14.761733 -3.169696
 15.270759 -3.126909
 15.779784 -3.069374
 16.288809 -3.047690
 16.797834 -3.181977
 17.306860 -3.113900
 17.815885 -3.022142
 18.324910 -3.092851
 18.833935 -3.158549
 19.342961 -3.081467
 19.851986 -3.053083
 20.361011 -3.135425
 20.870037 -3.120201
 21.379062 -3.024498
 21.888087 -3.133040
 22.397112 -3.121248
 22.906138 -3.105535
 23.415163 -3.123525
 23.924188 -3.085712
 24.433214 -3.058828
 24.942239 -3.168177
 25.451264 -3.146432
 25.960289 -3.052313
 26.469315 -3.107010
 26.978340 -3.185220
 27.487365 -3.120573
 27.996391 -3.070593
 28.505416 -3.064213
 29.014441 -3.115950
 29.523466 -3.116104
 30.032492 -3.112535
 30.541517 -3.096464
 31.050542 -3.072916
 31.559568 -3.066833
 32.068593 -3.168610
 32.577618 -3.117075
 33.086643 -3.091930
 33.595669 -3.098588
 34.104694 -3.102166
 34.613719 -3.175313
 35.122745 -3.071274
 35.631770 -3.083090
 36.140795 -3.153752
 36.649820 -3.147837
 37.158846 -3.032800
 37.667871 -3.012592
 38.176896 -3.186534
 38.685922 -3.162995
 39.194947 -3.037852
 39.703972 -3.016052
 40.212997 -3.147924
 40.722023 -3.171510
 41.231048 -3.042538
 41.740073 -3.103673
 42.249099 -3.152854
 42.758124 -3.122843
 43.267149 -3.073116
 43.776174 -3.088559
 44.285200 -3.123192
 44.794225 -3.145897
 45.303250 -3.058877
 45.812276 -3.086314
 46.321301 -3.152966
 46.830326 -3.141610
 47.339351 -3.073580
 47.848377 -3.033813
 48.357402 -3.129459
 48.866427 -3.160665
 49.375453 -3.088712
 49.884478 -3.082082
 50.393503 -3.093062
 50.902528 -3.156853
 51.411554 -3.141325
 51.920579 -3.062156
 52.429604 -3.118241
 52.938629 -3.108592
 53.447655 -3.106316
 53.956680 -3.090083
 54.465705 -3.098300
 54.974731 -3.084832
 55.483756 -3.113394
 55.992781 -3.093987
 56.501806 -3.096953
 57.010832 -3.097765
 57.519857 -3.119138
 58.028882 -3.066648
 58.537908 -3.136435
 59.046933 -3.126089
 59.555958 -3.093998
 60.064983 -3.076908
 60.574009 -3.068422
 61.083034 -3.144389
 61.592059 -3.119321
 62.101085 -3.035059
 62.610110 -3.132596
 63.119135 -3.128346
 63.628160 -3.053551
 64.137186 -3.048217
 64.646211 -3.112561
 65.155236 -3.125071
 65.664262 -3.113394
 66.173287 -3.136144
 66.682312 -3.108665
 67.191337 -3.086395
 67.700363 -3.047446
 68.209388 -3.040909
 68.718413 -3.140545
 69.227439 -3.141912
 69.736464 -3.087035
 70.245489 -3.070374
 70.754514 -3.088866
 71.263540 -3.136809
 71.772565 -3.136318
 72.281590 -3.092797
 72.790616 -3.045226
 73.299641 -3.057364
 73.808666 -3.138199
 74.317691 -3.115990
 74.826717 -3.080899
 75.335742 -3.099104
 75.844767 -3.122519
 76.353793 -3.128721
 76.862818 -3.099396
 77.371843 -3.056724
 77.880868 -3.091366
 78.389894 -3.080248
 78.898919 -3.142672
 79.407944 -3.119196
 79.916970 -3.017366
 80.425995 -3.107439
 80.935020 -3.189405
 81.444045 -3.138726
 81.953071 -3.077824
 82.462096 -3.063780
 82.971121 -3.081235
 83.480147 -3.063325
 83.989172 -3.120974
 84.498197 -3.155867
 85.007222 -3.069528
 85.516248 -3.054078
 86.025273 -3.127793
 86.534298 -3.139297
 87.043323 -3.083678
 87.552349 -3.085941
 88.061374 -3.092571
 88.570399 -3.095810
 89.079425 -3.136542
 89.588450 -3.156654
 90.097475 -3.069038
 90.606500 -3.060258
 91.115526 -3.153666
 91.624551 -3.120709
 92.133576 -3.085322
 92.642602 -3.114449
 93.151627 -3.101002
 93.660652 -3.105483
 94.169677 -3.125591
 94.678703 -3.073837
 95.187728 -3.073024
 95.696753 -3.156614
 96.205779 -3.115638
 96.714804 -2.990558
 97.223829 -3.145317
 97.732854 -3.114462
 98.241880 -3.077121
 98.750905 -3.111591
 99.259930 -3.144578
 99.768956 -3.076201
 100.277981 -3.099611
 100.787006 -3.073102
 101.296031 -3.091385
 101.805057 -3.131806
 102.314082 -3.084506
 102.823107 -3.047110
 103.332133 -3.081772
 103.841158 -3.084476
 104.350183 -3.127620
 104.859208 -3.111943
 105.368234 -3.120404
 105.877259 -3.076645
 106.386284 -3.067900
 106.895310 -3.119646
 107.404335 -3.096785
 107.913360 -3.081758
 108.422385 -3.070969
 108.931411 -3.123241
 109.440436 -3.091857
 109.949461 -3.158300
 110.458487 -3.150118
 110.967512 -3.083020
 111.476537 -3.136741
 111.985562 -3.152332
 112.494588 -3.112154
 113.003613 -3.013763
 113.512638 -3.109908
 114.021664 -3.173397
 114.530689 -3.055523
 115.039714 -3.026013
 115.548739 -3.117412
 116.057765 -3.144311
 116.566790 -3.145762
 117.075815 -3.107106
 117.584841 -3.049102
 118.093866 -3.141725
 118.602891 -3.149549
 119.111916 -3.057075
 119.620942 -3.030827
 120.129967 -3.184759
 120.638992 -3.155012
 121.148017 -3.062398
 121.657043 -3.016160
 122.166068 -3.111830
 122.675093 -3.155246
 123.184119 -3.048625
 123.693144 -3.065904
 124.202169 -3.126266
 124.711194 -3.162826
 125.220220 -3.051363
 125.729245 -3.073668
 126.238270 -3.161600
 126.747296 -3.143480
 127.256321 -3.033245
 127.765346 -3.048077
 128.274371 -3.102674
 128.783397 -3.114984
 129.292422 -3.096878
 129.801447 -3.094779
 130.310473 -3.162209
 130.819498 -3.130259
 131.328523 -3.080592
 131.837548 -3.057164
 132.346574 -3.096105
 132.855599 -3.157678
 133.364624 -3.143880
 133.873650 -3.093114
 134.382675 -3.020264
 134.891700 -3.126117
 135.400725 -3.133283
 135.909751 -3.104508
 136.418776 -3.041177
 136.927801 -3.118133
 137.436827 -3.141454
 137.945852 -3.064582
 138.454877 -3.022346
 138.963902 -3.140633
 139.472928 -3.160547
 139.981953 -3.103058
 140.490978 -3.073730
 141.000004 -3.065009
 141.509029 -3.137538
 142.018054 -3.100406
 142.527079 -3.028757
 143.036105 -3.045446
 143.545130 -3.126364
 144.054155 -3.123822
 144.563181 -3.083091
 145.072206 -3.125073
 145.581231 -3.128941
 146.090256 -3.094714
 146.599282 -3.131470
 147.108307 -3.098791
 147.617332 -3.053239
 148.126358 -3.125901
 148.635383 -3.135506
 149.144408 -3.090773
 149.653433 -3.115450
 150.162459 -3.108742
 150.671484 -3.117497
 151.180509 -3.114669
 151.689535 -3.134790
 152.198560 -3.073368
 152.707585 -3.090841
 153.216610 -3.084247
 153.725636 -3.093596
 154.234661 -3.118719
 154.743686 -3.188679
 155.252711 -3.062730
 155.761737 -3.050011
 156.270762 -3.029948
 156.779787 -3.111063
 157.288813 -3.072837
 157.797838 -3.063683
 158.306863 -3.087491
 158.815888 -3.166860
 159.324914 -3.096817
 159.833939 -3.029156
 160.342964 -3.085607
 160.851990 -3.148784
 161.361015 -3.120270
 161.870040 -3.059783
 162.379065 -3.151379
 162.888091 -3.128724
 163.397116 -3.040141
 163.906141 -3.103935
 164.415167 -3.208525
 164.924192 -3.115672
 165.433217 -3.046291
 165.942242 -3.147145
 166.451268 -3.097313
 166.960293 -3.023056
 167.469318 -3.121950
 167.978344 -3.159971
 168.487369 -3.049396
 168.996394 -3.091863
 169.505419 -3.166729
 170.014445 -3.059909
 170.523470 -3.056590
 171.032495 -3.164832
 171.541521 -3.120853
 172.050546 -3.071949
 172.559571 -3.129590
 173.068596 -3.139895
 173.577622 -3.066474
 174.086647 -3.061662
 174.595672 -3.136684
 175.104698 -3.150932
 175.613723 -3.056424
 176.122748 -3.069913
 176.631773 -3.151069
 177.140799 -3.125074
 177.649824 -3.037276
 178.158849 -3.100365
 178.667875 -3.132151
 179.176900 -3.077354
 179.685925 -3.108450
 180.194950 -3.103058
 180.703976 -3.095478
 181.213001 -3.085643
 181.722026 -3.090098
 182.231052 -3.137990
 182.740077 -3.141114
 183.249102 -3.000039
 183.758127 -3.057108
 184.267153 -3.144614
 184.776178 -3.169579
 185.285203 -3.063699
 185.794228 -3.110418
 186.303254 -3.109739
 186.812279 -3.091113
 187.321304 -3.124496
 187.830330 -3.077936
 188.339355 -3.095733
 188.848380 -3.135453
 189.357405 -3.129020
 189.866431 -3.111808
 190.375456 -3.072634
 190.884481 -3.131370
 191.393507 -3.181859
 191.902532 -3.111106
 192.411557 -3.075456
 192.920582 -3.105744
 193.429608 -3.117011
 193.938633 -3.101303
 194.447658 -3.082285
 194.956684 -3.136459
 195.465709 -3.140860
 195.974734 -3.055180
 196.483759 -3.078715
 196.992785 -3.125395
 197.501810 -3.095419
 198.010835 -3.053945
 198.519861 -3.158287
 199.028886 -3.074562
 199.537911 -3.077838
 200.046936 -3.110767
 200.555962 -3.159631
 201.064987 -3.068107
 201.574012 -3.036290
 202.083038 -3.126820
 202.592063 -3.055848
 203.101088 -3.133289
 203.610113 -3.076818
 204.119139 -3.140517
 204.628164 -3.088736
 205.137189 -3.071834
 205.646215 -3.139232
 206.155240 -3.139907
 206.664265 -3.089611
 207.173290 -3.090101
 207.682316 -3.115963
 208.191341 -3.095139
 208.700366 -3.047222
 209.209392 -3.115860
 209.718417 -3.127298
 210.227442 -3.029104
 210.736467 -3.110386
 211.245493 -3.170965
 211.754518 -3.057738
 212.263543 -3.047142
 212.772569 -3.154471
 213.281594 -3.097889
 213.790619 -3.099768
 214.299644 -3.078285
 214.808670 -3.158443
 215.317695 -3.120608
 215.826720 -3.079402
 216.335746 -3.134991
 216.844771 -3.115845
 217.353796 -3.081723
 217.862821 -3.064179
 218.371847 -3.073285
 218.880872 -3.169479
 219.389897 -3.110298
 219.898922 -3.061086
 220.407948 -3.117980
 220.916973 -3.121381
 221.425998 -3.110521
 221.935024 -3.085386
 222.444049 -3.112974
 222.953074 -3.050615
 223.462099 -3.106074
 223.971125 -3.198677
 224.480150 -3.078205
 224.989175 -3.044765
 225.498201 -3.115364
 226.007226 -3.177573
 226.516251 -3.078718
 227.025276 -3.111269
 227.534302 -3.117497
 228.043327 -3.097797
 228.552352 -3.100221
 229.061378 -3.161329
 229.570403 -3.075098
 230.079428 -3.090239
 230.588453 -3.095421
 231.097479 -3.099022
 231.606504 -3.104279
 232.115529 -3.075235
 232.624555 -3.129713
 233.133580 -3.133940
 233.642605 -3.127230
 234.151630 -3.094183
 234.660656 -3.138628
 235.169681 -3.062946
 235.678706 -3.062657
 236.187732 -3.085567
 236.696757 -3.128348
 237.205782 -3.116806
 237.714807 -2.964173
 238.223833 -3.156568
 238.732858 -3.188628
 239.241883 -3.057275
 239.750909 -3.025866
 240.259934 -3.177602
 240.768959 -3.129838
 241.277984 -3.071665
 241.787010 -3.091829
 242.296035 -3.081633
 242.805060 -3.088373
 243.314086 -3.092316
 243.823111 -3.047034
 244.332136 -3.143223
 244.841161 -3.125174
 245.350187 -3.029150
 245.859212 -3.068154
 246.368237 -3.183818
 246.877263 -3.109231
 247.386288 -2.999286
 247.895313 -3.069846
 248.404338 -3.164387
 248.913364 -3.140899
 249.422389 -3.005716
 249.931414 -3.102828
 250.440440 -3.134665
 250.949465 -3.021678
 251.458490 -3.110742
 251.967515 -3.166563
 252.476541 -3.076818
 252.985566 -3.045000
 253.494591 -3.156302
 254.003616 -3.160725
 254.512642 -3.061059
 255.021667 -3.057628
 255.530692 -3.146501
 256.039718 -3.150643
 256.548743 -3.060668
 257.057768 -3.057459
 257.566793 -3.095460
 258.075819 -3.121902
 258.584844 -3.085670
 259.093869 -3.105705
 259.602895 -3.095513
 260.111920 -3.105384
 260.620945 -3.122671
 261.129970 -3.088559
 261.638996 -3.085606
 262.148021 -3.143521
 262.657046 -3.055460
 263.166072 -3.098959
 263.675097 -3.119977
 264.184122 -3.085240
 264.693147 -3.113090
 265.202173 -3.181357
 265.711198 -3.151019
 266.220223 -3.037091
 266.729249 -3.049334
 267.238274 -3.171344
 267.747299 -3.092464
 268.256324 -3.046910
 268.765350 -3.107050
 269.274375 -3.185436
 269.783400 -3.071361
 270.292426 -3.061589
 270.801451 -3.113833
 271.310476 -3.146935
 271.819501 -3.118375
 272.328527 -3.066668
 272.837552 -3.090993
 273.346577 -3.096529
 273.855603 -3.062901
 274.364628 -3.102812
 274.873653 -3.136705
 275.382678 -3.075396
 275.891704 -3.102953
 276.400729 -3.143918
 276.909754 -3.120330
 277.418780 -3.114462
 277.927805 -3.084336
 278.436830 -3.060860
 278.945855 -3.125151
 279.454881 -3.103459
 279.963906 -3.094786
 280.472931 -3.075574
 280.981957 -3.096298
 281.490982 -3.144056
 282.000007 -3.110807
 282.509032 -3.065183
 283.018058 -3.155474
 283.527083 -3.137634
 284.036108 -3.070067
 284.545134 -3.079378
 285.054159 -3.084161
 285.563184 -3.076944
 286.072209 -3.122420
 286.581235 -3.161632
 287.090260 -3.036007
 287.599285 -2.991879
 288.108310 -3.151197
 288.617336 -3.164930
 289.126361 -3.044831
 289.635386 -3.094922
 290.144412 -3.183853
 290.653437 -3.125601
 291.162462 -3.063531
 291.671487 -3.104780
 292.180513 -3.115314
 292.689538 -3.068164
 293.198563 -3.089312
 293.707589 -3.171554
 294.216614 -3.176230
 294.725639 -3.035321
 295.234664 -3.041502
 295.743690 -3.056149
 296.252715 -3.158642
 296.761740 -3.100457
 297.270766 -3.045363
 297.779791 -3.159574
 298.288816 -3.162041
 298.797841 -3.055098
 299.306867 -3.080246
 299.815892 -3.160813
 300.324917 -3.116064
 300.833943 -2.999461
 301.342968 -3.082584
 301.851993 -3.182001
 302.361018 -3.142314
 302.870044 -3.061337
 303.379069 -3.129536
 303.888094 -3.117130
 304.397120 -3.127723
 304.906145 -3.022770
 305.415170 -3.123716
 305.924195 -3.188955
 306.433221 -3.050323
 306.942246 -3.060249
 307.451271 -3.124495
 307.960297 -3.144894
 308.469322 -3.104707
 308.978347 -3.053731
 309.487372 -3.094807
 309.996398 -3.107601
 310.505423 -3.115846
 311.014448 -3.121607
 311.523474 -3.102037
 312.032499 -3.047233
 312.541524 -3.143040
 313.050549 -3.122804
 313.559575 -3.036418
 314.068600 -3.095488
 314.577625 -3.152811
 315.086651 -3.163305
 315.595676 -3.055119
 316.104701 -3.099063
 316.613726 -3.130220
 317.122752 -3.117110
 317.631777 -3.096685
 318.140802 -3.082456
 318.649828 -3.072288
 319.158853 -3.101649
 319.667878 -3.105944
 320.176903 -3.086135
 320.685929 -3.120031
 321.194954 -3.112313
 321.703979 -3.102125
 322.213004 -3.171194
 322.722030 -3.135364
 323.231055 -3.051770
 323.740080 -3.107146
 324.249106 -3.084890
 324.758131 -3.105959
 325.267156 -3.095094
 325.776181 -3.130982
 326.285207 -3.110169
 326.794232 -3.155906
 327.303257 -3.057262
 327.812283 -3.077970
 328.321308 -3.125296
 328.830333 -3.090012
 329.339358 -3.115310
 329.848384 -3.081004
 330.357409 -3.151028
 330.866434 -3.066878
 331.375460 -3.105086
 331.884485 -3.125452
 332.393510 -3.143714
 332.902535 -3.073736
 333.411561 -3.146484
 333.920586 -3.104802
 334.429611 -3.073578
 334.938637 -3.103392
 335.447662 -3.082951
 335.956687 -3.121689
 336.465712 -3.143632
 336.974738 -3.078246
 337.483763 -3.121074
 337.992788 -3.184864
 338.501814 -3.095136
 339.010839 -3.025443
 339.519864 -3.150646
 340.028889 -3.168544
 340.537915 -3.126478
 341.046940 -3.083767
 341.555965 -3.104145
 342.064991 -3.122539
 342.574016 -3.048732
 343.083041 -3.068870
 343.592066 -3.098585
 344.101092 -3.100916
 344.610117 -3.128625
 345.119142 -3.079456
 345.628168 -3.084452
 346.137193 -3.107554
 346.646218 -3.064423
 347.155243 -3.110277
 347.664269 -3.136545
 348.173294 -3.133810
 348.682319 -3.057014
 349.191345 -3.101886
 349.700370 -3.182389
 350.209395 -3.134875
 350.718420 -3.085505
 351.227446 -3.084822
 351.736471 -3.171963
 352.245496 -3.082492
 352.754522 -3.088401
 353.263547 -3.178842
 353.772572 -3.065782
 354.281597 -3.070454
 354.790623 -3.092153
 355.299648 -3.155212
 355.808673 -3.145475
 356.317698 -3.089646
 356.826724 -3.074573
 357.335749 -3.135297
 357.844774 -3.085625
 358.353800 -3.068440
 358.862825 -3.092590
 359.371850 -3.144429
 359.880875 -3.061160
 360.389901 -3.084663
 360.898926 -3.140671
 361.407951 -3.183273
 361.916977 -3.026392
 362.426002 -3.043595
 362.935027 -3.191530
 363.444052 -3.158494
 363.953078 -3.040530
 364.462103 -3.044462
 364.971128 -3.102202
 365.480154 -3.138994
 365.989179 -3.114419
 366.498204 -3.059649
 367.007229 -3.118292
 367.516255 -3.126292
 368.025280 -3.069553
 368.534305 -3.103871
 369.043331 -3.099997
 369.552356 -3.078263
 370.061381 -3.092634
 370.570406 -3.074202
 371.079432 -3.086769
 371.588457 -3.124623
 372.097482 -3.091021
 372.606508 -3.108808
 373.115533 -3.090054
 373.624558 -3.103729
 374.133583 -3.128361
 374.642609 -3.124275
 375.151634 -3.056290
 375.660659 -3.130397
 376.169685 -3.103473
 376.678710 -3.052190
 377.187735 -3.114177
 377.696760 -3.159006
 378.205786 -3.096082
 378.714811 -3.051074
 379.223836 -3.091222
 379.732862 -3.066777
 380.241887 -3.067653
 380.750912 -3.146403
 381.259937 -3.112494
 381.768963 -3.025968
 382.277988 -3.131595
 382.787013 -3.130312
 383.296039 -3.129851
 383.805064 -3.051545
 384.314089 -3.106019
 384.823114 -3.149742
 385.332140 -3.124323
 385.841165 -3.061975
 386.350190 -3.086430
 386.859216 -3.176494
 387.368241 -3.093498
 387.877266 -3.053586
 388.386291 -3.121359
 388.895317 -3.120645
 389.404342 -3.060273
 389.913367 -3.121107
 390.422392 -3.134298
 390.931418 -3.094312
 391.440443 -3.067459
 391.949468 -3.095975
 392.458494 -3.116091
 392.967519 -3.096189
 393.476544 -3.099349
 393.985569 -3.130048
 394.494595 -3.083940
 395.003620 -3.057272
 395.512645 -3.109400
 396.021671 -3.157487
 396.530696 -3.076560
 397.039721 -3.063115
 397.548746 -3.137516
 398.057772 -3.109628
 398.566797 -3.120908
 399.075822 -3.038941
 399.584848 -3.065418
 400.093873 -3.142715
 400.602898 -3.163213
 401.111923 -3.112637
 401.620949 -3.118901
 402.129974 -3.126421
 402.638999 -3.084262
 403.148025 -3.142940
 403.657050 -3.124130
 404.166075 -3.069634
 404.675100 -3.102675
 405.184126 -3.160958
 405.693151 -3.084062
 406.202176 -3.042632
 406.711202 -3.040638
 407.220227 -3.081358
 407.729252 -3.150342
 408.238277 -3.095722
 408.747303 -3.027032
 409.256328 -3.135369
 409.765353 -3.131942
 410.274379 -3.035941
 410.783404 -3.082270
 411.292429 -3.173332
 411.801454 -3.133424
 412.310480 -3.036659
 412.819505 -3.088640
 413.328530 -3.140346
 413.837556 -3.114770
 414.346581 -3.040144
 414.855606 -3.123620
 415.364631 -3.202158
 415.873657 -3.096518
 416.382682 -3.053295
 416.891707 -3.128139
 417.400733 -3.145322
 417.909758 -3.042658
 418.418783 -3.068498
 418.927808 -3.207500
 419.436834 -3.155158
 419.945859 -2.988099
 420.454884 -3.058915
 420.963910 -3.154312
 421.472935 -3.128080
 421.981960 -3.051680
 422.490985 -3.095133
 423.000011 -3.048259
 423.509036 -3.134049
 424.018061 -3.127962
 424.527086 -3.106863
 425.036112 -3.098678
 425.545137 -3.104555
 426.054162 -3.113084
 426.563188 -3.083088
 427.072213 -3.094276
 427.581238 -3.111315
 428.090263 -3.106214
 428.599289 -3.125115
 429.108314 -3.059748
 429.617339 -3.102734
 430.126365 -3.163533
 430.635390 -3.138784
 431.144415 -3.052933
 431.653440 -3.089374
 432.162466 -3.146725
 432.671491 -3.153305
 433.180516 -3.038177
 433.689542 -3.095879
 434.198567 -3.150920
 434.707592 -3.097796
 435.216617 -3.056845
 435.725643 -3.096193
 436.234668 -3.077766
 436.743693 -3.132379
 437.252719 -3.073978
 437.761744 -3.079870
 438.270769 -3.093920
 438.779794 -3.174797
 439.288820 -3.092493
 439.797845 -3.105279
 440.306870 -3.058290
 440.815896 -3.077727
 441.324921 -3.107559
 441.833946 -3.154857
 442.342971 -3.101834
 442.851997 -3.050133
 443.361022 -3.100811
 443.870047 -3.091331
 444.379073 -3.077494
 444.888098 -3.053113
 445.397123 -3.114840
 445.906148 -3.094608
 446.415174 -3.093118
 446.924199 -3.095385
 447.433224 -3.065561
 447.942250 -3.075420
 448.451275 -3.123485
 448.960300 -3.056300
 449.469325 -3.107865
 449.978351 -3.121753
 450.487376 -3.133475
 450.996401 -3.098642
 451.505427 -3.032902
 452.014452 -3.064814
 452.523477 -3.129282
 453.032502 -3.048107
 453.541528 -3.041765
 454.050553 -3.128512
 454.559578 -3.132075
 455.068604 -3.100122
 455.577629 -3.083439
 456.086654 -3.104769
 456.595679 -3.132131
 457.104705 -3.057659
 457.613730 -3.169198
 458.122755 -3.111967
 458.631780 -3.061825
 459.140806 -3.065302
 459.649831 -3.041557
 460.158856 -3.151245
 460.667882 -3.153423
 461.176907 -3.042761
 461.685932 -3.100091
 462.194957 -3.113326
 462.703983 -3.051889
 463.213008 -3.115624
 463.722033 -3.127473
 464.231059 -3.068822
 464.740084 -3.103629
 465.249109 -3.140011
 465.758134 -3.105380
 466.267160 -3.111866
 466.776185 -3.185082
 467.285210 -3.098935
 467.794236 -3.039378
 468.303261 -3.138763
 468.812286 -3.120779
 469.321311 -3.063746
 469.830337 -3.097909
 470.339362 -3.090241
 470.848387 -3.143263
 471.357413 -3.157088
 471.866438 -3.040883
 472.375463 -3.101635
 472.884488 -3.111638
 473.393514 -3.095712
 473.902539 -3.075165
 474.411564 -3.089871
 474.920590 -3.098608
 475.429615 -3.115263
 475.938640 -3.069015
 476.447665 -3.103528
 476.956691 -3.113519
 477.465716 -3.069453
 477.974741 -3.058084
 478.483767 -3.117474
 478.992792 -3.141487
 479.501817 -3.102910
 480.010842 -3.041548
 480.519868 -3.149645
 481.028893 -3.109236
 481.537918 -3.074136
 482.046944 -3.077962
 482.555969 -3.145799
 483.064994 -3.115656
 483.574019 -3.064798
 484.083045 -3.103298
 484.592070 -3.143124
 485.101095 -3.070244
 485.610121 -3.057316
 486.119146 -3.178211
 486.628171 -3.144992
 487.137196 -3.083453
 487.646222 -3.094120
 488.155247 -3.068895
 488.664272 -3.157221
 489.173297 -3.090164
 489.682323 -3.047874
 490.191348 -3.095397
 490.700373 -3.091525
 491.209399 -3.162740
 491.718424 -3.096018
 492.227449 -3.019160
 492.736474 -3.093560
 493.245500 -3.173658
 493.754525 -3.099815
 494.263550 -3.037560
 494.772576 -3.133531
 495.281601 -3.118466
 495.790626 -3.048433
 496.299651 -3.123560
 496.808677 -3.146028
 497.317702 -3.105706
 497.826727 -3.078766
 498.335753 -3.101592
 498.844778 -3.085229
 499.353803 -3.080678
 499.862828 -3.071326
 500.371854 -3.141236
 500.880879 -3.133265
 501.389904 -3.045254
 501.898930 -3.089804
 502.407955 -3.128436
 502.916980 -3.093198
 503.426005 -3.054954
 503.935031 -3.065189
 504.444056 -3.142296
 504.953081 -3.093709
 505.462107 -3.071117
 505.971132 -3.020124
 506.480157 -3.121215
 506.989182 -3.135207
 507.498208 -3.078249
 508.007233 -3.079579
 508.516258 -3.126660
 509.025284 -3.140223
 509.534309 -3.064554
 510.043334 -3.080068
 510.552359 -3.153747
 511.061385 -3.103483
 511.570410 -3.054635
 512.079435 -3.112311
 512.588461 -3.152381
 513.097486 -3.065969
 513.606511 -3.098007
 514.115536 -3.158069
 514.624562 -3.112422
 515.133587 -3.139152
 515.642612 -3.124133
 516.151638 -3.051002
 516.660663 -3.049902
 517.169688 -3.120154
 517.678713 -3.092062
 518.187739 -3.054271
 518.696764 -3.109949
 519.205789 -3.128358
 519.714815 -3.135530
 520.223840 -3.062350
 520.732865 -3.041035
 521.241890 -3.163375
 521.750916 -3.084253
 522.259941 -3.099674
 522.768966 -3.106446
 523.277991 -3.111960
 523.787017 -3.092082
 524.296042 -3.122602
 524.805067 -3.104169
 525.314093 -3.101033
 525.823118 -3.117652
 526.332143 -3.096333
 526.841168 -3.069012
 527.350194 -3.165815
 527.859219 -3.114659
 528.368244 -3.089202
 528.877270 -3.128462
 529.386295 -3.133272
 529.895320 -3.095035
 530.404345 -3.110651
 530.913371 -3.146529
 531.422396 -3.106890
 531.931421 -3.014893
 532.440447 -3.162766
 532.949472 -3.176611
 533.458497 -3.026271
 533.967522 -3.049276
 534.476548 -3.162013
 534.985573 -3.126500
 535.494598 -3.070184
 536.003624 -3.049312
 536.512649 -3.155018
 537.021674 -3.101618
 537.530699 -3.074370
 538.039725 -3.069179
 538.548750 -3.097242
 539.057775 -3.114394
 539.566801 -3.102795
 540.075826 -3.084529
 540.584851 -3.097174
 541.093876 -3.150504
 541.602902 -3.072880
 542.111927 -3.084873
 542.620952 -3.118503
 543.129978 -3.124515
 543.639003 -3.088808
 544.148028 -3.054174
 544.657053 -3.105794
 545.166079 -3.130922
 545.675104 -3.140307
 546.184129 -3.109014
 546.693155 -3.059778
 547.202180 -3.182578
 547.711205 -3.129330
 548.220230 -3.003271
 548.729256 -3.061365
 549.238281 -3.090113
 549.747306 -3.134184
 550.256332 -3.095431
 550.765357 -3.097990
 551.274382 -3.083952
 551.783407 -3.137745
 552.292433 -3.110055
 552.801458 -3.062614
 553.310483 -3.067207
 553.819509 -3.119164
 554.328534 -3.166179
 554.837559 -3.066361
 555.346584 -3.084372
 555.855610 -3.156058
 556.364635 -3.132940
 556.873660 -3.076504
 557.382685 -3.089544
 557.891711 -3.095150
 558.400736 -3.048497
 558.909761 -3.064224
 559.418787 -3.100503
 559.927812 -3.079426
 560.436837 -3.173855
 560.945862 -3.087041
 561.454888 -3.075712
 561.963913 -3.132527
 562.472938 -3.157988
 562.981964 -3.047727
 563.490989 -3.093173
 564.000014 -3.181832
 564.509039 -3.109664
 565.018065 -2.998924
 565.527090 -3.099803
 566.036115 -3.184024
 566.545141 -3.125530
 567.054166 -3.117327
 567.563191 -3.137394
 568.072216 -3.045806
 568.581242 -3.075064
 569.090267 -3.175321
 569.599292 -3.123130
 570.108318 -3.070660
 570.617343 -3.073611
 571.126368 -3.079504
 571.635393 -3.116987
 572.144419 -3.092696
 572.653444 -3.148272
 573.162469 -3.100849
 573.671495 -3.124522
 574.180520 -3.125501
 574.689545 -3.078350
 575.198570 -3.075070
 575.707596 -3.117318
 576.216621 -3.114670
 576.725646 -3.131108
 577.234672 -3.103828
 577.743697 -3.127811
 578.252722 -3.161093
 578.761747 -3.071974
 579.270773 -3.059491
 579.779798 -3.114442
 580.288823 -3.114983
 580.797849 -3.095564
 581.306874 -3.134086
 581.815899 -3.126908
 582.324924 -3.057878
 582.833950 -3.141542
 583.342975 -3.175884
 583.852000 -3.105624
 584.361026 -3.075724
 584.870051 -3.103611
 585.379076 -3.167773
 585.888101 -3.059523
 586.397127 -3.047765
 586.906152 -3.103989
 587.415177 -3.094035
 587.924203 -2.976472
 588.433228 -3.009616
 588.942253 -3.200468
 589.451278 -3.148444
 589.960304 -3.064711
 590.469329 -3.130906
 590.978354 -3.103848
 591.487379 -3.071503
 591.996405 -3.069006
 592.505430 -3.085849
 593.014455 -3.155810
 593.523481 -3.104848
 594.032506 -3.054617
 594.541531 -3.085481
 595.050556 -3.111415
 595.559582 -3.175655
 596.068607 -3.143229
 596.577632 -3.062814
 597.086658 -3.082316
 597.595683 -3.145666
 598.104708 -3.103218
 598.613733 -3.091949
 599.122759 -3.112088
 599.631784 -3.111130
 600.140809 -3.063739
 600.649835 -3.107187
 601.158860 -3.056466
 601.667885 -3.125374
 602.176910 -3.130610
 602.685936 -3.038875
 603.194961 -3.097788
 603.703986 -3.177990
 604.213012 -3.106019
 604.722037 -3.014652
 605.231062 -3.114168
 605.740087 -3.175930
 606.249113 -3.116788
 606.758138 -3.068004
 607.267163 -3.084407
 607.776189 -3.133084
 608.285214 -3.123849
 608.794239 -3.079309
 609.303264 -3.140350
 609.812290 -3.013920
 610.321315 -3.024128
 610.830340 -3.091641
 611.339366 -3.174016
 611.848391 -3.154682
 612.357416 -3.057610
 612.866441 -3.061364
 613.375467 -3.156023
 613.884492 -3.144492
 614.393517 -3.076628
 614.902543 -3.052679
 615.411568 -3.057142
 615.920593 -3.053956
 616.429618 -3.088166
 616.938644 -3.079527
 617.447669 -3.090404
 617.956694 -3.076440
 618.465720 -3.080744
 618.974745 -3.103030
 619.483770 -3.174349
 619.992795 -3.079337
 620.501821 -3.012434
 621.010846 -3.004384
 621.519871 -3.134523
 622.028897 -3.167446
 622.537922 -3.123240
 623.046947 -3.049207
 623.555972 -3.099382
 624.064998 -3.140561
 624.574023 -3.100716
 625.083048 -3.023042
 625.592073 -3.119879
 626.101099 -3.121180
 626.610124 -3.075315
 627.119149 -3.084595
 627.628175 -3.063962
 628.137200 -3.122154
 628.646225 -3.122275
 629.155250 -3.132155
 629.664276 -3.120029
 630.173301 -3.098730
 630.682326 -3.122194
 631.191352 -3.058773
 631.700377 -3.052097
 632.209402 -3.132848
 632.718427 -3.095645
 633.227453 -3.066336
 633.736478 -3.076170
 634.245503 -3.135877
 634.754529 -3.109492
 635.263554 -3.071508
 635.772579 -3.121690
 636.281604 -3.144851
 636.790630 -3.096874
 637.299655 -3.079053
 637.808680 -3.160600
 638.317706 -3.079301
 638.826731 -3.054308
 639.335756 -3.068510
 639.844781 -3.157592
 640.353807 -3.130501
 640.862832 -3.100025
 641.371857 -3.122632
 641.880883 -3.131827
 642.389908 -3.046026
 642.898933 -3.020830
 643.407958 -3.117386
 643.916984 -3.029574
 644.426009 -3.084137
 644.935034 -3.155775
 645.444060 -3.052942
 645.953085 -3.095244
 646.462110 -3.139433
 646.971135 -3.076590
 647.480161 -3.104590
 647.989186 -3.125173
 648.498211 -3.082208
 649.007237 -3.091174
 649.516262 -3.115606
 650.025287 -3.168724
 650.534312 -3.068178
 651.043338 -3.074205
 651.552363 -3.077244
 652.061388 -3.121299
 652.570414 -3.051530
 653.079439 -3.112521
 653.588464 -3.160699
 654.097489 -3.085269
 654.606515 -3.048833
 655.115540 -3.134416
 655.624565 -3.127170
 656.133591 -3.078125
 656.642616 -3.163261
 657.151641 -3.174969
 657.660666 -3.092467
 658.169692 -3.057271
 658.678717 -3.063267
 659.187742 -2.997776
 659.696767 -3.086681
 660.205793 -3.116624
 660.714818 -3.094388
 661.223843 -3.100072
 661.732869 -3.112734
 662.241894 -3.108050
 662.750919 -3.137697
 663.259944 -3.098145
 663.768970 -3.054442
 664.277995 -3.088741
 664.787020 -3.097803
 665.296046 -3.124380
 665.805071 -3.166135
 666.314096 -3.087241
 666.823121 -3.023403
 667.332147 -3.221415
 667.841172 -3.141791
 668.350197 -3.044394
 668.859223 -3.081592
 669.368248 -3.173768
 669.877273 -3.152092
 670.386298 -3.006906
 670.895324 -3.060489
 671.404349 -3.163529
 671.913374 -3.099887
 672.422400 -3.058895
 672.931425 -3.079363
 673.440450 -3.136136
 673.949475 -3.100844
 674.458501 -3.127088
 674.967526 -3.149938
 675.476551 -3.043900
 675.985577 -3.080757
 676.494602 -3.048531
 677.003627 -3.093141
 677.512652 -3.142782
 678.021678 -3.117900
 678.530703 -3.139834
 679.039728 -3.081501
 679.548754 -3.151867
 680.057779 -3.103452
 680.566804 -3.040933
 681.075829 -3.092385
 681.584855 -3.118599
 682.093880 -3.150729
 682.602905 -3.149464
 683.111931 -3.058786
 683.620956 -3.130208
 684.129981 -3.121039
 684.639006 -3.074630
 685.148032 -3.052174
 685.657057 -3.127651
 686.166082 -3.114058
 686.675108 -3.106902
 687.184133 -3.039729
 687.693158 -3.061958
 688.202183 -3.124639
 688.711209 -3.105560
 689.220234 -3.084692
 689.729259 -3.113061
 690.238285 -3.093940
 690.747310 -3.137369
 691.256335 -3.079862
 691.765360 -3.082718
 692.274386 -3.165394
 692.783411 -3.093115
 693.292436 -3.117528
 693.801461 -3.054156
 694.310487 -3.062846
 694.819512 -3.089360
 695.328537 -3.105920
 695.837563 -3.149554
 696.346588 -3.137079
 696.855613 -3.090594
 697.364638 -3.062402
 697.873664 -3.172310
 698.382689 -3.107107
 698.891714 -3.094002
 699.400740 -3.053263
 699.909765 -3.058198
 700.418790 -3.096209
 700.927815 -3.134732
 701.436841 -3.146746
 701.945866 -3.123439
 702.454891 -3.080683
 702.963917 -3.162712
 703.472942 -3.110702
 703.981967 -3.093469
 704.490992 -3.113203
 705.000018 -3.110061
 705.509043 -3.066335
 706.018068 -3.088655
 706.527094 -3.098593
 707.036119 -3.137021
 707.545144 -3.112877
 708.054169 -3.013642
 708.563195 -3.034221
 709.072220 -3.139356
 709.581245 -3.127847
 710.090271 -3.103911
 710.599296 -3.073363
 711.108321 -3.130642
 711.617346 -3.091223
 712.126372 -3.073754
 712.635397 -3.098276
 713.144422 -3.115558
 713.653448 -3.114698
 714.162473 -3.101984
 714.671498 -3.167283
 715.180523 -3.108008
 715.689549 -3.065471
 716.198574 -3.085949
 716.707599 -3.137370
 717.216625 -3.121429
 717.725650 -3.073983
 718.234675 -3.107726
 718.743700 -3.102008
 719.252726 -3.059190
 719.761751 -3.062469
 720.270776 -3.119430
 720.779802 -3.119253
 721.288827 -3.107525
 721.797852 -3.058977
 722.306877 -3.095780
 722.815903 -3.098010
 723.324928 -3.134815
 723.833953 -3.104857
 724.342979 -3.126943
 724.852004 -3.068841
 725.361029 -3.102619
 725.870054 -3.079766
 726.379080 -3.122204
 726.888105 -3.162771
 727.397130 -3.078007
 727.906155 -3.072091
 728.415181 -3.181898
 728.924206 -3.128944
 729.433231 -3.064253
 729.942257 -3.058747
 730.451282 -3.157883
 730.960307 -3.131873
 731.469332 -3.098233
 731.978358 -3.085721
 732.487383 -3.065171
 732.996408 -3.155437
 733.505434 -3.085890
 734.014459 -3.108959
 734.523484 -3.103443
 735.032509 -3.100839
 735.541535 -3.061880
 736.050560 -3.041847
 736.559585 -3.075931
 737.068611 -3.123988
 737.577636 -3.096678
 738.086661 -3.080177
 738.595686 -3.117268
 739.104712 -3.130191
 739.613737 -3.094064
 740.122762 -3.082537
 740.631788 -3.042902
 741.140813 -3.045550
 741.649838 -3.149723
 742.158863 -3.135816
 742.667889 -3.090371
 743.176914 -3.090046
 743.685939 -3.170539
 744.194965 -3.094131
 744.703990 -3.046388
 745.213015 -3.132868
 745.722040 -3.097059
 746.231066 -3.047173
 746.740091 -3.137931
 747.249116 -3.121019
 747.758142 -3.141833
 748.267167 -3.088071
 748.776192 -3.126443
 749.285217 -3.120333
 749.794243 -3.057771
 750.303268 -3.065369
 750.812293 -3.104876
 751.321319 -3.159292
 751.830344 -3.102488
 752.339369 -3.108396
 752.848394 -3.131718
 753.357420 -3.080140
 753.866445 -3.057980
 754.375470 -3.157733
 754.884496 -3.102836
 755.393521 -3.079226
 755.902546 -3.103643
 756.411571 -3.110297
 756.920597 -3.118981
 757.429622 -3.072209
 757.938647 -3.113073
 758.447673 -3.111500
 758.956698 -3.112685
 759.465723 -3.078483
 759.974748 -3.124079
 760.483774 -3.129981
 760.992799 -3.065713
 761.501824 -3.125527
 762.010849 -3.147539
 762.519875 -3.094079
 763.028900 -3.139280
 763.537925 -3.061246
 764.046951 -3.030111
 764.555976 -3.123939
 765.065001 -3.162265
 765.574026 -3.086131
 766.083052 -3.119372
 766.592077 -3.133469
 767.101102 -3.091749
 767.610128 -3.062292
 768.119153 -3.109240
 768.628178 -3.102803
 769.137203 -3.164478
 769.646229 -3.121281
 770.155254 -3.054792
 770.664279 -3.068035
 771.173305 -3.116473
 771.682330 -3.127822
 772.191355 -3.091540
 772.700380 -3.092627
 773.209406 -3.161384
 773.718431 -3.011264
 774.227456 -3.110584
 774.736482 -3.200804
 775.245507 -3.079511
 775.754532 -3.011277
 776.263557 -3.128569
 776.772583 -3.126279
 777.281608 -3.054636
 777.790633 -3.101802
 778.299659 -3.167693
 778.808684 -3.126066
 779.317709 -3.049929
 779.826734 -3.095548
 780.335760 -3.165964
 780.844785 -3.115467
 781.353810 -3.059768
 781.862836 -3.082224
 782.371861 -3.134871
 782.880886 -3.185129
 783.389911 -3.051389
 783.898937 -3.036608
 784.407962 -3.123331
 784.916987 -3.149189
 785.426013 -3.092296
 785.935038 -3.089788
 786.444063 -3.143212
 786.953088 -3.127213
 787.462114 -3.078202
 787.971139 -3.161393
 788.480164 -3.086014
 788.989190 -3.096799
 789.498215 -3.071735
 790.007240 -3.076520
 790.516265 -3.071350
 791.025291 -3.157138
 791.534316 -3.115335
 792.043341 -3.092907
 792.552366 -3.106596
 793.061392 -3.137887
 793.570417 -3.105112
 794.079442 -3.018360
 794.588468 -3.154112
 795.097493 -3.184497
 795.606518 -3.092335
 796.115543 -3.110828
 796.624569 -3.116815
 797.133594 -3.068723
 797.642619 -3.060403
 798.151645 -3.090978
 798.660670 -3.064054
 799.169695 -3.053036
 799.678720 -3.194921
 800.187746 -3.207064
 800.696771 -3.083283
 801.205796 -3.038041
 801.714822 -3.145209
 802.223847 -3.136168
 802.732872 -3.062861
 803.241897 -3.030434
 803.750923 -3.145877
 804.259948 -3.074744
 804.768973 -3.066516
 805.277999 -3.108169
 805.787024 -3.104098
 806.296049 -3.090853
 806.805074 -3.110575
 807.314100 -3.110482
 807.823125 -3.114464
 808.332150 -3.049633
 808.841176 -3.159335
 809.350201 -3.081579
 809.859226 -3.074295
 810.368251 -3.106541
 810.877277 -3.083424
 811.386302 -3.053071
 811.895327 -3.104844
 812.404353 -3.131717
 812.913378 -3.093744
 813.422403 -3.084237
 813.931428 -3.093370
 814.440454 -3.046940
 814.949479 -3.064720
 815.458504 -3.171229
 815.967530 -3.109891
 816.476555 -3.044493
 816.985580 -3.120670
 817.494605 -3.145906
 818.003631 -3.102318
 818.512656 -3.052286
 819.021681 -3.123432
 819.530707 -3.103505
 820.039732 -3.097157
 820.548757 -3.113406
 821.057782 -3.120416
 821.566808 -3.072238
 822.075833 -3.071082
 822.584858 -3.129444
 823.093884 -3.124323
 823.602909 -3.131788
 824.111934 -3.120736
 824.620959 -3.018637
 825.129985 -3.025484
 825.639010 -3.162502
 826.148035 -3.186120
 826.657060 -3.062608
 827.166086 -3.090130
 827.675111 -3.104288
 828.184136 -3.125651
 828.693162 -3.129816
 829.202187 -3.073299
 829.711212 -3.102594
 830.220237 -3.174925
 830.729263 -3.048746
 831.238288 -3.057590
 831.747313 -3.140360
 832.256339 -3.157866
 832.765364 -3.072534
 833.274389 -3.060995
 833.783414 -3.112040
 834.292440 -3.185306
 834.801465 -3.062318
 835.310490 -3.028161
 835.819516 -3.115533
 836.328541 -3.130112
 836.837566 -3.113128
 837.346591 -3.098005
 837.855617 -3.130587
 838.364642 -3.108411
 838.873667 -3.099725
 839.382693 -3.118830
 839.891718 -3.041583
 840.400743 -3.077567
 840.909768 -3.151379
 841.418794 -3.078463
 841.927819 -3.077127
 842.436844 -3.186242
 842.945870 -3.158148
 843.454895 -3.015685
 843.963920 -3.046618
 844.472945 -3.183626
 844.981971 -3.097885
 845.490996 -3.049531
 846.000021 -3.080261
 846.509047 -3.126668
 847.018072 -3.094935
 847.527097 -3.140131
 848.036122 -3.168508
 848.545148 -3.075484
 849.054173 -3.107465
 849.563198 -3.101036
 850.072224 -3.083870
 850.581249 -3.115617
 851.090274 -3.099297
 851.599299 -3.140163
 852.108325 -3.110916
 852.617350 -3.152779
 853.126375 -3.094125
 853.635401 -3.047588
 854.144426 -3.161262
 854.653451 -3.147220
 855.162476 -3.097587
 855.671502 -3.089880
 856.180527 -3.108649
 856.689552 -3.140112
 857.198578 -3.120268
 857.707603 -3.055357
 858.216628 -3.089350
 858.725653 -3.139877
 859.234679 -3.126567
 859.743704 -3.098364
 860.252729 -3.103572
 860.761754 -3.071317
 861.270780 -3.086506
 861.779805 -3.060759
 862.288830 -3.117955
 862.797856 -3.132791
 863.306881 -3.070288
 863.815906 -3.053462
 864.324931 -3.132621
 864.833957 -3.194697
 865.342982 -3.064338
 865.852007 -3.044910
 866.361033 -3.094617
 866.870058 -3.118552
 867.379083 -3.129361
 867.888108 -3.079800
 868.397134 -3.077474
 868.906159 -3.092449
 869.415184 -3.179295
 869.924210 -3.096858
 870.433235 -3.009740
 870.942260 -3.117473
 871.451285 -3.147488
 871.960311 -3.098791
 872.469336 -3.089468
 872.978361 -3.088232
 873.487387 -3.143175
 873.996412 -3.134201
 874.505437 -3.086142
 875.014462 -3.071632
 875.523488 -3.083087
 876.032513 -3.112281
 876.541538 -3.060312
 877.050564 -3.123604
 877.559589 -3.135643
 878.068614 -3.078029
 878.577639 -3.069947
 879.086665 -3.139300
 879.595690 -3.140633
 880.104715 -3.052054
 880.613741 -3.046194
 881.122766 -3.114893
 881.631791 -3.081949
 882.140816 -3.048888
 882.649842 -3.105957
 883.158867 -3.142721
 883.667892 -3.110188
 884.176918 -3.117566
 884.685943 -3.056271
 885.194968 -3.083413
 885.703993 -3.167444
 886.213019 -3.066367
 886.722044 -3.115278
 887.231069 -3.139153
 887.740095 -3.091544
 888.249120 -3.051512
 888.758145 -3.053693
 889.267170 -3.154744
 889.776196 -3.157504
 890.285221 -3.056973
 890.794246 -3.026686
 891.303272 -3.080908
 891.812297 -3.151712
 892.321322 -3.099335
 892.830347 -3.022706
 893.339373 -3.023717
 893.848398 -3.188476
 894.357423 -3.112447
 894.866448 -3.005897
 895.375474 -3.106584
 895.884499 -3.180196
 896.393524 -3.087117
 896.902550 -3.041622
 897.411575 -3.141480
 897.920600 -3.131355
 898.429625 -3.083137
 898.938651 -3.137752
 899.447676 -3.118747
 899.956701 -3.100428
 900.465727 -3.096087
 900.974752 -3.136518
 901.483777 -3.099450
 901.992802 -3.098490
 902.501828 -3.138464
 903.010853 -3.065307
 903.519878 -3.071946
 904.028904 -3.101801
 904.537929 -3.111824
 905.046954 -3.074189
 905.555979 -3.098091
 906.065005 -3.102632
 906.574030 -3.071528
 907.083055 -3.106355
 907.592081 -3.102829
 908.101106 -3.114153
 908.610131 -3.044379
 909.119156 -3.108135
 909.628182 -3.135464
 910.137207 -3.068109
 910.646232 -3.093199
 911.155258 -3.109606
 911.664283 -3.075829
 912.173308 -3.149084
 912.682333 -3.134192
 913.191359 -3.146488
 913.700384 -3.057105
 914.209409 -3.078477
 914.718435 -3.132972
 915.227460 -3.115674
 915.736485 -3.082833
 916.245510 -3.051580
 916.754536 -3.111230
 917.263561 -3.118530
 917.772586 -3.115459
 918.281612 -3.107901
 918.790637 -3.110677
 919.299662 -3.153878
 919.808687 -3.130002
 920.317713 -3.048842
 920.826738 -3.129859
 921.335763 -3.134876
 921.844789 -3.122386
 922.353814 -3.065562
 922.862839 -3.077533
 923.371864 -3.129760
 923.880890 -3.142907
 924.389915 -3.122055
 924.898940 -3.092308
 925.407966 -3.037464
 925.916991 -3.110427
 926.426016 -3.085311
 926.935041 -3.097472
 927.444067 -3.120654
 927.953092 -3.110580
 928.462117 -3.067788
 928.971142 -3.106536
 929.480168 -3.082064
 929.989193 -3.092555
 930.498218 -3.101279
 931.007244 -3.140155
 931.516269 -3.104213
 932.025294 -3.089307
 932.534319 -3.061850
 933.043345 -3.134471
 933.552370 -3.096477
 934.061395 -3.094839
 934.570421 -3.088212
 935.079446 -3.126322
 935.588471 -3.080120
 936.097496 -3.141112
 936.606522 -3.190756
 937.115547 -3.001773
 937.624572 -3.047833
 938.133598 -3.178581
 938.642623 -3.103523
 939.151648 -3.066704
 939.660673 -3.057669
 940.169699 -3.138477
 940.678724 -3.118419
 941.187749 -3.143742
 941.696775 -3.134430
 942.205800 -3.064212
 942.714825 -3.099570
 943.223850 -3.111106
 943.732876 -3.116978
 944.241901 -3.116204
 944.750926 -3.135167
 945.259952 -3.125585
 945.768977 -3.087513
 946.278002 -3.090012
 946.787027 -3.091244
 947.296053 -3.078256
 947.805078 -3.119193
 948.314103 -3.167201
 948.823129 -3.089528
 949.332154 -3.073973
 949.841179 -3.118737
 950.350204 -3.101461
 950.859230 -3.118059
 951.368255 -3.092369
 951.877280 -3.117021
 952.386306 -3.144062
 952.895331 -3.102316
 953.404356 -3.091533
 953.913381 -3.128531
 954.422407 -3.125213
 954.931432 -3.112831
 955.440457 -3.093021
 955.949483 -3.081024
 956.458508 -3.122345
 956.967533 -3.135012
 957.476558 -3.089042
 957.985584 -3.065623
 958.494609 -3.140314
 959.003634 -3.206537
 959.512660 -3.065926
 960.021685 -2.995147
 960.530710 -3.070648
 961.039735 -3.132841
 961.548761 -3.093672
 962.057786 -3.141617
 962.566811 -3.119268
 963.075836 -3.111454
 963.584862 -3.107710
 964.093887 -3.103608
 964.602912 -3.096289
 965.111938 -3.110940
 965.620963 -3.075560
 966.129988 -3.063640
 966.639013 -3.111313
 967.148039 -3.160403
 967.657064 -3.078218
 968.166089 -3.112607
 968.675115 -3.132465
 969.184140 -3.062508
 969.693165 -3.114061
 970.202190 -3.198473
 970.711216 -3.037435
 971.220241 -3.099408
 971.729266 -3.147885
 972.238292 -3.120081
 972.747317 -3.096874
 973.256342 -3.065508
 973.765367 -3.175955
 974.274393 -3.103053
 974.783418 -3.061962
 975.292443 -3.035117
 975.801469 -3.140809
 976.310494 -3.127843
 976.819519 -3.157934
 977.328544 -3.111726
 977.837570 -3.036352
 978.346595 -3.107809
 978.855620 -3.101805
 979.364646 -3.101928
 979.873671 -3.048011
 980.382696 -3.064670
 980.891721 -3.147524
 981.400747 -3.167931
 981.909772 -3.053309
 982.418797 -3.114051
 982.927823 -3.154712
 983.436848 -3.126347
 983.945873 -3.052863
 984.454898 -3.063400
 984.963924 -3.156644
 985.472949 -3.088188
 985.981974 -3.066095
 986.491000 -3.138827
 987.000025 -3.177237
 987.509050 -3.067948
 988.018075 -3.087642
 988.527101 -3.121667
 989.036126 -3.130993
 989.545151 -3.139869
 990.054177 -3.105971
 990.563202 -3.065738
 991.072227 -3.110363
 991.581252 -3.122405
 992.090278 -3.089611
 992.599303 -3.083190
 993.108328 -3.043318
 993.617354 -3.081274
 994.126379 -3.160171
 994.635404 -3.096644
 995.144429 -3.059527
 995.653455 -3.118468
 996.162480 -3.057928
 996.671505 -3.066730
 997.180530 -3.083707
 997.689556 -3.079395
 998.198581 -3.083502
 998.707606 -3.114317
 999.216632 -3.097410
 999.725657 -3.123472
 1000.234682 -3.100210
 1000.743707 -3.114752
 1001.252733 -3.118959
 1001.761758 -3.055728
 1002.270783 -3.037027
 1002.779809 -3.153341
 1003.288834 -3.147280
 1003.797859 -3.009457
 1004.306884 -3.047488
 1004.815910 -3.150060
 1005.324935 -3.161146
 1005.833960 -3.093942
 1006.342986 -3.097672
 1006.852011 -3.097822
 1007.361036 -3.039240
 1007.870061 -3.091535
 1008.379087 -3.132149
 1008.888112 -3.053103
 1009.397137 -3.054954
 1009.906163 -3.160963
 1010.415188 -3.080608
 1010.924213 -3.076032
 1011.433238 -3.148076
 1011.942264 -3.118714
 1012.451289 -2.967003
 1012.960314 -3.067658
 1013.469340 -3.155071
 1013.978365 -3.116123
 1014.487390 -3.128829
 1014.996415 -3.030999
 1015.505441 -3.066683
 1016.014466 -3.149342
 1016.523491 -3.132706
 1017.032517 -3.058197
 1017.541542 -3.063054
 1018.050567 -3.118697
