#! FIELDS time cv
 0.000000 -1.736063
 0.509025 -1.869429
 1.018051 -1.924145
 1.527076 -2.069007
 2.036101 -2.015772
 2.545126 -1.895707
 3.054152 -1.957015
 3.563177 -1.988889
 4.072202 -2.002648
 4.581228 -1.966941
 5.090253 -1.958710
 5.599278 -1.958361
 6.108303 -1.929656
 6.617329 -1.940121
 7.126354 -1.949375
 7.635379 -1.996931
 8.144405 -1.960105
 8.653430 -1.944554
 9.162455 -1.955218
 9.671480 -1.937161
 10.180506 -1.952965
 10.689531 -1.945633
 11.198556 -1.944543
 11.707582 -1.956438
 12.216607 -1.992092
 12.725632 -1.944798
 13.234657 -1.946219
 13.743683 -1.925300
 14.252708 -1.985319
 14.761733 -1.981314
 15.270759 -1.949805
 15.779784 -1.965561
 16.288809 -1.899381
 16.797834 -1.969093
 17.306860 -1.955097
 17.815885 -1.951273
 18.324910 -1.963750
 18.833935 -1.968785
 19.342961 -1.934974
 19.851986 -1.958990
 20.361011 -1.927953
 20.870037 -1.990162
 21.379062 -1.976139
 21.888087 -1.972790
 22.397112 -1.936380
 22.906138 -1.881410
 23.415163 -1.931979
 23.924188 -1.955715
 24.433214 -2.005049
 24.942239 -1.979214
 25.451264 -1.915465
 25.960289 -1.929077
 26.469315 -1.908277
 26.978340 -1.965308
 27.487365 -2.000474
 27.996391 -1.922871
 28.505416 -1.852596
 29.014441 -1.880832
 29.523466 -1.958365
 30.032492 -2.004469
 30.541517 -2.017401
 31.050542 -1.971337
 31.559568 -1.910623
 32.068593 -1.946657
 32.577618 -2.018008
 33.086643 -2.019846
 33.595669 -1.968390
 34.104694 -1.950636
 34.613719 -1.931882
 35.122745 -1.987148
 35.631770 -1.981118
 36.140795 -1.974110
 36.649820 -1.893151
 37.158846 -1.945174
 37.667871 -2.006436
 38.176896 -1.947257
 38.685922 -1.963051
 39.194947 -1.950879
 39.703972 -1.952916
 40.212997 -1.908762
 40.722023 -1.982913
 41.231048 -1.990710
 41.740073 -1.999190
 42.249099 -1.950164
 42.758124 -1.925058
 43.267149 -1.942079
 43.776174 -1.966394
 44.285200 -1.928330
 44.794225 -1.936171
 45.303250 -1.924563
 45.812276 -1.886535
 46.321301 -1.929024
 46.830326 -1.900601
 47.339351 -1.920245
 47.848377 -1.921060
 48.357402 -1.963716
 48.866427 -1.949155
 49.375453 -1.922967
 49.884478 -1.911034
 50.393503 -1.914812
 50.902528 -1.968592
 51.411554 -2.011565
 51.920579 -1.937949
 52.429604 -1.919613
 52.938629 -1.918377
 53.447655 -1.952100
 53.956680 -1.947120
 54.465705 -2.009495
 54.974731 -1.928073
 55.483756 -1.894594
 55.992781 -1.932280
 56.501806 -1.977844
 57.010832 -1.987649
 57.519857 -1.926655
 58.028882 -1.874454
 58.537908 -1.879888
 59.046933 -1.960799
 59.555958 -1.985525
 60.064983 -1.974131
 60.574009 -1.952062
 61.083034 -1.904037
 61.592059 -1.958099
 62.101085 -1.993621
 62.610110 -1.979874
 63.119135 -1.962606
 63.628160 -1.963567
 64.137186 -1.844149
 64.646211 -1.847913
 65.155236 -1.938166
 65.664262 -1.988408
 66.173287 -1.997947
 66.682312 -1.957521
 67.191337 -1.930589
 67.700363 -1.908274
 68.209388 -1.888750
 68.718413 -1.924692
 69.227439 -1.936259
 69.736464 -1.941147
 70.245489 -2.015228
 70.754514 -1.981484
 71.263540 -1.989682
 71.772565 -1.946545
 72.281590 -1.919745
 72.790616 -1.948312
 73.299641 -1.963366
 73.808666 -1.974312
 74.317691 -1.905422
 74.826717 -1.937517
 75.335742 -1.969667
 75.844767 -1.957054
 76.353793 -1.937366
 76.862818 -1.903930
 77.371843 -1.921094
 77.880868 -1.927433
 78.389894 -1.954275
 78.898919 -2.008334
 79.407944 -1.974955
 79.916970 -1.903749
 80.425995 -1.887530
 80.935020 -1.900466
 81.444045 -1.938268
 81.953071 -2.012844
 82.462096 -2.000481
 82.971121 -1.990730
 83.480147 -1.964935
 83.989172 -1.862620
 84.498197 -1.894931
 85.007222 -1.927493
 85.516248 -1.951596
 86.025273 -1.940670
 86.534298 -1.960794
 87.043323 -1.994343
 87.552349 -2.030658
 88.061374 -1.992874
 88.570399 -1.896074
 89.079425 -1.820423
 89.588450 -1.867608
 90.097475 -1.977976
 90.606500 -1.962746
 91.115526 -1.995428
 91.624551 -1.904177
 92.133576 -1.961606
 92.642602 -2.009734
 93.151627 -1.970267
 93.660652 -1.944981
 94.169677 -1.968852
 94.678703 -2.001446
 95.187728 -1.966620
 95.696753 -1.897654
 96.205779 -1.875265
 96.714804 -1.927877
 97.223829 -2.011330
 97.732854 -2.000992
 98.241880 -1.879651
 98.750905 -1.849554
 99.259930 -1.849523
 99.768956 -1.938233
 100.277981 -2.021097
 100.787006 -2.059972
 101.296031 -2.001597
 101.805057 -1.994769
 102.314082 -1.953642
 102.823107 -1.849202
 103.332133 -1.849213
 103.841158 -1.909463
 104.350183 -1.939462
 104.859208 -1.913679
 105.368234 -1.996298
 105.877259 -1.927500
 106.386284 -1.912812
 106.895310 -1.860950
 107.404335 -1.908462
 107.913360 -1.900793
 108.422385 -1.876734
 108.931411 -1.928654
 109.440436 -1.929408
 109.949461 -1.929342
 110.458487 -1.853009
 110.967512 -1.913675
 111.476537 -2.017527
 111.985562 -1.971565
 112.494588 -1.957437
 113.003613 -1.882137
 113.512638 -1.947870
 114.021664 -1.973552
 114.530689 -1.936692
 115.039714 -1.906125
 115.548739 -1.937533
 116.057765 -1.924436
 116.566790 -2.000786
 117.075815 -1.971853
 117.584841 -1.909156
 118.093866 -1.895559
 118.602891 -1.882240
 119.111916 -1.828512
 119.620942 -1.875867
 120.129967 -1.954613
 120.638992 -1.916547
 121.148017 -1.905482
 121.657043 -1.928809
 122.166068 -1.942935
 122.675093 -1.973841
 123.184119 -2.009376
 123.693144 -1.905354
 124.202169 -1.944017
 124.711194 -1.994503
 125.220220 -1.972440
 125.729245 -1.973286
 126.238270 -1.912384
 126.747296 -1.929975
 127.256321 -1.910920
 127.765346 -1.976097
 128.274371 -1.944002
 128.783397 -1.895462
 129.292422 -1.917833
 129.801447 -1.963455
 130.310473 -1.954614
 130.819498 -1.923541
 131.328523 -1.953823
 131.837548 -1.995281
 132.346574 -1.928541
 132.855599 -1.938873
 133.364624 -1.911871
 133.873650 -1.861501
 134.382675 -1.922368
 134.891700 -2.009054
 135.400725 -1.996678
 135.909751 -1.934512
 136.418776 -1.886657
 136.927801 -1.951428
 137.436827 -2.008578
 137.945852 -1.905972
 138.454877 -1.897241
 138.963902 -1.912854
 139.472928 -1.930177
 139.981953 -1.916854
 140.490978 -1.881366
 141.000004 -1.925158
 141.509029 -1.940682
 142.018054 -1.982720
 142.527079 -1.937260
 143.036105 -2.011361
 143.545130 -2.032834
 144.054155 -1.952420
 144.563181 -1.938786
 145.072206 -1.944672
 145.581231 -1.918892
 146.090256 -1.897816
 146.599282 -1.970448
 147.108307 -1.995266
 147.617332 -1.996838
 148.126358 -1.894790
 148.635383 -1.910587
 149.144408 -2.021175
 149.653433 -1.973314
 150.162459 -1.895597
 150.671484 -1.876941
 151.180509 -1.937367
 151.689535 -1.983408
 152.198560 -2.006969
 152.707585 -1.932553
 153.216610 -1.868634
 153.725636 -1.867365
 154.234661 -1.867676
 154.743686 -1.912936
 155.252711 -1.987902
 155.761737 -1.940357
 156.270762 -1.903297
 156.779787 -1.912004
 157.288813 -2.008537
 157.797838 -1.991813
 158.306863 -1.902717
 158.815888 -1.933932
 159.324914 -1.927069
 159.833939 -1.903843
 160.342964 -1.919316
 160.851990 -1.922769
 161.361015 -1.974089
 161.870040 -1.971727
 162.379065 -1.842966
 162.888091 -1.838164
 163.397116 -1.880875
 163.906141 -2.001659
 164.415167 -2.024564
 164.924192 -2.014971
 165.433217 -1.910842
 165.942242 -1.843625
 166.451268 -1.925615
 166.960293 -1.945134
 167.469318 -1.963444
 167.978344 -1.968479
 168.487369 -1.941426
 168.996394 -1.902448
 169.505419 -1.863827
 170.014445 -1.891569
 170.523470 -1.904059
 171.032495 -1.951440
 171.541521 -1.939865
 172.050546 -1.999135
 172.559571 -1.994432
 173.068596 -1.976423
 173.577622 -1.955694
 174.086647 -1.891537
 174.595672 -1.895927
 175.104698 -1.938711
 175.613723 -2.006323
 176.122748 -1.968978
 176.631773 -1.917221
 177.140799 -1.933577
 177.649824 -1.867034
 178.158849 -1.869838
 178.667875 -1.925440
 179.176900 -1.963485
 179.685925 -1.907661
 180.194950 -1.874019
 180.703976 -1.969718
 181.213001 -1.996628
 181.722026 -1.946708
 182.231052 -1.914438
 182.740077 -1.926844
 183.249102 -1.951592
 183.758127 -1.915839
 184.267153 -1.898812
 184.776178 -1.873483
 185.285203 -1.952552
 185.794228 -2.006938
 186.303254 -2.022418
 186.812279 -1.935190
 187.321304 -1.919461
 187.830330 -1.949643
 188.339355 -1.938771
 188.848380 -1.871306
 189.357405 -1.928778
 189.866431 -1.981238
 190.375456 -2.046643
 190.884481 -1.989745
 191.393507 -1.868289
 191.902532 -1.872193
 192.411557 -1.942644
 192.920582 -2.001072
 193.429608 -1.975400
 193.938633 -1.917281
 194.447658 -1.881842
 194.956684 -1.968193
 195.465709 -2.032706
 195.974734 -1.915506
 196.483759 -1.935181
 196.992785 -1.932077
 197.501810 -1.981502
 198.010835 -1.928937
 198.519861 -1.865511
 199.028886 -1.931347
 199.537911 -2.028621
 200.046936 -1.994426
 200.555962 -1.946844
 201.064987 -1.950521
 201.574012 -1.985708
 202.083038 -1.921563
 202.592063 -1.882965
 203.101088 -1.957283
 203.610113 -1.951224
 204.119139 -1.974554
 204.628164 -1.914561
 205.137189 -1.842920
 205.646215 -1.907475
 206.155240 -1.996214
 206.664265 -1.962298
 207.173290 -1.853831
 207.682316 -1.885702
 208.191341 -1.881993
 208.700366 -1.870502
 209.209392 -1.912119
 209.718417 -1.962727
 210.227442 -1.946343
 210.736467 -1.933337
 211.245493 -1.937115
 211.754518 -1.926419
 212.263543 -1.925939
 212.772569 -1.979709
 213.281594 -1.988878
 213.790619 -1.970936
 214.299644 -1.914530
 214.808670 -1.889390
 215.317695 -2.009491
 215.826720 -1.972948
 216.335746 -1.924837
 216.844771 -1.930333
 217.353796 -1.965841
 217.862821 -1.963446
 218.371847 -1.951785
 218.880872 -1.988292
 219.389897 -1.914706
 219.898922 -1.901704
 220.407948 -2.019458
 220.916973 -2.017494
 221.425998 -1.944889
 221.935024 -1.925476
 222.444049 -1.909222
 222.953074 -1.926385
 223.462099 -1.945529
 223.971125 -1.919103
 224.480150 -1.969063
 224.989175 -2.030078
 225.498201 -1.943235
 226.007226 -1.965521
 226.516251 -1.933256
 227.025276 -1.906193
 227.534302 -1.887459
 228.043327 -1.964224
 228.552352 -1.933724
 229.061378 -1.934461
 229.570403 -1.893298
 230.079428 -1.944500
 230.588453 -1.949033
 231.097479 -1.925255
 231.606504 -1.947431
 232.115529 -1.915961
 232.624555 -1.926664
 233.133580 -1.959440
 233.642605 -1.952273
 234.151630 -1.946768
 234.660656 -1.903901
 235.169681 -1.888267
 235.678706 -1.998153
 236.187732 -1.947183
 236.696757 -1.928908
 237.205782 -1.932703
 237.714807 -1.939292
 238.223833 -1.944012
 238.732858 -1.908726
 239.241883 -1.926255
 239.750909 -1.909836
 240.259934 -1.890321
 240.768959 -1.933021
 241.277984 -1.997760
 241.787010 -1.992741
 242.296035 -1.946618
 242.805060 -1.899431
 243.314086 -1.896402
 243.823111 -1.939226
 244.332136 -1.885863
 244.841161 -1.919385
 245.350187 -1.920535
 245.859212 -1.915633
 246.368237 -1.929509
 246.877263 -1.905641
 247.386288 -1.981774
 247.895313 -1.961636
 248.404338 -1.936611
 248.913364 -1.880140
 249.422389 -1.873649
 249.931414 -1.968532
 250.440440 -2.001110
 250.949465 -1.975124
 251.458490 -1.952097
 251.967515 -1.845868
 252.476541 -1.890573
 252.985566 -1.958975
 253.494591 -1.986144
 254.003616 -1.953384
 254.512642 -1.943988
 255.021667 -1.951799
 255.530692 -1.979363
 256.039718 -1.955018
 256.548743 -1.980325
 257.057768 -1.945524
 257.566793 -1.869469
 258.075819 -1.925052
 258.584844 -1.911078
 259.093869 -1.906235
 259.602895 -1.924832
 260.111920 -1.915248
 260.620945 -1.913661
 261.129970 -1.928316
 261.638996 -1.993572
 262.148021 -1.995418
 262.657046 -1.972674
 263.166072 -1.851634
 263.675097 -1.931560
 264.184122 -1.951016
 264.693147 -1.971640
 265.202173 -1.989645
 265.711198 -1.909135
 266.220223 -1.850490
 266.729249 -1.909625
 267.238274 -2.006908
 267.747299 -1.893704
 268.256324 -1.879479
 268.765350 -1.909179
 269.274375 -1.886260
 269.783400 -1.945290
 270.292426 -1.990231
 270.801451 -1.914664
 271.310476 -1.920744
 271.819501 -1.874952
 272.328527 -1.881227
 272.837552 -1.945752
 273.346577 -1.973696
 273.855603 -1.961687
 274.364628 -1.945804
 274.873653 -1.877993
 275.382678 -1.934979
 275.891704 -1.963065
 276.400729 -1.956362
 276.909754 -1.872587
 277.418780 -1.916822
 277.927805 -1.966641
 278.436830 -2.045998
 278.945855 -1.966981
 279.454881 -1.882328
 279.963906 -1.901858
 280.472931 -1.954092
 280.981957 -1.972485
 281.490982 -1.939438
 282.000007 -1.958025
 282.509032 -1.935116
 283.018058 -1.928087
 283.527083 -1.997492
 284.036108 -1.911261
 284.545134 -1.886244
 285.054159 -1.926358
 285.563184 -1.941597
 286.072209 -1.902078
 286.581235 -1.885971
 287.090260 -1.982759
 287.599285 -1.986539
 288.108310 -1.902419
 288.617336 -1.927464
 289.126361 -1.962804
 289.635386 -1.949851
 290.144412 -1.957391
 290.653437 -1.933856
 291.162462 -1.917846
 291.671487 -1.946524
 292.180513 -1.928365
 292.689538 -1.892291
 293.198563 -1.893598
 293.707589 -1.990236
 294.216614 -2.045724
 294.725639 -1.928054
 295.234664 -1.928038
 295.743690 -1.953239
 296.252715 -1.980122
 296.761740 -1.976167
 297.270766 -1.901981
 297.779791 -1.879692
 298.288816 -1.915321
 298.797841 -1.962584
 299.306867 -1.956870
 299.815892 -1.951630
 300.324917 -1.963112
 300.833943 -1.950123
 301.342968 -1.890595
 301.851993 -1.917924
 302.361018 -1.913689
 302.870044 -2.012602
 303.379069 -1.999487
 303.888094 -1.938077
 304.397120 -1.914875
 304.906145 -1.947815
 305.415170 -1.922313
 305.924195 -1.922438
 306.433221 -1.960622
 306.942246 -1.938911
 307.451271 -1.954063
 307.960297 -1.956281
 308.469322 -1.956295
 308.978347 -1.975659
 309.487372 -1.874168
 309.996398 -1.893354
 310.505423 -1.925904
 311.014448 -1.958226
 311.523474 -1.921909
 312.032499 -1.916399
 312.541524 -1.977908
 313.050549 -1.941565
 313.559575 -1.895636
 314.068600 -1.900157
 314.577625 -1.914719
 315.086651 -1.941469
 315.595676 -1.893936
 316.104701 -1.969124
 316.613726 -1.937508
 317.122752 -1.958011
 317.631777 -1.961943
 318.140802 -1.965538
 318.649828 -1.940891
 319.158853 -1.911368
 319.667878 -1.835450
 320.176903 -1.884300
 320.685929 -1.927070
 321.194954 -1.928758
 321.703979 -1.936028
 322.213004 -1.918223
 322.722030 -1.973728
 323.231055 -1.968580
 323.740080 -1.974894
 324.249106 -1.944880
 324.758131 -1.913515
 325.267156 -1.949510
 325.776181 -1.988463
 326.285207 -1.920087
 326.794232 -1.924651
 327.303257 -1.958703
 327.812283 -1.911000
 328.321308 -1.943383
 328.830333 -1.946638
 329.339358 -1.835292
 329.848384 -1.877929
 330.357409 -1.966097
 330.866434 -2.030503
 331.375460 -1.936645
 331.884485 -1.896273
 332.393510 -1.911784
 332.902535 -1.895106
 333.411561 -1.929826
 333.920586 -1.981892
 334.429611 -1.986462
 334.938637 -1.922813
 335.447662 -1.920879
 335.956687 -1.916129
 336.465712 -1.907539
 336.974738 -1.950662
 337.483763 -1.907065
 337.992788 -1.899391
 338.501814 -1.986094
 339.010839 -1.982787
 339.519864 -1.923858
 340.028889 -1.932327
 340.537915 -1.953320
 341.046940 -1.953228
 341.555965 -1.897276
 342.064991 -1.887207
 342.574016 -1.843862
 343.083041 -1.940912
 343.592066 -1.986117
 344.101092 -1.976526
 344.610117 -1.997066
 345.119142 -1.936142
 345.628168 -1.907365
 346.137193 -1.927472
 346.646218 -1.926073
 347.155243 -1.962791
 347.664269 -1.952963
 348.173294 -1.937432
 348.682319 -1.968016
 349.191345 -1.871966
 349.700370 -1.896326
 350.209395 -1.855434
 350.718420 -1.851253
 351.227446 -1.898923
 351.736471 -1.952991
 352.245496 -1.942411
 352.754522 -1.895970
 353.263547 -1.884749
 353.772572 -1.910773
 354.281597 -1.979917
 354.790623 -1.973046
 355.299648 -1.940937
 355.808673 -1.915644
 356.317698 -1.949746
 356.826724 -1.960451
 357.335749 -1.892379
 357.844774 -1.912020
 358.353800 -1.932617
 358.862825 -1.974503
 359.371850 -1.956821
 359.880875 -1.931772
 360.389901 -1.959000
 360.898926 -1.959682
 361.407951 -1.940642
 361.916977 -1.921624
 362.426002 -1.908515
 362.935027 -1.911279
 363.444052 -1.926580
 363.953078 -1.952285
 364.462103 -1.890356
 364.971128 -1.928260
 365.480154 -1.965755
 365.989179 -1.915699
 366.498204 -1.910936
 367.007229 -1.887395
 367.516255 -1.945628
 368.025280 -1.974281
 368.534305 -1.997611
 369.043331 -1.943980
 369.552356 -1.879272
 370.061381 -1.943158
 370.570406 -1.966552
 371.079432 -1.910843
 371.588457 -1.895530
 372.097482 -1.937478
 372.606508 -1.933388
 373.115533 -1.947585
 373.624558 -1.937727
 374.133583 -1.922231
 374.642609 -1.981126
 375.151634 -1.984686
 375.660659 -1.917648
 376.169685 -1.920646
 376.678710 -1.907016
 377.187735 -1.861430
 377.696760 -1.972238
 378.205786 -1.953199
 378.714811 -1.928243
 379.223836 -1.939605
 379.732862 -1.949721
 380.241887 -1.948404
 380.750912 -1.940538
 381.259937 -1.947951
 381.768963 -1.990648
 382.277988 -2.007337
 382.787013 -1.936839
 383.296039 -1.942000
 383.805064 -1.957156
 384.314089 -1.985649
 384.823114 -1.959476
 385.332140 -1.948344
 385.841165 -1.935190
 386.350190 -1.970287
 386.859216 -2.019098
 387.368241 -1.915034
 387.877266 -1.846005
 388.386291 -1.889575
 388.895317 -1.984109
 389.404342 -1.897439
 389.913367 -1.896951
 390.422392 -1.927927
 390.931418 -1.897826
 391.440443 -1.889777
 391.949468 -1.904642
 392.458494 -2.006358
 392.967519 -1.984239
 393.476544 -1.967501
 393.985569 -1.911392
 394.494595 -1.940237
 395.003620 -1.957097
 395.512645 -1.929398
 396.021671 -1.965300
 396.530696 -1.931779
 397.039721 -1.876995
 397.548746 -1.932405
 398.057772 -1.942354
 398.566797 -1.920292
 399.075822 -1.881923
 399.584848 -1.912278
 400.093873 -1.922438
 400.602898 -1.914356
 401.111923 -1.911582
 401.620949 -1.865489
 402.129974 -1.954461
 402.638999 -2.009561
 403.148025 -1.927322
 403.657050 -1.925860
 404.166075 -1.933884
 404.675100 -1.933371
 405.184126 -1.980810
 405.693151 -1.986615
 406.202176 -1.939261
 406.711202 -1.854298
 407.220227 -1.889750
 407.729252 -1.977770
 408.238277 -2.064571
 408.747303 -1.997752
 409.256328 -1.898119
 409.765353 -1.970245
 410.274379 -1.984875
 410.783404 -1.987089
 411.292429 -1.902569
 411.801454 -1.922334
 412.310480 -1.951692
 412.819505 -1.977922
 413.328530 -1.944327
 413.837556 -1.938325
 414.346581 -1.921751
 414.855606 -1.972291
 415.364631 -1.923447
 415.873657 -1.874979
 416.382682 -1.876489
 416.891707 -1.871130
 417.400733 -1.947719
 417.909758 -1.958146
 418.418783 -1.945940
 418.927808 -1.924297
 419.436834 -1.884295
 419.945859 -1.957526
 420.454884 -1.949299
 420.963910 -1.918393
 421.472935 -1.945957
 421.981960 -2.000795
 422.490985 -1.938638
 423.000011 -1.870048
 423.509036 -1.925381
 424.018061 -1.963618
 424.527086 -1.977510
 425.036112 -1.987347
 425.545137 -1.989813
 426.054162 -1.984427
 426.563188 -1.940100
 427.072213 -1.892357
 427.581238 -2.015503
 428.090263 -2.033005
 428.599289 -1.984062
 429.108314 -1.868195
 429.617339 -1.935832
 430.126365 -1.934110
 430.635390 -1.953876
 431.144415 -1.994564
 431.653440 -1.940645
 432.162466 -1.928332
 432.671491 -1.925555
 433.180516 -2.014416
 433.689542 -1.994886
 434.198567 -1.954449
 434.707592 -1.980108
 435.216617 -2.040385
 435.725643 -2.019810
 436.234668 -1.971935
 436.743693 -1.960125
 437.252719 -1.955409
 437.761744 -1.907764
 438.270769 -1.974165
 438.779794 -2.013691
 439.288820 -1.950957
 439.797845 -1.949168
 440.306870 -1.895063
 440.815896 -1.949279
 441.324921 -1.978590
 441.833946 -2.015467
 442.342971 -2.057684
 442.851997 -1.975709
 443.361022 -1.909351
 443.870047 -1.879398
 444.379073 -1.986697
 444.888098 -2.053078
 445.397123 -1.938605
 445.906148 -1.876645
 446.415174 -1.922079
 446.924199 -1.951516
 447.433224 -1.966541
 447.942250 -1.950487
 448.451275 -1.918610
 448.960300 -1.898938
 449.469325 -1.956429
 449.978351 -1.966330
 450.487376 -1.947616
 450.996401 -1.971494
 451.505427 -2.014192
 452.014452 -1.958216
 452.523477 -1.941733
 453.032502 -1.982253
 453.541528 -1.926968
 454.050553 -1.881958
 454.559578 -1.902489
 455.068604 -1.900762
 455.577629 -1.918851
 456.086654 -1.981247
 456.595679 -2.014618
 457.104705 -1.978657
 457.613730 -1.878916
 458.122755 -1.870049
 458.631780 -1.924910
 459.140806 -1.893993
 459.649831 -1.980817
 460.158856 -1.962562
 460.667882 -1.959552
 461.176907 -1.921128
 461.685932 -1.879068
 462.194957 -1.910312
 462.703983 -1.881111
 463.213008 -2.039544
 463.722033 -1.993037
 464.231059 -1.993157
 464.740084 -1.938623
 465.249109 -1.850479
 465.758134 -1.907458
 466.267160 -1.966801
 466.776185 -1.981596
 467.285210 -1.932732
 467.794236 -1.934979
 468.303261 -1.895923
 468.812286 -1.917728
 469.321311 -1.967557
 469.830337 -2.007765
 470.339362 -1.968469
 470.848387 -1.938426
 471.357413 -1.905946
 471.866438 -1.878109
 472.375463 -1.963472
 472.884488 -2.005275
 473.393514 -1.931991
 473.902539 -1.916978
 474.411564 -1.953913
 474.920590 -1.948796
 475.429615 -1.965242
 475.938640 -1.906357
 476.447665 -1.941278
 476.956691 -2.029531
 477.465716 -1.961065
 477.974741 -1.931371
 478.483767 -1.949586
 478.992792 -1.892012
 479.501817 -1.916357
 480.010842 -1.966307
 480.519868 -1.955747
 481.028893 -1.869743
 481.537918 -1.904047
 482.046944 -1.934238
 482.555969 -1.946543
 483.064994 -2.006295
 483.574019 -1.947750
 484.083045 -1.859265
 484.592070 -1.856406
 485.101095 -1.878832
 485.610121 -1.973461
 486.119146 -1.939940
 486.628171 -1.894374
 487.137196 -1.922129
 487.646222 -1.977082
 488.155247 -1.958854
 488.664272 -1.953362
 489.173297 -1.981829
 489.682323 -1.966093
 490.191348 -1.940957
 490.700373 -1.859446
 491.209399 -1.898960
 491.718424 -1.959923
 492.227449 -2.011342
 492.736474 -1.981065
 493.245500 -1.941141
 493.754525 -1.928944
 494.263550 -1.930936
 494.772576 -1.887031
 495.281601 -1.912953
 495.790626 -1.953696
 496.299651 -1.971165
 496.808677 -1.911421
 497.317702 -1.885503
 497.826727 -1.894031
 498.335753 -1.894387
 498.844778 -1.979500
 499.353803 -1.959137
 499.862828 -1.904499
 500.371854 -1.957688
 500.880879 -1.988746
 501.389904 -1.989093
 501.898930 -1.924674
 502.407955 -1.958891
 502.916980 -1.946759
 503.426005 -1.901555
 503.935031 -1.943628
 504.444056 -1.965816
 504.953081 -1.932562
 505.462107 -1.914951
 505.971132 -1.913922
 506.480157 -1.915863
 506.989182 -2.002368
 507.498208 -1.966951
 508.007233 -1.948013
 508.516258 -1.901303
 509.025284 -1.904706
 509.534309 -1.953691
 510.043334 -1.927481
 510.552359 -1.924974
 511.061385 -1.910567
 511.570410 -1.945755
 512.079435 -1.962529
 512.588461 -1.917382
 513.097486 -1.938455
 513.606511 -1.939786
 514.115536 -1.891832
 514.624562 -1.964450
 515.133587 -2.074833
 515.642612 -1.965843
 516.151638 -1.907503
 516.660663 -1.924597
 517.169688 -1.894676
 517.678713 -1.898420
 518.187739 -1.975185
 518.696764 -1.958357
 519.205789 -1.841476
 519.714815 -1.955583
 520.223840 -1.986529
 520.732865 -1.965414
 521.241890 -1.925588
 521.750916 -1.932529
 522.259941 -1.910570
 522.768966 -1.914163
 523.277991 -1.976314
 523.787017 -1.932998
 524.296042 -1.908570
 524.805067 -1.868530
 525.314093 -1.865864
 525.823118 -1.925893
 526.332143 -1.921481
 526.841168 -1.938428
 527.350194 -1.970490
 527.859219 -1.961569
 528.368244 -1.974646
 528.877270 -2.016942
 529.386295 -1.962456
 529.895320 -1.984116
 530.404345 -1.936931
 530.913371 -1.951429
 531.422396 -1.954421
 531.931421 -1.908425
 532.440447 -2.015654
 532.949472 -1.947530
 533.458497 -1.977524
 533.967522 -1.921499
 534.476548 -1.859244
 534.985573 -1.839371
 535.494598 -1.954263
 536.003624 -2.031155
 536.512649 -2.006916
 537.021674 -1.959981
 537.530699 -1.862873
 538.039725 -1.905920
 538.548750 -1.920195
 539.057775 -1.977046
 539.566801 -1.962665
 540.075826 -1.907775
 540.584851 -1.928362
 541.093876 -2.021328
 541.602902 -1.971124
 542.111927 -1.890388
 542.620952 -1.862283
 543.129978 -1.913741
 543.639003 -1.958840
 544.148028 -1.949388
 544.657053 -1.928338
 545.166079 -1.886926
 545.675104 -1.865053
 546.184129 -1.963932
 546.693155 -1.932482
 547.202180 -1.888054
 547.711205 -1.903542
 548.220230 -1.958060
 548.729256 -1.950916
 549.238281 -1.967147
 549.747306 -1.903249
 550.256332 -1.913843
 550.765357 -1.955596
 551.274382 -1.948799
 551.783407 -1.863439
 552.292433 -1.912289
 552.801458 -1.942264
 553.310483 -1.938996
 553.819509 -1.929822
 554.328534 -1.924399
 554.837559 -1.940654
 555.346584 -1.945764
 555.855610 -2.019221
 556.364635 -2.059798
 556.873660 -1.954688
 557.382685 -1.873905
 557.891711 -1.861294
 558.400736 -1.923305
 558.909761 -1.990293
 559.418787 -2.007422
 559.927812 -2.003083
 560.436837 -1.948396
 560.945862 -1.954601
 561.454888 -1.907041
 561.963913 -1.871190
 562.472938 -1.931224
 562.981964 -1.960593
 563.490989 -2.031653
 564.000014 -2.023342
 564.509039 -1.966410
 565.018065 -1.880199
 565.527090 -1.966723
 566.036115 -2.004429
 566.545141 -1.937019
 567.054166 -1.979333
 567.563191 -1.952840
 568.072216 -1.941440
 568.581242 -1.993405
 569.090267 -1.942424
 569.599292 -1.934014
 570.108318 -1.924497
 570.617343 -1.900194
 571.126368 -1.963824
 571.635393 -2.026368
 572.144419 -1.967685
 572.653444 -1.878282
 573.162469 -1.986615
 573.671495 -1.998716
 574.180520 -1.916936
 574.689545 -2.000395
 575.198570 -2.009124
 575.707596 -1.924405
 576.216621 -1.921508
 576.725646 -1.915316
 577.234672 -1.893900
 577.743697 -1.896004
 578.252722 -1.985537
 578.761747 -1.991217
 579.270773 -1.891238
 579.779798 -1.895536
 580.288823 -1.960899
 580.797849 -1.936903
 581.306874 -1.923762
 581.815899 -1.951299
 582.324924 -1.929492
 582.833950 -1.901386
 583.342975 -1.868543
 583.852000 -1.896760
 584.361026 -1.923128
 584.870051 -1.913920
 585.379076 -1.976462
 585.888101 -1.992108
 586.397127 -1.941604
 586.906152 -1.924702
 587.415177 -1.915961
 587.924203 -1.969374
 588.433228 -1.946858
 588.942253 -1.956817
 589.451278 -2.011947
 589.960304 -1.958864
 590.469329 -1.951167
 590.978354 -1.930426
 591.487379 -1.892846
 591.996405 -1.853254
 592.505430 -1.946585
 593.014455 -1.918108
 593.523481 -1.903505
 594.032506 -1.960331
 594.541531 -1.968761
 595.050556 -1.955998
 595.559582 -1.902407
 596.068607 -1.883373
 596.577632 -1.932808
 597.086658 -1.949662
 597.595683 -1.960245
 598.104708 -2.003938
 598.613733 -1.935720
 599.122759 -1.842284
 599.631784 -1.907214
 600.140809 -1.926695
 600.649835 -1.924023
 601.158860 -1.965777
 601.667885 -1.920260
 602.176910 -1.948301
 602.685936 -1.968145
 603.194961 -1.970737
 603.703986 -2.039534
 604.213012 -2.017777
 604.722037 -1.950881
 605.231062 -1.988242
 605.740087 -1.987598
 606.249113 -1.964653
 606.758138 -1.901774
 607.267163 -1.909082
 607.776189 -1.964064
 608.285214 -1.941964
 608.794239 -1.967097
 609.303264 -1.909923
 609.812290 -1.962687
 610.321315 -1.935352
 610.830340 -1.945837
 611.339366 -1.841700
 611.848391 -1.846065
 612.357416 -1.944109
 612.866441 -2.016013
 613.375467 -1.997678
 613.884492 -1.941332
 614.393517 -1.903477
 614.902543 -2.003466
 615.411568 -2.014311
 615.920593 -1.973866
 616.429618 -1.928290
 616.938644 -1.909484
 617.447669 -1.967217
 617.956694 -1.944271
 618.465720 -1.985271
 618.974745 -1.972829
 619.483770 -1.955981
 619.992795 -1.934836
 620.501821 -1.887417
 621.010846 -1.893258
 621.519871 -2.037864
 622.028897 -2.044978
 622.537922 -1.926977
 623.046947 -1.874880
 623.555972 -1.863149
 624.064998 -1.906499
 624.574023 -1.885604
 625.083048 -1.958472
 625.592073 -1.905352
 626.101099 -1.865368
 626.610124 -1.912617
 627.119149 -1.896944
 627.628175 -1.988720
 628.137200 -1.999305
 628.646225 -1.973593
 629.155250 -1.907676
 629.664276 -1.877774
 630.173301 -1.940984
 630.682326 -2.007201
 631.191352 -1.908155
 631.700377 -1.894950
 632.209402 -1.921613
 632.718427 -1.964886
 633.227453 -1.980778
 633.736478 -1.910630
 634.245503 -1.874356
 634.754529 -1.898059
 635.263554 -1.876337
 635.772579 -1.922037
 636.281604 -1.952327
 636.790630 -1.926100
 637.299655 -1.883622
 637.808680 -1.909564
 638.317706 -1.991120
 638.826731 -2.013421
 639.335756 -1.968070
 639.844781 -2.004755
 640.353807 -2.071899
 640.862832 -1.961942
 641.371857 -1.855142
 641.880883 -1.973991
 642.389908 -1.992909
 642.898933 -2.046923
 643.407958 -2.019165
 643.916984 -1.931540
 644.426009 -1.900914
 644.935034 -1.968882
 645.444060 -1.978224
 645.953085 -1.889783
 646.462110 -1.910501
 646.971135 -2.001774
 647.480161 -1.939802
 647.989186 -1.928109
 648.498211 -1.976932
 649.007237 -1.918548
 649.516262 -1.979200
 650.025287 -1.944808
 650.534312 -1.873017
 651.043338 -1.939280
 651.552363 -1.955886
 652.061388 -1.941261
 652.570414 -1.966860
 653.079439 -1.914202
 653.588464 -1.943057
 654.097489 -1.893441
 654.606515 -1.878384
 655.115540 -1.945184
 655.624565 -1.957461
 656.133591 -1.994145
 656.642616 -1.956700
 657.151641 -1.853336
 657.660666 -1.886616
 658.169692 -1.911325
 658.678717 -1.963438
 659.187742 -1.914000
 659.696767 -1.945245
 660.205793 -1.961156
 660.714818 -1.908830
 661.223843 -1.866453
 661.732869 -1.837731
 662.241894 -1.943850
 662.750919 -1.937033
 663.259944 -1.923959
 663.768970 -1.931604
 664.277995 -1.922926
 664.787020 -1.948261
 665.296046 -1.967351
 665.805071 -1.959623
 666.314096 -1.938915
 666.823121 -1.917644
 667.332147 -1.938045
 667.841172 -1.945359
 668.350197 -2.006811
 668.859223 -1.920825
 669.368248 -1.883878
 669.877273 -1.881841
 670.386298 -1.920306
 670.895324 -1.975548
 671.404349 -1.919932
 671.913374 -1.961800
 672.422400 -1.878084
 672.931425 -1.894039
 673.440450 -1.899272
 673.949475 -1.922249
 674.458501 -1.887362
 674.967526 -1.890889
 675.476551 -1.881927
 675.985577 -1.941800
 676.494602 -1.947369
 677.003627 -1.938850
 677.512652 -1.960463
 678.021678 -1.947807
 678.530703 -1.967103
 679.039728 -1.943021
 679.548754 -2.021672
 680.057779 -1.992928
 680.566804 -1.885822
 681.075829 -1.942417
 681.584855 -1.994747
 682.093880 -2.091283
 682.602905 -1.906796
 683.111931 -1.858763
 683.620956 -1.866875
 684.129981 -1.906301
 684.639006 -1.976904
 685.148032 -1.928176
 685.657057 -2.009841
 686.166082 -1.965718
 686.675108 -1.886462
 687.184133 -1.929837
 687.693158 -1.885506
 688.202183 -1.934623
 688.711209 -1.971917
 689.220234 -2.002909
 689.729259 -1.985825
 690.238285 -1.916590
 690.747310 -1.968463
 691.256335 -1.987569
 691.765360 -1.945496
 692.274386 -1.873990
 692.783411 -1.925201
 693.292436 -1.929422
 693.801461 -2.005062
 694.310487 -1.939594
 694.819512 -1.889631
 695.328537 -1.984228
 695.837563 -1.933552
 696.346588 -1.967864
 696.855613 -1.956668
 697.364638 -1.881403
 697.873664 -1.894150
 698.382689 -1.950880
 698.891714 -2.031554
 699.400740 -2.048939
 699.909765 -1.920016
 700.418790 -1.849824
 700.927815 -1.860901
 701.436841 -2.018817
 701.945866 -2.067568
 702.454891 -2.006933
 702.963917 -1.826253
 703.472942 -1.933574
 703.981967 -1.995406
 704.490992 -2.012929
 705.000018 -2.047338
 705.509043 -1.997254
 706.018068 -1.859782
 706.527094 -1.822061
 707.036119 -1.826591
 707.545144 -1.902231
 708.054169 -1.969152
 708.563195 -2.028008
 709.072220 -1.905275
 709.581245 -1.862441
 710.090271 -1.908018
 710.599296 -1.911081
 711.108321 -1.929563
 711.617346 -1.989072
 712.126372 -1.964341
 712.635397 -1.892861
 713.144422 -1.881112
 713.653448 -1.935924
 714.162473 -1.976738
 714.671498 -1.967237
 715.180523 -1.958271
 715.689549 -1.957916
 716.198574 -1.876038
 716.707599 -1.945901
 717.216625 -1.948933
 717.725650 -1.927910
 718.234675 -1.954706
 718.743700 -1.947284
 719.252726 -1.980534
 719.761751 -1.968797
 720.270776 -1.925792
 720.779802 -1.860307
 721.288827 -1.876833
 721.797852 -1.996852
 722.306877 -2.018229
 722.815903 -1.951751
 723.324928 -1.946514
 723.833953 -1.883219
 724.342979 -1.965477
 724.852004 -1.900728
 725.361029 -1.891208
 725.870054 -1.863113
 726.379080 -1.858366
 726.888105 -1.910838
 727.397130 -1.947841
 727.906155 -2.035320
 728.415181 -2.011706
 728.924206 -1.948401
 729.433231 -1.917853
 729.942257 -1.887119
 730.451282 -1.881249
 730.960307 -1.905188
 731.469332 -1.906516
 731.978358 -1.936513
 732.487383 -1.957262
 732.996408 -1.903513
 733.505434 -1.954456
 734.014459 -1.915619
 734.523484 -1.925934
 735.032509 -1.940056
 735.541535 -1.927861
 736.050560 -1.938245
 736.559585 -1.925534
 737.068611 -1.896342
 737.577636 -1.936166
 738.086661 -1.963807
 738.595686 -1.990743
 739.104712 -1.963871
 739.613737 -1.898717
 740.122762 -1.900880
 740.631788 -1.930060
 741.140813 -1.884168
 741.649838 -1.966492
 742.158863 -1.959451
 742.667889 -1.900497
 743.176914 -1.894896
 743.685939 -1.835532
 744.194965 -1.913242
 744.703990 -1.936604
 745.213015 -1.891276
 745.722040 -1.916289
 746.231066 -1.897941
 746.740091 -1.953136
 747.249116 -2.052386
 747.758142 -1.991424
 748.267167 -1.885108
 748.776192 -1.861587
 749.285217 -1.825757
 749.794243 -1.913385
 750.303268 -1.984072
 750.812293 -1.951441
 751.321319 -1.956977
 751.830344 -1.880938
 752.339369 -1.899555
 752.848394 -1.876112
 753.357420 -1.945740
 753.866445 -1.974365
 754.375470 -1.961073
 754.884496 -1.880579
 755.393521 -1.882092
 755.902546 -1.907509
 756.411571 -1.903396
 756.920597 -1.930589
 757.429622 -1.947364
 757.938647 -2.009957
 758.447673 -2.005227
 758.956698 -1.958012
 759.465723 -1.941266
 759.974748 -1.866417
 760.483774 -1.832167
 760.992799 -1.935413
 761.501824 -2.003184
 762.010849 -1.943454
 762.519875 -1.907971
 763.028900 -1.929690
 763.537925 -1.968408
 764.046951 -1.913365
 764.555976 -1.915013
 765.065001 -1.943286
 765.574026 -1.918202
 766.083052 -1.950662
 766.592077 -1.968358
 767.101102 -1.901140
 767.610128 -1.891178
 768.119153 -1.909080
 768.628178 -1.941169
 769.137203 -1.905890
 769.646229 -1.910182
 770.155254 -1.971578
 770.664279 -1.924485
 771.173305 -1.829427
 771.682330 -1.912238
 772.191355 -1.988676
 772.700380 -2.007606
 773.209406 -1.974007
 773.718431 -1.940431
 774.227456 -1.925764
 774.736482 -1.977997
 775.245507 -1.987020
 775.754532 -1.955520
 776.263557 -1.884928
 776.772583 -1.996056
 777.281608 -2.023151
 777.790633 -2.054588
 778.299659 -2.017407
 778.808684 -1.952857
 779.317709 -2.001339
 779.826734 -1.986738
 780.335760 -1.987206
 780.844785 -1.950617
 781.353810 -1.907373
 781.862836 -1.891172
 782.371861 -1.897768
 782.880886 -1.952054
 783.389911 -1.956569
 783.898937 -1.978685
 784.407962 -1.935023
 784.916987 -1.931951
 785.426013 -1.892842
 785.935038 -1.910960
 786.444063 -1.921332
 786.953088 -1.954745
 787.462114 -1.993187
 787.971139 -1.948523
 788.480164 -1.952565
 788.989190 -1.995623
 789.498215 -1.985984
 790.007240 -1.982704
 790.516265 -1.901956
 791.025291 -1.913813
 791.534316 -1.984916
 792.043341 -1.898068
 792.552366 -1.875399
 793.061392 -1.971475
 793.570417 -1.964482
 794.079442 -1.945608
 794.588468 -1.963115
 795.097493 -1.912742
 795.606518 -1.898198
 796.115543 -1.896473
 796.624569 -1.937446
 797.133594 -1.977177
 797.642619 -1.971479
 798.151645 -1.951188
 798.660670 -1.962893
 799.169695 -1.906782
 799.678720 -1.968110
 800.187746 -1.992774
 800.696771 -1.928969
 801.205796 -1.953989
 801.714822 -1.931817
 802.223847 -1.905355
 802.732872 -1.902150
 803.241897 -1.905482
 803.750923 -2.013037
 804.259948 -1.989439
 804.768973 -2.052578
 805.277999 -1.977721
 805.787024 -1.925670
 806.296049 -1.923639
 806.805074 -1.876383
 807.314100 -1.910795
 807.823125 -1.989373
 808.332150 -1.967550
 808.841176 -1.929693
 809.350201 -1.890811
 809.859226 -1.981188
 810.368251 -1.955673
 810.877277 -1.952989
 811.386302 -1.894534
 811.895327 -1.960204
 812.404353 -1.973342
 812.913378 -1.925972
 813.422403 -1.909676
 813.931428 -1.927917
 814.440454 -1.952125
 814.949479 -1.953603
 815.458504 -1.952395
 815.967530 -1.917022
 816.476555 -1.912682
 816.985580 -1.956041
 817.494605 -1.920598
 818.003631 -1.926768
 818.512656 -1.933332
 819.021681 -1.974109
 819.530707 -2.012408
 820.039732 -1.931806
 820.548757 -1.885512
 821.057782 -1.947374
 821.566808 -1.944639
 822.075833 -1.980978
 822.584858 -1.920405
 823.093884 -1.889830
 823.602909 -1.967492
 824.111934 -1.945518
 824.620959 -1.939083
 825.129985 -1.991348
 825.639010 -1.931471
 826.148035 -1.879902
 826.657060 -1.959320
 827.166086 -2.007496
 827.675111 -2.018450
 828.184136 -1.994933
 828.693162 -1.898661
 829.202187 -1.896588
 829.711212 -1.932758
 830.220237 -1.979952
 830.729263 -1.953954
 831.238288 -2.019363
 831.747313 -1.928414
 832.256339 -1.913594
 832.765364 -1.922548
 833.274389 -1.918647
 833.783414 -2.007491
 834.292440 -1.990247
 834.801465 -1.952954
 835.310490 -1.902437
 835.819516 -1.895445
 836.328541 -1.948648
 836.837566 -1.980796
 837.346591 -1.953341
 837.855617 -1.864561
 838.364642 -1.884311
 838.873667 -1.988027
 839.382693 -2.024844
 839.891718 -1.955639
 840.400743 -1.896850
 840.909768 -1.906120
 841.418794 -1.936777
 841.927819 -1.889852
 842.436844 -1.897659
 842.945870 -1.983664
 843.454895 -1.942021
 843.963920 -1.904604
 844.472945 -1.942360
 844.981971 -2.019007
 845.490996 -1.962032
 846.000021 -1.951060
 846.509047 -1.965910
 847.018072 -1.931632
 847.527097 -1.967464
 848.036122 -1.965125
 848.545148 -1.950843
 849.054173 -1.948083
 849.563198 -1.946431
 850.072224 -1.967744
 850.581249 -1.906737
 851.090274 -1.896714
 851.599299 -1.895981
 852.108325 -1.921985
 852.617350 -2.035856
 853.126375 -1.981650
 853.635401 -1.923406
 854.144426 -1.907620
 854.653451 -1.894301
 855.162476 -1.924260
 855.671502 -1.916155
 856.180527 -1.894099
 856.689552 -1.902433
 857.198578 -1.930338
 857.707603 -1.973130
 858.216628 -1.926245
 858.725653 -1.915487
 859.234679 -1.921659
 859.743704 -1.962755
 860.252729 -1.889405
 860.761754 -1.945423
 861.270780 -1.907348
 861.779805 -1.923626
 862.288830 -1.910773
 862.797856 -2.000778
 863.306881 -1.988274
 863.815906 -1.954063
 864.324931 -1.901437
 864.833957 -1.855301
 865.342982 -1.910980
 865.852007 -2.029030
 866.361033 -1.975822
 866.870058 -1.951711
 867.379083 -1.924364
 867.888108 -1.891445
 868.397134 -2.002960
 868.906159 -1.999727
 869.415184 -1.927658
 869.924210 -1.887934
 870.433235 -1.905900
 870.942260 -1.989852
 871.451285 -1.989573
 871.960311 -2.013531
 872.469336 -1.955748
 872.978361 -1.853589
 873.487387 -1.858602
 873.996412 -1.973207
 874.505437 -2.002143
 875.014462 -2.034473
 875.523488 -2.002980
 876.032513 -1.840758
 876.541538 -1.792553
 877.050564 -1.870748
 877.559589 -1.944592
 878.068614 -2.030110
 878.577639 -1.923787
 879.086665 -1.934409
 879.595690 -1.891000
 880.104715 -1.949180
 880.613741 -1.910085
 881.122766 -1.972969
 881.631791 -1.970059
 882.140816 -1.887637
 882.649842 -1.890859
 883.158867 -1.960352
 883.667892 -1.958520
 884.176918 -1.870827
 884.685943 -1.882038
 885.194968 -1.917820
 885.703993 -1.928985
 886.213019 -1.925046
 886.722044 -1.996106
 887.231069 -1.900772
 887.740095 -1.898646
 888.249120 -1.898505
 888.758145 -1.906142
 889.267170 -1.882507
 889.776196 -1.985238
 890.285221 -2.064056
 890.794246 -1.998659
 891.303272 -1.904941
 891.812297 -1.861940
 892.321322 -1.935427
 892.830347 -1.935074
 893.339373 -1.980481
 893.848398 -1.907387
 894.357423 -1.869845
 894.866448 -1.839998
 895.375474 -1.848081
 895.884499 -1.955154
 896.393524 -1.969587
 896.902550 -1.966439
 897.411575 -1.879940
 897.920600 -1.899276
 898.429625 -1.911624
 898.938651 -1.937256
 899.447676 -2.039703
 899.956701 -2.020980
 900.465727 -1.978838
 900.974752 -1.876809
 901.483777 -1.933419
 901.992802 -1.894970
 902.501828 -1.955243
 903.010853 -1.941370
 903.519878 -1.970993
 904.028904 -1.990021
 904.537929 -1.949586
 905.046954 -1.917682
 905.555979 -1.993480
 906.065005 -2.015433
 906.574030 -1.933497
 907.083055 -1.935031
 907.592081 -1.903530
 908.101106 -1.914469
 908.610131 -1.927599
 909.119156 -1.923908
 909.628182 -1.898777
 910.137207 -1.941100
 910.646232 -1.984965
 911.155258 -1.996713
 911.664283 -1.874520
 912.173308 -1.888223
 912.682333 -1.901014
 913.191359 -1.961459
 913.700384 -2.021102
 914.209409 -1.997510
 914.718435 -1.929002
 915.227460 -1.916908
 915.736485 -1.932035
 916.245510 -1.933132
 916.754536 -1.964946
 917.263561 -1.942715
 917.772586 -1.892570
 918.281612 -1.884301
 918.790637 -1.965473
 919.299662 -2.002126
 919.808687 -1.948031
 920.317713 -1.986696
 920.826738 -1.941150
 921.335763 -1.943129
 921.844789 -1.964794
 922.353814 -1.880438
 922.862839 -1.962529
 923.371864 -1.996800
 923.880890 -1.980182
 924.389915 -1.924780
 924.898940 -1.893653
 925.407966 -1.887427
 925.916991 -1.940599
 926.426016 -1.972530
 926.935041 -1.960039
 927.444067 -1.881886
 927.953092 -1.999100
 928.462117 -1.945411
 928.971142 -1.906830
 929.480168 -1.923810
 929.989193 -1.968811
 930.498218 -1.968137
 931.007244 -1.944392
 931.516269 -1.952446
 932.025294 -1.933532
 932.534319 -1.915632
 933.043345 -1.896079
 933.552370 -1.953642
 934.061395 -1.963300
 934.570421 -1.912585
 935.079446 -1.941072
 935.588471 -1.938067
 936.097496 -1.887859
 936.606522 -1.937048
 937.115547 -1.969788
 937.624572 -1.979451
 938.133598 -1.910878
 938.642623 -1.927341
 939.151648 -1.941015
 939.660673 -1.923211
 940.169699 -1.962169
 940.678724 -1.954173
 941.187749 -1.920444
 941.696775 -1.921412
 942.205800 -1.952922
 942.714825 -1.964787
 943.223850 -1.860120
 943.732876 -1.935279
 944.241901 -1.947205
 944.750926 -1.918226
 945.259952 -1.854294
 945.768977 -1.920709
 946.278002 -1.995586
 946.787027 -1.982792
 947.296053 -1.913776
 947.805078 -1.929255
 948.314103 -1.923054
 948.823129 -1.980976
 949.332154 -1.920217
 949.841179 -1.877952
 950.350204 -1.980084
 950.859230 -2.042678
 951.368255 -1.957236
 951.877280 -1.892805
 952.386306 -1.890181
 952.895331 -1.882452
 953.404356 -1.951444
 953.913381 -1.952373
 954.422407 -1.936914
 954.931432 -1.937047
 955.440457 -1.978635
 955.949483 -2.003882
 956.458508 -1.914719
 956.967533 -1.907230
 957.476558 -1.917076
 957.985584 -1.923358
 958.494609 -1.928022
 959.003634 -1.935864
 959.512660 -1.965721
 960.021685 -1.901695
 960.530710 -1.923477
 961.039735 -1.931435
 961.548761 -1.958671
 962.057786 -1.911533
 962.566811 -1.896856
 963.075836 -1.928637
 963.584862 -1.916878
 964.093887 -1.953628
 964.602912 -1.913600
 965.111938 -1.939606
 965.620963 -1.929537
 966.129988 -1.978902
 966.639013 -1.900879
 967.148039 -1.921529
 967.657064 -1.959081
 968.166089 -1.925452
 968.675115 -1.901595
 969.184140 -1.914511
 969.693165 -1.911769
 970.202190 -1.910927
 970.711216 -1.961068
 971.220241 -1.997139
 971.729266 -1.957252
 972.238292 -1.904455
 972.747317 -1.846495
 973.256342 -1.925722
 973.765367 -1.995834
 974.274393 -2.093964
 974.783418 -1.974505
 975.292443 -1.880230
 975.801469 -1.815484
 976.310494 -1.892983
 976.819519 -1.967237
 977.328544 -2.038574
 977.837570 -2.043396
 978.346595 -1.944532
 978.855620 -1.946849
 979.364646 -1.858097
 979.873671 -1.911964
 980.382696 -1.954271
 980.891721 -2.007571
 981.400747 -1.987842
 981.909772 -1.999845
 982.418797 -1.915542
 982.927823 -1.903991
 983.436848 -1.920778
 983.945873 -1.862174
 984.454898 -1.955773
 984.963924 -1.978321
 985.472949 -1.961557
 985.981974 -1.969293
 986.491000 -1.954247
 987.000025 -1.862533
 987.509050 -1.888301
 988.018075 -1.940768
 988.527101 -1.904865
 989.036126 -1.933110
 989.545151 -1.954631
 990.054177 -1.990193
 990.563202 -1.964158
 991.072227 -1.880063
 991.581252 -1.906116
 992.090278 -1.939892
 992.599303 -1.953427
 993.108328 -2.002840
 993.617354 -1.963743
 994.126379 -1.919921
 994.635404 -1.897849
 995.144429 -1.950761
 995.653455 -1.994622
 996.162480 -1.924238
 996.671505 -1.897875
 997.180530 -1.942231
 997.689556 -1.921404
 998.198581 -1.955235
 998.707606 -1.937693
 999.216632 -1.895760
 999.725657 -1.853088
 1000.234682 -1.945963
 1000.743707 -1.989773
 1001.252733 -1.966731
 1001.761758 -1.901653
 1002.270783 -1.798616
 1002.779809 -1.832402
 1003.288834 -1.926821
 1003.797859 -1.967204
 1004.306884 -1.982668
 1004.815910 -1.950238
 1005.324935 -1.928737
 1005.833960 -1.875039
 1006.342986 -1.931690
 1006.852011 -1.940091
 1007.361036 -1.928232
 1007.870061 -1.977491
 1008.379087 -1.928960
 1008.888112 -1.955374
 1009.397137 -1.961895
 1009.906163 -1.911156
 1010.415188 -1.911183
 1010.924213 -1.919119
 1011.433238 -1.928286
 1011.942264 -1.928917
 1012.451289 -1.950072
 1012.960314 -1.872477
 1013.469340 -1.874721
 1013.978365 -1.930772
 1014.487390 -1.972814
 1014.996415 -1.974260
 1015.505441 -1.970451
 1016.014466 -1.994849
 1016.523491 -1.921616
 1017.032517 -1.889366
 1017.541542 -1.896342
 1018.050567 -1.912048
