#! FIELDS time cv
 0.000000 -2.314358
 0.509025 -2.399362
 1.018051 -2.575577
 1.527076 -2.558566
 2.036101 -2.454056
 2.545126 -2.440185
 3.054152 -2.544576
 3.563177 -2.517698
 4.072202 -2.454433
 4.581228 -2.491873
 5.090253 -2.495928
 5.599278 -2.577333
 6.108303 -2.500653
 6.617329 -2.501021
 7.126354 -2.466806
 7.635379 -2.486322
 8.144405 -2.449876
 8.653430 -2.548267
 9.162455 -2.526369
 9.671480 -2.455535
 10.180506 -2.431490
 10.689531 -2.529963
 11.198556 -2.537607
 11.707582 -2.467472
 12.216607 -2.419848
 12.725632 -2.506241
 13.234657 -2.486626
 13.743683 -2.511146
 14.252708 -2.467602
 14.761733 -2.428215
 15.270759 -2.513204
 15.779784 -2.591341
 16.288809 -2.530785
 16.797834 -2.423495
 17.306860 -2.478242
 17.815885 -2.533285
 18.324910 -2.557020
 18.833935 -2.449072
 19.342961 -2.470398
 19.851986 -2.544159
 20.361011 -2.532280
 20.870037 -2.449768
 21.379062 -2.477689
 21.888087 -2.485854
 22.397112 -2.486897
 22.906138 -2.511365
 23.415163 -2.546629
 23.924188 -2.434458
 24.433214 -2.388179
 24.942239 -2.494877
 25.451264 -2.545099
 25.960289 -2.519533
 26.469315 -2.493759
 26.978340 -2.448482
 27.487365 -2.533448
 27.996391 -2.501520
 28.505416 -2.478432
 29.014441 -2.485278
 29.523466 -2.513217
 30.032492 -2.487594
 30.541517 -2.446435
 31.050542 -2.458612
 31.559568 -2.486931
 32.068593 -2.465439
 32.577618 -2.523290
 33.086643 -2.511771
 33.595669 -2.468585
 34.104694 -2.522087
 34.613719 -2.534689
 35.122745 -2.527624
 35.631770 -2.471957
 36.140795 -2.473625
 36.649820 -2.463022
 37.158846 -2.466719
 37.667871 -2.511062
 38.176896 -2.481263
 38.685922 -2.479663
 39.194947 -2.473615
 39.703972 -2.527653
 40.212997 -2.549183
 40.722023 -2.549870
 41.231048 -2.472780
 41.740073 -2.443337
 42.249099 -2.484901
 42.758124 -2.540990
 43.267149 -2.442108
 43.776174 -2.521807
 44.285200 -2.539302
 44.794225 -2.448138
 45.303250 -2.459897
 45.812276 -2.487172
 46.321301 -2.542404
 46.830326 -2.515105
 47.339351 -2.467116
 47.848377 -2.484138
 48.357402 -2.543739
 48.866427 -2.505016
 49.375453 -2.449170
 49.884478 -2.515054
 50.393503 -2.472701
 50.902528 -2.464886
 51.411554 -2.476372
 51.920579 -2.509999
 52.429604 -2.502425
 52.938629 -2.459836
 53.447655 -2.480198
 53.956680 -2.535808
 54.465705 -2.505098
 54.974731 -2.452932
 55.483756 -2.495214
 55.992781 -2.537623
 56.501806 -2.480642
 57.010832 -2.434065
 57.519857 -2.505176
 58.028882 -2.527802
 58.537908 -2.529239
 59.046933 -2.462155
 59.555958 -2.488845
 60.064983 -2.573720
 60.574009 -2.483844
 61.083034 -2.469811
 61.592059 -2.459380
 62.101085 -2.542347
 62.610110 -2.459605
 63.119135 -2.415792
 63.628160 -2.488710
 64.137186 -2.566187
 64.646211 -2.529502
 65.155236 -2.456014
 65.664262 -2.476014
 66.173287 -2.538761
 66.682312 -2.482016
 67.191337 -2.436997
 67.700363 -2.523218
 68.209388 -2.579048
 68.718413 -2.522761
 69.227439 -2.411786
 69.736464 -2.439041
 70.245489 -2.547895
 70.754514 -2.544961
 71.263540 -2.434989
 71.772565 -2.482601
 72.281590 -2.488530
 72.790616 -2.499115
 73.299641 -2.533166
 73.808666 -2.479068
 74.317691 -2.433973
 74.826717 -2.496339
 75.335742 -2.534871
 75.844767 -2.495479
 76.353793 -2.488225
 76.862818 -2.485292
 77.371843 -2.451962
 77.880868 -2.492281
 78.389894 -2.620261
 78.898919 -2.559581
 79.407944 -2.418996
 79.916970 -2.452096
 80.425995 -2.573471
 80.935020 -2.505673
 81.444045 -2.500155
 81.953071 -2.506966
 82.462096 -2.476160
 82.971121 -2.513202
 83.480147 -2.503072
 83.989172 -2.396380
 84.498197 -2.422868
 85.007222 -2.534879
 85.516248 -2.561418
 86.025273 -2.541332
 86.534298 -2.480547
 87.043323 -2.414162
 87.552349 -2.489856
 88.061374 -2.545747
 88.570399 -2.502298
 89.079425 -2.573197
 89.588450 -2.497577
 90.097475 -2.485205
 90.606500 -2.514205
 91.115526 -2.503256
 91.624551 -2.468165
 92.133576 -2.480801
 92.642602 -2.560515
 93.151627 -2.518481
 93.660652 -2.463657
 94.169677 -2.510663
 94.678703 -2.528540
 95.187728 -2.496504
 95.696753 -2.502056
 96.205779 -2.542147
 96.714804 -2.454962
 97.223829 -2.544652
 97.732854 -2.532202
 98.241880 -2.467153
 98.750905 -2.516905
 99.259930 -2.520605
 99.768956 -2.478386
 100.277981 -2.430748
 100.787006 -2.540699
 101.296031 -2.565455
 101.805057 -2.481242
 102.314082 -2.449744
 102.823107 -2.487240
 103.332133 -2.518492
 103.841158 -2.477843
 104.350183 -2.469668
 104.859208 -2.514418
 105.368234 -2.525187
 105.877259 -2.479128
 106.386284 -2.475485
 106.895310 -2.482666
 107.404335 -2.532995
 107.913360 -2.492098
 108.422385 -2.490899
 108.931411 -2.500216
 109.440436 -2.521840
 109.949461 -2.530870
 110.458487 -2.491778
 110.967512 -2.500803
 111.476537 -2.504289
 111.985562 -2.459743
 112.494588 -2.447901
 113.003613 -2.498195
 113.512638 -2.497587
 114.021664 -2.479512
 114.530689 -2.514179
 115.039714 -2.487806
 115.548739 -2.448087
 116.057765 -2.431848
 116.566790 -2.510615
 117.075815 -2.563651
 117.584841 -2.440695
 118.093866 -2.433020
 118.602891 -2.532106
 119.111916 -2.509829
 119.620942 -2.461620
 120.129967 -2.463704
 120.638992 -2.553665
 121.148017 -2.519315
 121.657043 -2.493065
 122.166068 -2.493683
 122.675093 -2.499447
 123.184119 -2.467332
 123.693144 -2.520645
 124.202169 -2.530195
 124.711194 -2.435364
 125.220220 -2.424606
 125.729245 -2.550063
 126.238270 -2.502509
 126.747296 -2.498973
 127.256321 -2.473524
 127.765346 -2.443672
 128.274371 -2.505080
 128.783397 -2.508402
 129.292422 -2.446935
 129.801447 -2.555503
 130.310473 -2.543569
 130.819498 -2.499958
 131.328523 -2.439458
 131.837548 -2.466103
 132.346574 -2.527973
 132.855599 -2.571053
 133.364624 -2.416575
 133.873650 -2.417871
 134.382675 -2.529234
 134.891700 -2.524905
 135.400725 -2.493619
 135.909751 -2.443295
 136.418776 -2.440364
 136.927801 -2.513956
 137.436827 -2.554992
 137.945852 -2.464989
 138.454877 -2.432110
 138.963902 -2.560385
 139.472928 -2.544752
 139.981953 -2.516057
 140.490978 -2.490543
 141.000004 -2.511249
 141.509029 -2.462629
 142.018054 -2.551131
 142.527079 -2.499227
 143.036105 -2.447009
 143.545130 -2.526983
 144.054155 -2.564078
 144.563181 -2.505548
 145.072206 -2.449850
 145.581231 -2.415368
 146.090256 -2.513573
 146.599282 -2.530415
 147.108307 -2.493900
 147.617332 -2.438921
 148.126358 -2.526403
 148.635383 -2.538956
 149.144408 -2.502664
 149.653433 -2.453101
 150.162459 -2.456262
 150.671484 -2.563831
 151.180509 -2.547520
 151.689535 -2.511335
 152.198560 -2.487098
 152.707585 -2.452385
 153.216610 -2.539287
 153.725636 -2.534579
 154.234661 -2.461495
 154.743686 -2.452951
 155.252711 -2.465845
 155.761737 -2.509522
 156.270762 -2.533942
 156.779787 -2.512917
 157.288813 -2.518357
 157.797838 -2.448457
 158.306863 -2.467260
 158.815888 -2.500084
 159.324914 -2.562769
 159.833939 -2.499351
 160.342964 -2.417626
 160.851990 -2.481361
 161.361015 -2.470120
 161.870040 -2.510334
 162.379065 -2.488882
 162.888091 -2.459279
 163.397116 -2.543738
 163.906141 -2.499539
 164.415167 -2.455776
 164.924192 -2.496450
 165.433217 -2.508896
 165.942242 -2.475834
 166.451268 -2.489375
 166.960293 -2.495200
 167.469318 -2.516280
 167.978344 -2.513673
 168.487369 -2.509544
 168.996394 -2.507548
 169.505419 -2.446934
 170.014445 -2.504862
 170.523470 -2.560008
 171.032495 -2.467812
 171.541521 -2.419162
 172.050546 -2.516845
 172.559571 -2.551713
 173.068596 -2.467841
 173.577622 -2.494647
 174.086647 -2.570156
 174.595672 -2.426742
 175.104698 -2.458684
 175.613723 -2.580216
 176.122748 -2.472060
 176.631773 -2.430000
 177.140799 -2.482660
 177.649824 -2.504430
 178.158849 -2.465411
 178.667875 -2.477426
 179.176900 -2.500752
 179.685925 -2.467010
 180.194950 -2.471013
 180.703976 -2.473434
 181.213001 -2.492115
 181.722026 -2.500848
 182.231052 -2.481540
 182.740077 -2.494665
 183.249102 -2.514012
 183.758127 -2.444230
 184.267153 -2.501674
 184.776178 -2.499271
 185.285203 -2.511994
 185.794228 -2.562877
 186.303254 -2.454176
 186.812279 -2.420981
 187.321304 -2.546462
 187.830330 -2.496936
 188.339355 -2.508158
 188.848380 -2.462970
 189.357405 -2.517159
 189.866431 -2.489902
 190.375456 -2.482084
 190.884481 -2.500502
 191.393507 -2.514497
 191.902532 -2.489725
 192.411557 -2.493625
 192.920582 -2.555976
 193.429608 -2.499420
 193.938633 -2.415139
 194.447658 -2.499287
 194.956684 -2.612490
 195.465709 -2.525203
 195.974734 -2.362460
 196.483759 -2.411304
 196.992785 -2.591766
 197.501810 -2.578509
 198.010835 -2.485650
 198.519861 -2.445378
 199.028886 -2.482972
 199.537911 -2.562109
 200.046936 -2.513508
 200.555962 -2.487409
 201.064987 -2.476777
 201.574012 -2.488114
 202.083038 -2.485756
 202.592063 -2.487795
 203.101088 -2.526624
 203.610113 -2.390926
 204.119139 -2.503539
 204.628164 -2.566082
 205.137189 -2.461115
 205.646215 -2.377008
 206.155240 -2.468792
 206.664265 -2.524290
 207.173290 -2.588131
 207.682316 -2.512476
 208.191341 -2.392691
 208.700366 -2.436742
 209.209392 -2.569993
 209.718417 -2.544716
 210.227442 -2.445564
 210.736467 -2.449236
 211.245493 -2.533177
 211.754518 -2.547493
 212.263543 -2.485401
 212.772569 -2.455488
 213.281594 -2.472818
 213.790619 -2.589852
 214.299644 -2.500393
 214.808670 -2.432260
 215.317695 -2.433590
 215.826720 -2.520382
 216.335746 -2.502716
 216.844771 -2.491140
 217.353796 -2.513708
 217.862821 -2.498683
 218.371847 -2.513793
 218.880872 -2.578634
 219.389897 -2.534626
 219.898922 -2.431275
 220.407948 -2.501668
 220.916973 -2.537353
 221.425998 -2.495701
 221.935024 -2.390507
 222.444049 -2.488745
 222.953074 -2.507450
 223.462099 -2.484346
 223.971125 -2.543612
 224.480150 -2.545371
 224.989175 -2.417410
 225.498201 -2.427248
 226.007226 -2.447127
 226.516251 -2.517457
 227.025276 -2.546342
 227.534302 -2.453860
 228.043327 -2.522708
 228.552352 -2.578524
 229.061378 -2.467039
 229.570403 -2.485123
 230.079428 -2.501654
 230.588453 -2.499658
 231.097479 -2.487230
 231.606504 -2.545440
 232.115529 -2.458115
 232.624555 -2.490136
 233.133580 -2.520238
 233.642605 -2.488257
 234.151630 -2.454746
 234.660656 -2.536123
 235.169681 -2.520694
 235.678706 -2.420350
 236.187732 -2.439038
 236.696757 -2.510296
 237.205782 -2.456265
 237.714807 -2.483544
 238.223833 -2.502801
 238.732858 -2.476248
 239.241883 -2.477105
 239.750909 -2.517280
 240.259934 -2.473658
 240.768959 -2.511547
 241.277984 -2.531799
 241.787010 -2.504455
 242.296035 -2.489146
 242.805060 -2.424532
 243.314086 -2.513614
 243.823111 -2.542591
 244.332136 -2.504986
 244.841161 -2.428713
 245.350187 -2.513641
 245.859212 -2.551860
 246.368237 -2.464808
 246.877263 -2.505833
 247.386288 -2.524638
 247.895313 -2.479396
 248.404338 -2.459868
 248.913364 -2.469193
 249.422389 -2.506634
 249.931414 -2.572616
 250.440440 -2.531895
 250.949465 -2.458918
 251.458490 -2.447843
 251.967515 -2.534733
 252.476541 -2.495965
 252.985566 -2.433497
 253.494591 -2.538199
 254.003616 -2.505902
 254.512642 -2.425906
 255.021667 -2.482505
 255.530692 -2.537462
 256.039718 -2.542208
 256.548743 -2.486203
 257.057768 -2.475623
 257.566793 -2.521642
 258.075819 -2.484104
 258.584844 -2.480156
 259.093869 -2.472975
 259.602895 -2.556630
 260.111920 -2.508783
 260.620945 -2.430353
 261.129970 -2.491186
 261.638996 -2.528128
 262.148021 -2.489759
 262.657046 -2.484660
 263.166072 -2.491378
 263.675097 -2.502156
 264.184122 -2.474340
 264.693147 -2.515407
 265.202173 -2.464412
 265.711198 -2.469159
 266.220223 -2.471942
 266.729249 -2.479930
 267.238274 -2.531943
 267.747299 -2.514060
 268.256324 -2.471413
 268.765350 -2.488342
 269.274375 -2.498002
 269.783400 -2.511766
 270.292426 -2.468405
 270.801451 -2.475797
 271.310476 -2.556433
 271.819501 -2.463459
 272.328527 -2.472358
 272.837552 -2.504656
 273.346577 -2.492001
 273.855603 -2.470334
 274.364628 -2.536829
 274.873653 -2.505482
 275.382678 -2.474793
 275.891704 -2.545304
 276.400729 -2.489637
 276.909754 -2.444326
 277.418780 -2.528132
 277.927805 -2.508612
 278.436830 -2.493985
 278.945855 -2.481961
 279.454881 -2.500778
 279.963906 -2.510764
 280.472931 -2.439525
 280.981957 -2.427092
 281.490982 -2.544603
 282.000007 -2.505345
 282.509032 -2.482004
 283.018058 -2.499923
 283.527083 -2.456806
 284.036108 -2.466688
 284.545134 -2.464601
 285.054159 -2.486706
 285.563184 -2.509557
 286.072209 -2.502421
 286.581235 -2.512152
 287.090260 -2.481733
 287.599285 -2.423227
 288.108310 -2.420558
 288.617336 -2.546066
 289.126361 -2.548158
 289.635386 -2.465685
 290.144412 -2.410076
 290.653437 -2.555238
 291.162462 -2.670339
 291.671487 -2.497134
 292.180513 -2.350529
 292.689538 -2.503255
 293.198563 -2.559395
 293.707589 -2.494163
 294.216614 -2.471321
 294.725639 -2.472175
 295.234664 -2.527356
 295.743690 -2.530721
 296.252715 -2.472321
 296.761740 -2.436978
 297.270766 -2.511310
 297.779791 -2.511358
 298.288816 -2.472250
 298.797841 -2.525763
 299.306867 -2.574986
 299.815892 -2.487128
 300.324917 -2.449679
 300.833943 -2.505344
 301.342968 -2.482554
 301.851993 -2.497941
 302.361018 -2.466859
 302.870044 -2.526631
 303.379069 -2.543691
 303.888094 -2.465480
 304.397120 -2.541244
 304.906145 -2.503892
 305.415170 -2.502549
 305.924195 -2.478346
 306.433221 -2.551299
 306.942246 -2.541817
 307.451271 -2.451239
 307.960297 -2.468635
 308.469322 -2.505124
 308.978347 -2.534711
 309.487372 -2.465455
 309.996398 -2.473003
 310.505423 -2.425973
 311.014448 -2.518234
 311.523474 -2.498954
 312.032499 -2.516512
 312.541524 -2.506547
 313.050549 -2.531392
 313.559575 -2.537157
 314.068600 -2.466285
 314.577625 -2.525058
 315.086651 -2.475255
 315.595676 -2.461286
 316.104701 -2.474766
 316.613726 -2.484354
 317.122752 -2.483834
 317.631777 -2.475254
 318.140802 -2.533821
 318.649828 -2.519064
 319.158853 -2.486988
 319.667878 -2.450454
 320.176903 -2.482271
 320.685929 -2.482898
 321.194954 -2.481507
 321.703979 -2.452439
 322.213004 -2.525210
 322.722030 -2.550587
 323.231055 -2.503455
 323.740080 -2.521605
 324.249106 -2.465127
 324.758131 -2.523894
 325.267156 -2.494600
 325.776181 -2.474646
 326.285207 -2.497845
 326.794232 -2.519112
 327.303257 -2.466198
 327.812283 -2.481077
 328.321308 -2.461227
 328.830333 -2.450579
 329.339358 -2.535424
 329.848384 -2.562018
 330.357409 -2.530456
 330.866434 -2.520959
 331.375460 -2.453308
 331.884485 -2.510233
 332.393510 -2.511818
 332.902535 -2.487169
 333.411561 -2.463847
 333.920586 -2.478076
 334.429611 -2.504493
 334.938637 -2.542669
 335.447662 -2.500584
 335.956687 -2.404591
 336.465712 -2.476135
 336.974738 -2.588942
 337.483763 -2.587128
 337.992788 -2.429038
 338.501814 -2.420163
 339.010839 -2.552044
 339.519864 -2.534773
 340.028889 -2.505003
 340.537915 -2.480079
 341.046940 -2.553537
 341.555965 -2.549556
 342.064991 -2.416403
 342.574016 -2.521945
 343.083041 -2.577609
 343.592066 -2.512762
 344.101092 -2.429800
 344.610117 -2.489864
 345.119142 -2.520911
 345.628168 -2.480242
 346.137193 -2.428027
 346.646218 -2.503850
 347.155243 -2.523815
 347.664269 -2.482298
 348.173294 -2.459675
 348.682319 -2.507391
 349.191345 -2.548699
 349.700370 -2.468454
 350.209395 -2.467409
 350.718420 -2.484742
 351.227446 -2.525194
 351.736471 -2.494026
 352.245496 -2.454489
 352.754522 -2.467433
 353.263547 -2.530231
 353.772572 -2.498098
 354.281597 -2.463369
 354.790623 -2.535998
 355.299648 -2.574794
 355.808673 -2.496150
 356.317698 -2.472968
 356.826724 -2.508511
 357.335749 -2.503707
 357.844774 -2.452911
 358.353800 -2.483311
 358.862825 -2.546656
 359.371850 -2.488466
 359.880875 -2.473340
 360.389901 -2.484133
 360.898926 -2.491076
 361.407951 -2.513196
 361.916977 -2.486022
 362.426002 -2.476260
 362.935027 -2.477167
 363.444052 -2.502200
 363.953078 -2.513551
 364.462103 -2.536585
 364.971128 -2.533635
 365.480154 -2.441236
 365.989179 -2.461765
 366.498204 -2.521957
 367.007229 -2.541077
 367.516255 -2.459257
 368.025280 -2.452564
 368.534305 -2.489488
 369.043331 -2.471642
 369.552356 -2.480229
 370.061381 -2.554042
 370.570406 -2.485922
 371.079432 -2.539883
 371.588457 -2.536679
 372.097482 -2.484537
 372.606508 -2.471995
 373.115533 -2.537382
 373.624558 -2.529453
 374.133583 -2.491470
 374.642609 -2.516083
 375.151634 -2.548022
 375.660659 -2.492083
 376.169685 -2.457242
 376.678710 -2.531992
 377.187735 -2.480708
 377.696760 -2.535258
 378.205786 -2.535079
 378.714811 -2.461530
 379.223836 -2.469325
 379.732862 -2.486323
 380.241887 -2.497077
 380.750912 -2.455999
 381.259937 -2.453525
 381.768963 -2.518749
 382.277988 -2.515585
 382.787013 -2.519426
 383.296039 -2.498888
 383.805064 -2.464449
 384.314089 -2.517824
 384.823114 -2.541756
 385.332140 -2.447388
 385.841165 -2.491226
 386.350190 -2.547834
 386.859216 -2.468050
 387.368241 -2.413696
 387.877266 -2.479878
 388.386291 -2.532684
 388.895317 -2.488907
 389.404342 -2.440880
 389.913367 -2.472173
 390.422392 -2.557593
 390.931418 -2.530782
 391.440443 -2.452271
 391.949468 -2.481119
 392.458494 -2.515022
 392.967519 -2.509857
 393.476544 -2.472375
 393.985569 -2.513812
 394.494595 -2.528370
 395.003620 -2.514306
 395.512645 -2.475324
 396.021671 -2.458779
 396.530696 -2.517939
 397.039721 -2.540359
 397.548746 -2.431058
 398.057772 -2.483135
 398.566797 -2.511047
 399.075822 -2.524844
 399.584848 -2.451122
 400.093873 -2.465523
 400.602898 -2.507250
 401.111923 -2.495357
 401.620949 -2.466595
 402.129974 -2.456523
 402.638999 -2.533814
 403.148025 -2.493753
 403.657050 -2.440128
 404.166075 -2.500544
 404.675100 -2.524759
 405.184126 -2.489680
 405.693151 -2.495743
 406.202176 -2.505508
 406.711202 -2.489928
 407.220227 -2.463709
 407.729252 -2.520802
 408.238277 -2.531740
 408.747303 -2.451651
 409.256328 -2.522057
 409.765353 -2.543946
 410.274379 -2.501185
 410.783404 -2.478827
 411.292429 -2.469414
 411.801454 -2.491606
 412.310480 -2.492638
 412.819505 -2.527920
 413.328530 -2.477427
 413.837556 -2.517764
 414.346581 -2.534136
 414.855606 -2.465584
 415.364631 -2.475344
 415.873657 -2.468246
 416.382682 -2.484158
 416.891707 -2.541090
 417.400733 -2.442424
 417.909758 -2.397728
 418.418783 -2.559654
 418.927808 -2.574299
 419.436834 -2.504077
 419.945859 -2.490893
 420.454884 -2.509836
 420.963910 -2.498643
 421.472935 -2.451927
 421.981960 -2.518530
 422.490985 -2.510219
 423.000011 -2.458342
 423.509036 -2.520740
 424.018061 -2.452485
 424.527086 -2.481554
 425.036112 -2.551725
 425.545137 -2.478357
 426.054162 -2.404972
 426.563188 -2.507511
 427.072213 -2.550920
 427.581238 -2.500286
 428.090263 -2.444687
 428.599289 -2.481237
 429.108314 -2.557368
 429.617339 -2.540213
 430.126365 -2.385271
 430.635390 -2.478092
 431.144415 -2.523239
 431.653440 -2.495408
 432.162466 -2.473181
 432.671491 -2.508891
 433.180516 -2.490750
 433.689542 -2.478171
 434.198567 -2.501674
 434.707592 -2.481070
 435.216617 -2.475262
 435.725643 -2.535687
 436.234668 -2.537630
 436.743693 -2.489807
 437.252719 -2.517447
 437.761744 -2.527468
 438.270769 -2.450342
 438.779794 -2.560804
 439.288820 -2.513651
 439.797845 -2.487359
 440.306870 -2.509685
 440.815896 -2.539223
 441.324921 -2.442881
 441.833946 -2.451150
 442.342971 -2.550540
 442.851997 -2.534290
 443.361022 -2.477712
 443.870047 -2.492424
 444.379073 -2.518557
 444.888098 -2.497949
 445.397123 -2.465099
 445.906148 -2.502270
 446.415174 -2.548410
 446.924199 -2.531542
 447.433224 -2.423181
 447.942250 -2.494304
 448.451275 -2.562862
 448.960300 -2.449179
 449.469325 -2.486225
 449.978351 -2.438175
 450.487376 -2.556115
 450.996401 -2.506106
 451.505427 -2.486196
 452.014452 -2.485045
 452.523477 -2.533508
 453.032502 -2.466490
 453.541528 -2.466681
 454.050553 -2.489355
 454.559578 -2.518045
 455.068604 -2.499459
 455.577629 -2.449635
 456.086654 -2.496270
 456.595679 -2.513856
 457.104705 -2.500398
 457.613730 -2.434448
 458.122755 -2.426536
 458.631780 -2.488236
 459.140806 -2.505037
 459.649831 -2.528674
 460.158856 -2.515072
 460.667882 -2.495005
 461.176907 -2.544767
 461.685932 -2.438033
 462.194957 -2.505140
 462.703983 -2.584352
 463.213008 -2.469521
 463.722033 -2.461907
 464.231059 -2.574517
 464.740084 -2.557996
 465.249109 -2.478482
 465.758134 -2.513549
 466.267160 -2.487800
 466.776185 -2.463910
 467.285210 -2.524328
 467.794236 -2.515449
 468.303261 -2.465646
 468.812286 -2.509462
 469.321311 -2.551333
 469.830337 -2.446830
 470.339362 -2.477438
 470.848387 -2.520695
 471.357413 -2.489158
 471.866438 -2.498490
 472.375463 -2.494578
 472.884488 -2.477415
 473.393514 -2.512624
 473.902539 -2.464682
 474.411564 -2.462038
 474.920590 -2.500675
 475.429615 -2.483746
 475.938640 -2.564116
 476.447665 -2.537206
 476.956691 -2.454182
 477.465716 -2.437373
 477.974741 -2.558881
 478.483767 -2.451673
 478.992792 -2.444825
 479.501817 -2.530382
 480.010842 -2.531180
 480.519868 -2.497225
 481.028893 -2.501040
 481.537918 -2.485643
 482.046944 -2.489813
 482.555969 -2.543853
 483.064994 -2.513259
 483.574019 -2.428305
 484.083045 -2.491935
 484.592070 -2.502267
 485.101095 -2.545214
 485.610121 -2.437441
 486.119146 -2.498959
 486.628171 -2.519508
 487.137196 -2.450729
 487.646222 -2.457343
 488.155247 -2.489423
 488.664272 -2.528832
 489.173297 -2.496538
 489.682323 -2.463689
 490.191348 -2.535858
 490.700373 -2.553586
 491.209399 -2.460626
 491.718424 -2.461056
 492.227449 -2.527348
 492.736474 -2.490018
 493.245500 -2.448411
 493.754525 -2.545932
 494.263550 -2.605223
 494.772576 -2.451529
 495.281601 -2.434931
 495.790626 -2.483653
 496.299651 -2.552327
 496.808677 -2.460258
 497.317702 -2.482930
 497.826727 -2.517475
 498.335753 -2.514524
 498.844778 -2.449754
 499.353803 -2.500376
 499.862828 -2.528437
 500.371854 -2.495917
 500.880879 -2.552637
 501.389904 -2.512070
 501.898930 -2.509934
 502.407955 -2.474653
 502.916980 -2.489718
 503.426005 -2.526850
 503.935031 -2.487935
 504.444056 -2.457810
 504.953081 -2.450688
 505.462107 -2.501513
 505.971132 -2.568050
 506.480157 -2.488166
 506.989182 -2.470275
 507.498208 -2.525186
 508.007233 -2.560604
 508.516258 -2.444631
 509.025284 -2.476059
 509.534309 -2.470271
 510.043334 -2.456734
 510.552359 -2.497489
 511.061385 -2.524444
 511.570410 -2.487257
 512.079435 -2.495037
 512.588461 -2.497522
 513.097486 -2.425683
 513.606511 -2.480982
 514.115536 -2.513863
 514.624562 -2.503050
 515.133587 -2.500674
 515.642612 -2.475203
 516.151638 -2.557232
 516.660663 -2.546372
 517.169688 -2.478697
 517.678713 -2.395043
 518.187739 -2.529605
 518.696764 -2.536634
 519.205789 -2.512101
 519.714815 -2.521716
 520.223840 -2.524111
 520.732865 -2.505857
 521.241890 -2.537172
 521.750916 -2.514870
 522.259941 -2.464076
 522.768966 -2.455544
 523.277991 -2.559787
 523.787017 -2.522122
 524.296042 -2.410937
 524.805067 -2.532929
 525.314093 -2.536272
 525.823118 -2.405287
 526.332143 -2.484270
 526.841168 -2.498022
 527.350194 -2.514085
 527.859219 -2.493512
 528.368244 -2.549100
 528.877270 -2.468134
 529.386295 -2.462729
 529.895320 -2.511681
 530.404345 -2.473014
 530.913371 -2.529551
 531.422396 -2.536111
 531.931421 -2.453556
 532.440447 -2.471263
 532.949472 -2.526942
 533.458497 -2.460803
 533.967522 -2.485487
 534.476548 -2.558347
 534.985573 -2.533188
 535.494598 -2.401599
 536.003624 -2.485363
 536.512649 -2.606305
 537.021674 -2.519130
 537.530699 -2.479397
 538.039725 -2.524081
 538.548750 -2.432151
 539.057775 -2.446128
 539.566801 -2.566837
 540.075826 -2.544274
 540.584851 -2.470984
 541.093876 -2.479315
 541.602902 -2.490592
 542.111927 -2.498116
 542.620952 -2.484180
 543.129978 -2.533495
 543.639003 -2.476813
 544.148028 -2.453104
 544.657053 -2.507445
 545.166079 -2.517688
 545.675104 -2.560326
 546.184129 -2.444667
 546.693155 -2.494888
 547.202180 -2.612673
 547.711205 -2.554380
 548.220230 -2.441033
 548.729256 -2.457639
 549.238281 -2.532262
 549.747306 -2.531127
 550.256332 -2.413691
 550.765357 -2.473708
 551.274382 -2.573381
 551.783407 -2.527544
 552.292433 -2.493860
 552.801458 -2.432298
 553.310483 -2.559220
 553.819509 -2.539557
 554.328534 -2.410508
 554.837559 -2.473551
 555.346584 -2.508892
 555.855610 -2.526379
 556.364635 -2.460920
 556.873660 -2.433666
 557.382685 -2.522902
 557.891711 -2.486332
 558.400736 -2.526470
 558.909761 -2.546420
 559.418787 -2.523027
 559.927812 -2.515556
 560.436837 -2.495327
 560.945862 -2.455982
 561.454888 -2.519515
 561.963913 -2.464834
 562.472938 -2.498462
 562.981964 -2.496311
 563.490989 -2.537821
 564.000014 -2.463503
 564.509039 -2.458269
 565.018065 -2.514407
 565.527090 -2.561921
 566.036115 -2.533678
 566.545141 -2.461494
 567.054166 -2.460700
 567.563191 -2.547632
 568.072216 -2.528553
 568.581242 -2.443942
 569.090267 -2.498538
 569.599292 -2.563334
 570.108318 -2.480160
 570.617343 -2.418024
 571.126368 -2.528474
 571.635393 -2.522415
 572.144419 -2.493071
 572.653444 -2.456460
 573.162469 -2.507011
 573.671495 -2.511259
 574.180520 -2.464133
 574.689545 -2.510288
 575.198570 -2.492816
 575.707596 -2.519102
 576.216621 -2.462529
 576.725646 -2.462974
 577.234672 -2.509593
 577.743697 -2.525830
 578.252722 -2.535403
 578.761747 -2.484092
 579.270773 -2.465243
 579.779798 -2.494516
 580.288823 -2.502236
 580.797849 -2.506591
 581.306874 -2.502368
 581.815899 -2.509321
 582.324924 -2.487962
 582.833950 -2.504588
 583.342975 -2.490286
 583.852000 -2.520954
 584.361026 -2.506242
 584.870051 -2.507058
 585.379076 -2.478998
 585.888101 -2.465840
 586.397127 -2.457040
 586.906152 -2.584875
 587.415177 -2.516848
 587.924203 -2.406108
 588.433228 -2.557426
 588.942253 -2.534775
 589.451278 -2.495660
 589.960304 -2.500249
 590.469329 -2.509991
 590.978354 -2.487647
 591.487379 -2.454311
 591.996405 -2.510302
 592.505430 -2.495785
 593.014455 -2.434645
 593.523481 -2.519812
 594.032506 -2.527661
 594.541531 -2.427861
 595.050556 -2.503362
 595.559582 -2.441861
 596.068607 -2.545143
 596.577632 -2.554920
 597.086658 -2.494890
 597.595683 -2.438047
 598.104708 -2.457887
 598.613733 -2.485351
 599.122759 -2.493309
 599.631784 -2.512988
 600.140809 -2.450956
 600.649835 -2.453443
 601.158860 -2.491991
 601.667885 -2.507694
 602.176910 -2.552903
 602.685936 -2.517268
 603.194961 -2.530250
 603.703986 -2.415110
 604.213012 -2.437647
 604.722037 -2.542628
 605.231062 -2.531857
 605.740087 -2.424039
 606.249113 -2.448121
 606.758138 -2.574525
 607.267163 -2.536447
 607.776189 -2.445488
 608.285214 -2.477290
 608.794239 -2.488263
 609.303264 -2.480511
 609.812290 -2.488336
 610.321315 -2.436325
 610.830340 -2.494487
 611.339366 -2.538269
 611.848391 -2.511173
 612.357416 -2.488449
 612.866441 -2.495814
 613.375467 -2.475914
 613.884492 -2.501735
 614.393517 -2.499727
 614.902543 -2.463534
 615.411568 -2.499501
 615.920593 -2.500698
 616.429618 -2.532922
 616.938644 -2.474583
 617.447669 -2.529168
 617.956694 -2.497754
 618.465720 -2.470691
 618.974745 -2.484185
 619.483770 -2.580716
 619.992795 -2.462566
 620.501821 -2.430140
 621.010846 -2.500292
 621.519871 -2.535780
 622.028897 -2.484588
 622.537922 -2.498877
 623.046947 -2.491113
 623.555972 -2.490972
 624.064998 -2.540835
 624.574023 -2.493341
 625.083048 -2.483518
 625.592073 -2.489078
 626.101099 -2.548562
 626.610124 -2.436075
 627.119149 -2.440347
 627.628175 -2.528885
 628.137200 -2.574738
 628.646225 -2.442661
 629.155250 -2.426559
 629.664276 -2.517167
 630.173301 -2.512874
 630.682326 -2.495193
 631.191352 -2.487221
 631.700377 -2.512557
 632.209402 -2.469605
 632.718427 -2.493594
 633.227453 -2.542095
 633.736478 -2.496617
 634.245503 -2.482119
 634.754529 -2.522063
 635.263554 -2.571919
 635.772579 -2.465114
 636.281604 -2.412119
 636.790630 -2.486394
 637.299655 -2.492348
 637.808680 -2.481355
 638.317706 -2.513280
 638.826731 -2.459946
 639.335756 -2.493689
 639.844781 -2.515913
 640.353807 -2.530272
 640.862832 -2.528956
 641.371857 -2.461345
 641.880883 -2.490450
 642.389908 -2.495201
 642.898933 -2.491626
 643.407958 -2.470718
 643.916984 -2.483667
 644.426009 -2.551699
 644.935034 -2.513410
 645.444060 -2.445543
 645.953085 -2.437150
 646.462110 -2.545696
 646.971135 -2.473434
 647.480161 -2.427386
 647.989186 -2.517656
 648.498211 -2.550473
 649.007237 -2.532197
 649.516262 -2.421397
 650.025287 -2.446334
 650.534312 -2.551299
 651.043338 -2.511397
 651.552363 -2.394110
 652.061388 -2.509383
 652.570414 -2.593343
 653.079439 -2.495934
 653.588464 -2.488877
 654.097489 -2.536003
 654.606515 -2.481881
 655.115540 -2.473689
 655.624565 -2.493498
 656.133591 -2.486643
 656.642616 -2.503418
 657.151641 -2.474187
 657.660666 -2.517788
 658.169692 -2.514550
 658.678717 -2.470061
 659.187742 -2.447363
 659.696767 -2.483649
 660.205793 -2.572197
 660.714818 -2.531292
 661.223843 -2.443260
 661.732869 -2.452281
 662.241894 -2.535168
 662.750919 -2.550886
 663.259944 -2.477062
 663.768970 -2.511239
 664.277995 -2.523548
 664.787020 -2.502612
 665.296046 -2.448941
 665.805071 -2.507650
 666.314096 -2.491846
 666.823121 -2.424768
 667.332147 -2.464019
 667.841172 -2.574360
 668.350197 -2.551459
 668.859223 -2.435767
 669.368248 -2.471531
 669.877273 -2.525096
 670.386298 -2.446236
 670.895324 -2.522667
 671.404349 -2.503387
 671.913374 -2.480646
 672.422400 -2.518647
 672.931425 -2.558249
 673.440450 -2.474961
 673.949475 -2.490153
 674.458501 -2.524008
 674.967526 -2.503838
 675.476551 -2.472429
 675.985577 -2.516754
 676.494602 -2.509854
 677.003627 -2.496145
 677.512652 -2.445034
 678.021678 -2.526989
 678.530703 -2.517150
 679.039728 -2.505340
 679.548754 -2.488934
 680.057779 -2.505172
 680.566804 -2.515091
 681.075829 -2.515831
 681.584855 -2.464020
 682.093880 -2.438343
 682.602905 -2.461022
 683.111931 -2.523003
 683.620956 -2.580835
 684.129981 -2.520442
 684.639006 -2.419128
 685.148032 -2.465541
 685.657057 -2.563417
 686.166082 -2.539700
 686.675108 -2.425803
 687.184133 -2.465887
 687.693158 -2.497814
 688.202183 -2.514944
 688.711209 -2.545680
 689.220234 -2.493967
 689.729259 -2.493624
 690.238285 -2.475225
 690.747310 -2.509339
 691.256335 -2.493957
 691.765360 -2.499378
 692.274386 -2.517979
 692.783411 -2.486861
 693.292436 -2.435492
 693.801461 -2.452818
 694.310487 -2.503865
 694.819512 -2.508776
 695.328537 -2.481572
 695.837563 -2.457433
 696.346588 -2.489110
 696.855613 -2.519994
 697.364638 -2.454684
 697.873664 -2.462399
 698.382689 -2.491031
 698.891714 -2.549484
 699.400740 -2.470493
 699.909765 -2.478984
 700.418790 -2.460108
 700.927815 -2.443132
 701.436841 -2.494612
 701.945866 -2.609782
 702.454891 -2.439613
 702.963917 -2.436259
 703.472942 -2.522662
 703.981967 -2.550859
 704.490992 -2.430736
 705.000018 -2.490237
 705.509043 -2.535691
 706.018068 -2.480690
 706.527094 -2.399793
 707.036119 -2.515108
 707.545144 -2.463890
 708.054169 -2.451471
 708.563195 -2.537592
 709.072220 -2.479128
 709.581245 -2.442156
 710.090271 -2.514563
 710.599296 -2.553688
 711.108321 -2.515337
 711.617346 -2.499072
 712.126372 -2.463040
 712.635397 -2.563159
 713.144422 -2.573508
 713.653448 -2.466372
 714.162473 -2.406800
 714.671498 -2.424744
 715.180523 -2.538311
 715.689549 -2.499955
 716.198574 -2.469000
 716.707599 -2.531841
 717.216625 -2.497917
 717.725650 -2.468113
 718.234675 -2.459963
 718.743700 -2.527740
 719.252726 -2.464671
 719.761751 -2.486426
 720.270776 -2.560989
 720.779802 -2.441045
 721.288827 -2.472390
 721.797852 -2.496044
 722.306877 -2.529484
 722.815903 -2.514783
 723.324928 -2.457861
 723.833953 -2.434156
 724.342979 -2.521660
 724.852004 -2.469968
 725.361029 -2.432544
 725.870054 -2.520623
 726.379080 -2.524775
 726.888105 -2.510323
 727.397130 -2.498464
 727.906155 -2.452187
 728.415181 -2.497720
 728.924206 -2.503157
 729.433231 -2.451742
 729.942257 -2.574191
 730.451282 -2.492646
 730.960307 -2.416218
 731.469332 -2.533811
 731.978358 -2.535042
 732.487383 -2.443289
 732.996408 -2.513994
 733.505434 -2.622422
 734.014459 -2.445288
 734.523484 -2.378224
 735.032509 -2.475435
 735.541535 -2.591589
 736.050560 -2.437590
 736.559585 -2.430179
 737.068611 -2.513169
 737.577636 -2.488813
 738.086661 -2.490206
 738.595686 -2.453179
 739.104712 -2.515597
 739.613737 -2.538162
 740.122762 -2.442019
 740.631788 -2.517540
 741.140813 -2.558444
 741.649838 -2.518192
 742.158863 -2.445857
 742.667889 -2.478413
 743.176914 -2.505011
 743.685939 -2.495271
 744.194965 -2.498601
 744.703990 -2.490507
 745.213015 -2.496339
 745.722040 -2.480010
 746.231066 -2.453689
 746.740091 -2.508259
 747.249116 -2.546861
 747.758142 -2.475631
 748.267167 -2.442713
 748.776192 -2.464376
 749.285217 -2.518118
 749.794243 -2.542824
 750.303268 -2.502467
 750.812293 -2.458085
 751.321319 -2.469467
 751.830344 -2.560435
 752.339369 -2.587271
 752.848394 -2.463054
 753.357420 -2.382320
 753.866445 -2.503912
 754.375470 -2.529330
 754.884496 -2.540702
 755.393521 -2.421973
 755.902546 -2.440366
 756.411571 -2.549968
 756.920597 -2.493045
 757.429622 -2.507002
 757.938647 -2.505755
 758.447673 -2.562826
 758.956698 -2.499544
 759.465723 -2.389353
 759.974748 -2.476554
 760.483774 -2.561434
 760.992799 -2.496336
 761.501824 -2.450019
 762.010849 -2.522222
 762.519875 -2.539738
 763.028900 -2.441053
 763.537925 -2.492832
 764.046951 -2.550277
 764.555976 -2.462562
 765.065001 -2.486844
 765.574026 -2.501471
 766.083052 -2.512984
 766.592077 -2.487650
 767.101102 -2.444509
 767.610128 -2.488741
 768.119153 -2.482702
 768.628178 -2.516923
 769.137203 -2.542883
 769.646229 -2.449302
 770.155254 -2.504685
 770.664279 -2.514428
 771.173305 -2.463254
 771.682330 -2.457994
 772.191355 -2.514686
 772.700380 -2.482332
 773.209406 -2.476314
 773.718431 -2.539572
 774.227456 -2.534735
 774.736482 -2.466058
 775.245507 -2.535966
 775.754532 -2.513458
 776.263557 -2.462083
 776.772583 -2.420107
 777.281608 -2.506982
 777.790633 -2.564892
 778.299659 -2.459144
 778.808684 -2.455314
 779.317709 -2.488695
 779.826734 -2.519068
 780.335760 -2.509623
 780.844785 -2.480910
 781.353810 -2.496141
 781.862836 -2.497394
 782.371861 -2.530241
 782.880886 -2.501232
 783.389911 -2.554815
 783.898937 -2.489291
 784.407962 -2.438892
 784.916987 -2.521288
 785.426013 -2.510787
 785.935038 -2.448619
 786.444063 -2.515379
 786.953088 -2.516893
 787.462114 -2.550993
 787.971139 -2.518268
 788.480164 -2.482552
 788.989190 -2.548737
 789.498215 -2.478701
 790.007240 -2.475586
 790.516265 -2.492907
 791.025291 -2.545106
 791.534316 -2.471245
 792.043341 -2.501541
 792.552366 -2.532313
 793.061392 -2.466848
 793.570417 -2.495799
 794.079442 -2.483235
 794.588468 -2.473590
 795.097493 -2.470633
 795.606518 -2.482641
 796.115543 -2.516080
 796.624569 -2.508113
 797.133594 -2.470988
 797.642619 -2.422581
 798.151645 -2.498219
 798.660670 -2.493014
 799.169695 -2.489954
 799.678720 -2.472399
 800.187746 -2.549378
 800.696771 -2.569499
 801.205796 -2.491658
 801.714822 -2.474551
 802.223847 -2.492080
 802.732872 -2.517074
 803.241897 -2.502276
 803.750923 -2.502811
 804.259948 -2.458302
 804.768973 -2.545628
 805.277999 -2.577890
 805.787024 -2.493017
 806.296049 -2.440646
 806.805074 -2.417741
 807.314100 -2.587026
 807.823125 -2.542082
 808.332150 -2.443819
 808.841176 -2.442234
 809.350201 -2.542539
 809.859226 -2.479287
 810.368251 -2.493498
 810.877277 -2.532647
 811.386302 -2.496623
 811.895327 -2.424279
 812.404353 -2.454794
 812.913378 -2.523399
 813.422403 -2.522896
 813.931428 -2.489085
 814.440454 -2.445418
 814.949479 -2.536007
 815.458504 -2.500381
 815.967530 -2.475329
 816.476555 -2.478224
 816.985580 -2.506581
 817.494605 -2.488692
 818.003631 -2.402506
 818.512656 -2.504001
 819.021681 -2.611409
 819.530707 -2.472616
 820.039732 -2.465784
 820.548757 -2.563762
 821.057782 -2.443426
 821.566808 -2.473660
 822.075833 -2.508212
 822.584858 -2.537315
 823.093884 -2.520357
 823.602909 -2.435532
 824.111934 -2.422237
 824.620959 -2.528208
 825.129985 -2.610749
 825.639010 -2.498674
 826.148035 -2.431596
 826.657060 -2.511275
 827.166086 -2.554722
 827.675111 -2.487005
 828.184136 -2.489485
 828.693162 -2.545980
 829.202187 -2.541730
 829.711212 -2.453349
 830.220237 -2.490377
 830.729263 -2.527243
 831.238288 -2.498496
 831.747313 -2.475550
 832.256339 -2.522479
 832.765364 -2.519043
 833.274389 -2.496488
 833.783414 -2.551488
 834.292440 -2.417040
 834.801465 -2.469373
 835.310490 -2.549394
 835.819516 -2.517663
 836.328541 -2.458861
 836.837566 -2.497977
 837.346591 -2.432276
 837.855617 -2.485485
 838.364642 -2.565077
 838.873667 -2.492890
 839.382693 -2.491777
 839.891718 -2.539651
 840.400743 -2.498964
 840.909768 -2.474667
 841.418794 -2.529744
 841.927819 -2.473330
 842.436844 -2.431109
 842.945870 -2.565947
 843.454895 -2.537054
 843.963920 -2.415520
 844.472945 -2.435283
 844.981971 -2.554415
 845.490996 -2.574038
 846.000021 -2.413468
 846.509047 -2.448332
 847.018072 -2.537832
 847.527097 -2.504416
 848.036122 -2.475822
 848.545148 -2.471611
 849.054173 -2.544871
 849.563198 -2.477641
 850.072224 -2.473813
 850.581249 -2.500198
 851.090274 -2.508552
 851.599299 -2.468452
 852.108325 -2.430989
 852.617350 -2.489642
 853.126375 -2.532993
 853.635401 -2.454518
 854.144426 -2.469217
 854.653451 -2.558328
 855.162476 -2.475091
 855.671502 -2.467598
 856.180527 -2.505098
 856.689552 -2.516372
 857.198578 -2.542857
 857.707603 -2.513498
 858.216628 -2.458605
 858.725653 -2.566350
 859.234679 -2.524942
 859.743704 -2.463585
 860.252729 -2.480547
 860.761754 -2.493833
 861.270780 -2.474399
 861.779805 -2.467672
 862.288830 -2.554129
 862.797856 -2.447021
 863.306881 -2.461018
 863.815906 -2.560060
 864.324931 -2.554866
 864.833957 -2.416842
 865.342982 -2.490749
 865.852007 -2.485001
 866.361033 -2.498916
 866.870058 -2.480946
 867.379083 -2.477913
 867.888108 -2.527720
 868.397134 -2.508865
 868.906159 -2.432312
 869.415184 -2.496470
 869.924210 -2.489896
 870.433235 -2.508703
 870.942260 -2.530198
 871.451285 -2.474650
 871.960311 -2.467190
 872.469336 -2.491996
 872.978361 -2.525024
 873.487387 -2.500132
 873.996412 -2.473207
 874.505437 -2.432606
 875.014462 -2.523285
 875.523488 -2.457721
 876.032513 -2.481279
 876.541538 -2.512718
 877.050564 -2.512289
 877.559589 -2.544198
 878.068614 -2.465115
 878.577639 -2.397216
 879.086665 -2.476614
 879.595690 -2.544185
 880.104715 -2.490552
 880.613741 -2.446014
 881.122766 -2.447368
 881.631791 -2.538602
 882.140816 -2.461490
 882.649842 -2.461974
 883.158867 -2.507046
 883.667892 -2.504047
 884.176918 -2.482642
 884.685943 -2.533783
 885.194968 -2.494765
 885.703993 -2.469734
 886.213019 -2.487623
 886.722044 -2.569110
 887.231069 -2.511623
 887.740095 -2.368465
 888.249120 -2.498609
 888.758145 -2.565395
 889.267170 -2.504751
 889.776196 -2.429896
 890.285221 -2.523618
 890.794246 -2.546256
 891.303272 -2.460763
 891.812297 -2.458901
 892.321322 -2.480165
 892.830347 -2.534041
 893.339373 -2.529672
 893.848398 -2.458243
 894.357423 -2.420953
 894.866448 -2.522602
 895.375474 -2.494058
 895.884499 -2.508165
 896.393524 -2.464518
 896.902550 -2.481757
 897.411575 -2.480590
 897.920600 -2.528180
 898.429625 -2.522896
 898.938651 -2.480177
 899.447676 -2.494516
 899.956701 -2.541005
 900.465727 -2.545248
 900.974752 -2.429128
 901.483777 -2.469341
 901.992802 -2.468381
 902.501828 -2.543454
 903.010853 -2.512609
 903.519878 -2.468408
 904.028904 -2.470725
 904.537929 -2.512571
 905.046954 -2.565972
 905.555979 -2.512438
 906.065005 -2.402172
 906.574030 -2.544936
 907.083055 -2.552903
 907.592081 -2.452259
 908.101106 -2.514066
 908.610131 -2.540829
 909.119156 -2.521300
 909.628182 -2.417035
 910.137207 -2.516721
 910.646232 -2.514997
 911.155258 -2.509901
 911.664283 -2.480043
 912.173308 -2.436159
 912.682333 -2.417120
 913.191359 -2.551831
 913.700384 -2.535029
 914.209409 -2.457254
 914.718435 -2.403866
 915.227460 -2.492600
 915.736485 -2.591204
 916.245510 -2.489829
 916.754536 -2.389565
 917.263561 -2.605367
 917.772586 -2.489952
 918.281612 -2.397417
 918.790637 -2.536756
 919.299662 -2.550982
 919.808687 -2.470533
 920.317713 -2.430160
 920.826738 -2.456869
 921.335763 -2.543033
 921.844789 -2.504890
 922.353814 -2.516540
 922.862839 -2.463608
 923.371864 -2.468874
 923.880890 -2.505988
 924.389915 -2.558180
 924.898940 -2.497561
 925.407966 -2.436799
 925.916991 -2.493963
 926.426016 -2.511648
 926.935041 -2.537827
 927.444067 -2.500183
 927.953092 -2.511291
 928.462117 -2.575223
 928.971142 -2.460436
 929.480168 -2.440686
 929.989193 -2.562281
 930.498218 -2.602779
 931.007244 -2.429052
 931.516269 -2.490166
 932.025294 -2.493288
 932.534319 -2.467453
 933.043345 -2.461296
 933.552370 -2.490281
 934.061395 -2.499354
 934.570421 -2.440046
 935.079446 -2.498375
 935.588471 -2.499479
 936.097496 -2.461229
 936.606522 -2.523033
 937.115547 -2.511680
 937.624572 -2.491518
 938.133598 -2.495896
 938.642623 -2.490311
 939.151648 -2.478998
 939.660673 -2.504649
 940.169699 -2.492288
 940.678724 -2.466759
 941.187749 -2.529342
 941.696775 -2.476923
 942.205800 -2.467808
 942.714825 -2.530874
 943.223850 -2.489639
 943.732876 -2.468103
 944.241901 -2.484277
 944.750926 -2.565874
 945.259952 -2.487293
 945.768977 -2.465370
 946.278002 -2.471213
 946.787027 -2.558637
 947.296053 -2.460549
 947.805078 -2.453175
 948.314103 -2.526131
 948.823129 -2.506344
 949.332154 -2.518890
 949.841179 -2.497183
 950.350204 -2.465398
 950.859230 -2.478842
 951.368255 -2.488004
 951.877280 -2.535457
 952.386306 -2.508274
 952.895331 -2.500723
 953.404356 -2.507362
 953.913381 -2.456621
 954.422407 -2.467560
 954.931432 -2.496015
 955.440457 -2.483903
 955.949483 -2.477265
 956.458508 -2.466592
 956.967533 -2.556975
 957.476558 -2.502288
 957.985584 -2.469619
 958.494609 -2.488874
 959.003634 -2.530110
 959.512660 -2.463720
 960.021685 -2.489115
 960.530710 -2.497312
 961.039735 -2.507133
 961.548761 -2.431945
 962.057786 -2.502447
 962.566811 -2.553946
 963.075836 -2.510395
 963.584862 -2.474585
 964.093887 -2.531605
 964.602912 -2.503696
 965.111938 -2.467517
 965.620963 -2.482424
 966.129988 -2.510734
 966.639013 -2.500003
 967.148039 -2.510303
 967.657064 -2.485276
 968.166089 -2.526243
 968.675115 -2.436846
 969.184140 -2.488495
 969.693165 -2.539369
 970.202190 -2.544156
 970.711216 -2.442648
 971.220241 -2.478958
 971.729266 -2.543104
 972.238292 -2.481605
 972.747317 -2.476899
 973.256342 -2.484821
 973.765367 -2.477669
 974.274393 -2.535520
 974.783418 -2.503424
 975.292443 -2.430835
 975.801469 -2.461810
 976.310494 -2.526073
 976.819519 -2.458628
 977.328544 -2.487824
 977.837570 -2.570144
 978.346595 -2.465839
 978.855620 -2.444590
 979.364646 -2.502085
 979.873671 -2.520381
 980.382696 -2.506612
 980.891721 -2.439333
 981.400747 -2.452584
 981.909772 -2.559891
 982.418797 -2.477960
 982.927823 -2.417027
 983.436848 -2.454299
 983.945873 -2.509770
 984.454898 -2.581113
 984.963924 -2.504602
 985.472949 -2.439697
 985.981974 -2.509499
 986.491000 -2.576122
 987.000025 -2.514974
 987.509050 -2.388937
 988.018075 -2.495176
 988.527101 -2.561793
 989.036126 -2.492502
 989.545151 -2.437507
 990.054177 -2.501032
 990.563202 -2.556453
 991.072227 -2.452623
 991.581252 -2.462256
 992.090278 -2.524407
 992.599303 -2.598319
 993.108328 -2.471031
 993.617354 -2.396383
 994.126379 -2.558908
 994.635404 -2.522564
 995.144429 -2.478324
 995.653455 -2.433228
 996.162480 -2.520623
 996.671505 -2.534853
 997.180530 -2.504840
 997.689556 -2.475824
 998.198581 -2.488206
 998.707606 -2.495117
 999.216632 -2.506267
 999.725657 -2.494650
 1000.234682 -2.503782
 1000.743707 -2.475933
 1001.252733 -2.517101
 1001.761758 -2.484616
 1002.270783 -2.488488
 1002.779809 -2.449501
 1003.288834 -2.476663
 1003.797859 -2.542859
 1004.306884 -2.474237
 1004.815910 -2.493281
 1005.324935 -2.533771
 1005.833960 -2.469301
 1006.342986 -2.475264
 1006.852011 -2.564047
 1007.361036 -2.496089
 1007.870061 -2.485363
 1008.379087 -2.484341
 1008.888112 -2.463281
 1009.397137 -2.443493
 1009.906163 -2.549187
 1010.415188 -2.462500
 1010.924213 -2.422608
 1011.433238 -2.552626
 1011.942264 -2.541348
 1012.451289 -2.440660
 1012.960314 -2.461166
 1013.469340 -2.533302
 1013.978365 -2.500685
 1014.487390 -2.498937
 1014.996415 -2.540172
 1015.505441 -2.500384
 1016.014466 -2.503839
 1016.523491 -2.546371
 1017.032517 -2.512892
 1017.541542 -2.464252
 1018.050567 -2.477947
