#! FIELDS time cv
 0.000000 -3.663713
 0.509025 -3.695870
 1.018051 -3.651972
 1.527076 -3.691778
 2.036101 -3.716641
 2.545126 -3.744682
 3.054152 -3.719963
 3.563177 -3.674513
 4.072202 -3.686949
 4.581228 -3.696117
 5.090253 -3.700997
 5.599278 -3.720651
 6.108303 -3.690537
 6.617329 -3.654459
 7.126354 -3.710397
 7.635379 -3.741381
 8.144405 -3.663262
 8.653430 -3.684062
 9.162455 -3.734647
 9.671480 -3.686972
 10.180506 -3.647348
 10.689531 -3.716010
 11.198556 -3.743931
 11.707582 -3.693494
 12.216607 -3.641672
 12.725632 -3.661624
 13.234657 -3.719286
 13.743683 -3.708999
 14.252708 -3.582607
 14.761733 -3.724857
 15.270759 -3.736933
 15.779784 -3.683741
 16.288809 -3.701647
 16.797834 -3.722714
 17.306860 -3.702399
 17.815885 -3.751551
 18.324910 -3.657826
 18.833935 -3.660063
 19.342961 -3.729603
 19.851986 -3.757455
 20.361011 -3.759093
 20.870037 -3.601175
 21.379062 -3.702253
 21.888087 -3.754739
 22.397112 -3.678351
 22.906138 -3.700056
 23.415163 -3.718604
 23.924188 -3.669305
 24.433214 -3.647146
 24.942239 -3.681318
 25.451264 -3.739855
 25.960289 -3.767154
 26.469315 -3.680166
 26.978340 -3.641687
 27.487365 -3.728064
 27.996391 -3.731371
 28.505416 -3.734373
 29.014441 -3.663045
 29.523466 -3.689779
 30.032492 -3.725570
 30.541517 -3.753096
 31.050542 -3.707856
 31.559568 -3.692853
 32.068593 -3.695796
 32.577618 -3.739073
 33.086643 -3.685608
 33.595669 -3.660473
 34.104694 -3.708383
 34.613719 -3.749641
 35.122745 -3.670861
 35.631770 -3.675256
 36.140795 -3.700096
 36.649820 -3.725878
 37.158846 -3.705967
 37.667871 -3.678724
 38.176896 -3.715516
 38.685922 -3.739202
 39.194947 -3.636184
 39.703972 -3.588788
 40.212997 -3.765749
 40.722023 -3.748017
 41.231048 -3.674442
 41.740073 -3.635620
 42.249099 -3.703552
 42.758124 -3.743040
 43.267149 -3.672191
 43.776174 -3.703534
 44.285200 -3.713958
 44.794225 -3.737038
 45.303250 -3.709811
 45.812276 -3.652237
 46.321301 -3.710105
 46.830326 -3.743971
 47.339351 -3.717562
 47.848377 -3.703432
 48.357402 -3.685035
 48.866427 -3.705999
 49.375453 -3.673686
 49.884478 -3.699623
 50.393503 -3.708948
 50.902528 -3.764557
 51.411554 -3.700441
 51.920579 -3.631371
 52.429604 -3.700101
 52.938629 -3.731319
 53.447655 -3.709320
 53.956680 -3.714669
 54.465705 -3.751867
 54.974731 -3.659351
 55.483756 -3.681021
 55.992781 -3.709555
 56.501806 -3.786580
 57.010832 -3.730176
 57.519857 -3.686851
 58.028882 -3.629756
 58.537908 -3.637111
 59.046933 -3.732133
 59.555958 -3.725460
 60.064983 -3.714641
 60.574009 -3.701654
 61.083034 -3.729864
 61.592059 -3.706080
 62.101085 -3.671843
 62.610110 -3.704948
 63.119135 -3.752475
 63.628160 -3.790477
 64.137186 -3.630272
 64.646211 -3.667246
 65.155236 -3.734925
 65.664262 -3.742295
 66.173287 -3.684121
 66.682312 -3.703861
 67.191337 -3.723368
 67.700363 -3.708977
 68.209388 -3.686584
 68.718413 -3.719134
 69.227439 -3.730376
 69.736464 -3.750144
 70.245489 -3.681301
 70.754514 -3.674205
 71.263540 -3.708254
 71.772565 -3.732877
 72.281590 -3.707417
 72.790616 -3.673764
 73.299641 -3.714093
 73.808666 -3.702085
 74.317691 -3.688062
 74.826717 -3.796741
 75.335742 -3.733966
 75.844767 -3.673297
 76.353793 -3.657085
 76.862818 -3.722213
 77.371843 -3.708556
 77.880868 -3.752958
 78.389894 -3.712209
 78.898919 -3.684613
 79.407944 -3.746713
 79.916970 -3.637978
 80.425995 -3.584520
 80.935020 -3.698798
 81.444045 -3.753857
 81.953071 -3.747498
 82.462096 -3.673654
 82.971121 -3.691284
 83.480147 -3.700691
 83.989172 -3.622256
 84.498197 -3.702186
 85.007222 -3.749091
 85.516248 -3.698130
 86.025273 -3.709129
 86.534298 -3.739455
 87.043323 -3.751152
 87.552349 -3.650755
 88.061374 -3.654360
 88.570399 -3.698167
 89.079425 -3.687215
 89.588450 -3.720283
 90.097475 -3.756556
 90.606500 -3.745147
 91.115526 -3.762598
 91.624551 -3.743581
 92.133576 -3.707117
 92.642602 -3.672574
 93.151627 -3.689041
 93.660652 -3.694654
 94.169677 -3.722191
 94.678703 -3.725066
 95.187728 -3.679832
 95.696753 -3.647682
 96.205779 -3.659271
 96.714804 -3.726761
 97.223829 -3.739707
 97.732854 -3.741318
 98.241880 -3.736580
 98.750905 -3.746365
 99.259930 -3.687220
 99.768956 -3.606397
 100.277981 -3.755209
 100.787006 -3.767718
 101.296031 -3.655692
 101.805057 -3.632218
 102.314082 -3.709553
 102.823107 -3.751788
 103.332133 -3.735256
 103.841158 -3.713039
 104.350183 -3.705581
 104.859208 -3.665475
 105.368234 -3.677032
 105.877259 -3.749346
 106.386284 -3.676489
 106.895310 -3.595589
 107.404335 -3.725747
 107.913360 -3.713168
 108.422385 -3.638247
 108.931411 -3.710479
 109.440436 -3.785262
 109.949461 -3.706560
 110.458487 -3.680156
 110.967512 -3.665385
 111.476537 -3.703164
 111.985562 -3.688660
 112.494588 -3.651107
 113.003613 -3.643211
 113.512638 -3.736378
 114.021664 -3.797245
 114.530689 -3.677549
 115.039714 -3.660923
 115.548739 -3.701774
 116.057765 -3.700702
 116.566790 -3.750448
 117.075815 -3.736245
 117.584841 -3.650125
 118.093866 -3.634594
 118.602891 -3.795244
 119.111916 -3.760295
 119.620942 -3.614782
 120.129967 -3.689043
 120.638992 -3.779164
 121.148017 -3.736966
 121.657043 -3.664439
 122.166068 -3.645942
 122.675093 -3.728082
 123.184119 -3.713188
 123.693144 -3.677735
 124.202169 -3.694109
 124.711194 -3.647895
 125.220220 -3.721087
 125.729245 -3.719720
 126.238270 -3.711854
 126.747296 -3.685097
 127.256321 -3.632255
 127.765346 -3.713820
 128.274371 -3.762731
 128.783397 -3.694255
 129.292422 -3.680929
 129.801447 -3.705498
 130.310473 -3.751814
 130.819498 -3.705257
 131.328523 -3.657647
 131.837548 -3.694066
 132.346574 -3.751162
 132.855599 -3.726220
 133.364624 -3.709656
 133.873650 -3.665071
 134.382675 -3.668503
 134.891700 -3.722078
 135.400725 -3.737759
 135.909751 -3.672941
 136.418776 -3.613530
 136.927801 -3.700808
 137.436827 -3.738162
 137.945852 -3.734448
 138.454877 -3.657957
 138.963902 -3.671902
 139.472928 -3.729003
 139.981953 -3.750215
 140.490978 -3.648929
 141.000004 -3.652328
 141.509029 -3.683886
 142.018054 -3.746146
 142.527079 -3.710164
 143.036105 -3.677711
 143.545130 -3.666667
 144.054155 -3.702714
 144.563181 -3.748540
 145.072206 -3.744847
 145.581231 -3.746279
 146.090256 -3.669124
 146.599282 -3.635481
 147.108307 -3.767755
 147.617332 -3.734117
 148.126358 -3.676238
 148.635383 -3.634523
 149.144408 -3.741111
 149.653433 -3.739764
 150.162459 -3.636417
 150.671484 -3.674977
 151.180509 -3.713444
 151.689535 -3.771397
 152.198560 -3.767003
 152.707585 -3.715516
 153.216610 -3.641142
 153.725636 -3.675762
 154.234661 -3.691366
 154.743686 -3.736882
 155.252711 -3.719325
 155.761737 -3.684721
 156.270762 -3.669055
 156.779787 -3.754601
 157.288813 -3.743014
 157.797838 -3.718128
 158.306863 -3.679308
 158.815888 -3.699870
 159.324914 -3.709682
 159.833939 -3.689694
 160.342964 -3.722566
 160.851990 -3.678663
 161.361015 -3.704100
 161.870040 -3.699379
 162.379065 -3.711733
 162.888091 -3.710050
 163.397116 -3.710945
 163.906141 -3.704770
 164.415167 -3.650273
 164.924192 -3.697544
 165.433217 -3.741926
 165.942242 -3.729851
 166.451268 -3.653079
 166.960293 -3.634367
 167.469318 -3.741969
 167.978344 -3.745867
 168.487369 -3.725416
 168.996394 -3.765586
 169.505419 -3.758966
 170.014445 -3.678861
 170.523470 -3.668704
 171.032495 -3.724866
 171.541521 -3.710665
 172.050546 -3.654159
 172.559571 -3.708047
 173.068596 -3.718545
 173.577622 -3.731105
 174.086647 -3.694070
 174.595672 -3.677146
 175.104698 -3.686061
 175.613723 -3.685569
 176.122748 -3.699478
 176.631773 -3.706366
 177.140799 -3.701673
 177.649824 -3.670141
 178.158849 -3.718666
 178.667875 -3.762733
 179.176900 -3.629404
 179.685925 -3.575078
 180.194950 -3.784567
 180.703976 -3.739682
 181.213001 -3.657098
 181.722026 -3.663148
 182.231052 -3.705424
 182.740077 -3.672494
 183.249102 -3.720231
 183.758127 -3.696717
 184.267153 -3.662735
 184.776178 -3.695221
 185.285203 -3.680210
 185.794228 -3.709757
 186.303254 -3.696056
 186.812279 -3.681550
 187.321304 -3.665106
 187.830330 -3.654822
 188.339355 -3.775034
 188.848380 -3.765437
 189.357405 -3.694530
 189.866431 -3.661024
 190.375456 -3.680157
 190.884481 -3.728386
 191.393507 -3.697784
 191.902532 -3.724577
 192.411557 -3.691096
 192.920582 -3.664249
 193.429608 -3.627237
 193.938633 -3.676101
 194.447658 -3.731439
 194.956684 -3.743913
 195.465709 -3.713798
 195.974734 -3.676408
 196.483759 -3.690670
 196.992785 -3.700567
 197.501810 -3.681699
 198.010835 -3.708978
 198.519861 -3.727290
 199.028886 -3.730181
 199.537911 -3.695086
 200.046936 -3.626316
 200.555962 -3.740438
 201.064987 -3.754479
 201.574012 -3.644121
 202.083038 -3.640768
 202.592063 -3.742534
 203.101088 -3.715113
 203.610113 -3.713288
 204.119139 -3.659556
 204.628164 -3.647357
 205.137189 -3.683620
 205.646215 -3.789706
 206.155240 -3.767572
 206.664265 -3.704737
 207.173290 -3.671641
 207.682316 -3.673378
 208.191341 -3.730258
 208.700366 -3.759244
 209.209392 -3.675637
 209.718417 -3.690863
 210.227442 -3.744059
 210.736467 -3.694352
 211.245493 -3.717374
 211.754518 -3.687010
 212.263543 -3.702018
 212.772569 -3.723551
 213.281594 -3.762345
 213.790619 -3.695771
 214.299644 -3.678116
 214.808670 -3.719132
 215.317695 -3.777115
 215.826720 -3.722568
 216.335746 -3.639474
 216.844771 -3.665969
 217.353796 -3.695592
 217.862821 -3.707005
 218.371847 -3.701934
 218.880872 -3.688644
 219.389897 -3.656948
 219.898922 -3.698960
 220.407948 -3.695069
 220.916973 -3.695886
 221.425998 -3.729413
 221.935024 -3.673317
 222.444049 -3.604788
 222.953074 -3.669069
 223.462099 -3.754663
 223.971125 -3.703547
 224.480150 -3.660103
 224.989175 -3.713188
 225.498201 -3.714240
 226.007226 -3.667350
 226.516251 -3.653425
 227.025276 -3.736618
 227.534302 -3.648778
 228.043327 -3.660132
 228.552352 -3.739265
 229.061378 -3.748826
 229.570403 -3.662441
 230.079428 -3.613206
 230.588453 -3.745172
 231.097479 -3.795216
 231.606504 -3.711496
 232.115529 -3.674407
 232.624555 -3.667550
 233.133580 -3.650834
 233.642605 -3.693721
 234.151630 -3.714763
 234.660656 -3.744167
 235.169681 -3.679273
 235.678706 -3.698762
 236.187732 -3.698407
 236.696757 -3.694049
 237.205782 -3.705582
 237.714807 -3.737158
 238.223833 -3.685429
 238.732858 -3.671451
 239.241883 -3.718414
 239.750909 -3.725100
 240.259934 -3.735669
 240.768959 -3.696195
 241.277984 -3.642979
 241.787010 -3.644816
 242.296035 -3.751661
 242.805060 -3.707018
 243.314086 -3.722514
 243.823111 -3.707099
 244.332136 -3.731859
 244.841161 -3.731478
 245.350187 -3.701871
 245.859212 -3.685183
 246.368237 -3.699515
 246.877263 -3.743315
 247.386288 -3.685578
 247.895313 -3.623115
 248.404338 -3.690188
 248.913364 -3.754076
 249.422389 -3.719161
 249.931414 -3.646363
 250.440440 -3.668683
 250.949465 -3.768783
 251.458490 -3.738251
 251.967515 -3.670431
 252.476541 -3.736018
 252.985566 -3.728549
 253.494591 -3.670826
 254.003616 -3.672340
 254.512642 -3.701534
 255.021667 -3.674101
 255.530692 -3.704554
 256.039718 -3.676904
 256.548743 -3.723752
 257.057768 -3.763101
 257.566793 -3.688458
 258.075819 -3.576587
 258.584844 -3.690626
 259.093869 -3.835032
 259.602895 -3.703797
 260.111920 -3.649592
 260.620945 -3.665552
 261.129970 -3.707189
 261.638996 -3.679375
 262.148021 -3.709872
 262.657046 -3.749005
 263.166072 -3.700654
 263.675097 -3.702112
 264.184122 -3.722868
 264.693147 -3.672482
 265.202173 -3.670077
 265.711198 -3.695497
 266.220223 -3.717267
 266.729249 -3.686168
 267.238274 -3.680587
 267.747299 -3.702504
 268.256324 -3.745282
 268.765350 -3.734788
 269.274375 -3.645573
 269.783400 -3.708027
 270.292426 -3.735372
 270.801451 -3.680441
 271.310476 -3.712109
 271.819501 -3.714256
 272.328527 -3.677014
 272.837552 -3.659843
 273.346577 -3.723155
 273.855603 -3.767905
 274.364628 -3.666532
 274.873653 -3.523666
 275.382678 -3.650845
 275.891704 -3.757290
 276.400729 -3.736435
 276.909754 -3.685175
 277.418780 -3.691463
 277.927805 -3.669585
 278.436830 -3.741461
 278.945855 -3.713150
 279.454881 -3.711963
 279.963906 -3.692105
 280.472931 -3.620204
 280.981957 -3.668279
 281.490982 -3.718393
 282.000007 -3.776267
 282.509032 -3.719075
 283.018058 -3.594712
 283.527083 -3.631625
 284.036108 -3.751475
 284.545134 -3.781432
 285.054159 -3.691764
 285.563184 -3.709879
 286.072209 -3.736726
 286.581235 -3.732295
 287.090260 -3.691069
 287.599285 -3.689170
 288.108310 -3.716373
 288.617336 -3.639167
 289.126361 -3.701116
 289.635386 -3.732818
 290.144412 -3.746553
 290.653437 -3.704798
 291.162462 -3.661070
 291.671487 -3.720087
 292.180513 -3.745309
 292.689538 -3.662629
 293.198563 -3.655501
 293.707589 -3.746023
 294.216614 -3.805411
 294.725639 -3.668167
 295.234664 -3.645780
 295.743690 -3.689533
 296.252715 -3.696595
 296.761740 -3.702552
 297.270766 -3.714762
 297.779791 -3.766957
 298.288816 -3.694897
 298.797841 -3.699682
 299.306867 -3.733018
 299.815892 -3.667882
 300.324917 -3.674041
 300.833943 -3.771215
 301.342968 -3.754129
 301.851993 -3.668153
 302.361018 -3.662512
 302.870044 -3.682725
 303.379069 -3.768618
 303.888094 -3.716256
 304.397120 -3.625172
 304.906145 -3.740359
 305.415170 -3.768565
 305.924195 -3.685901
 306.433221 -3.653793
 306.942246 -3.765565
 307.451271 -3.714285
 307.960297 -3.685252
 308.469322 -3.660752
 308.978347 -3.676733
 309.487372 -3.678795
 309.996398 -3.751443
 310.505423 -3.737347
 311.014448 -3.673935
 311.523474 -3.686510
 312.032499 -3.750612
 312.541524 -3.801360
 313.050549 -3.665718
 313.559575 -3.590886
 314.068600 -3.693203
 314.577625 -3.723993
 315.086651 -3.699373
 315.595676 -3.683014
 316.104701 -3.708473
 316.613726 -3.722764
 317.122752 -3.743609
 317.631777 -3.718502
 318.140802 -3.693394
 318.649828 -3.647988
 319.158853 -3.683328
 319.667878 -3.735864
 320.176903 -3.766895
 320.685929 -3.737120
 321.194954 -3.665321
 321.703979 -3.688251
 322.213004 -3.751014
 322.722030 -3.749024
 323.231055 -3.691755
 323.740080 -3.678839
 324.249106 -3.730011
 324.758131 -3.679844
 325.267156 -3.660013
 325.776181 -3.717362
 326.285207 -3.735791
 326.794232 -3.708431
 327.303257 -3.698428
 327.812283 -3.713982
 328.321308 -3.654579
 328.830333 -3.658692
 329.339358 -3.681466
 329.848384 -3.720911
 330.357409 -3.658137
 330.866434 -3.686935
 331.375460 -3.743866
 331.884485 -3.698459
 332.393510 -3.637270
 332.902535 -3.705233
 333.411561 -3.729893
 333.920586 -3.618887
 334.429611 -3.645753
 334.938637 -3.797119
 335.447662 -3.750146
 335.956687 -3.633296
 336.465712 -3.715146
 336.974738 -3.740196
 337.483763 -3.691388
 337.992788 -3.632966
 338.501814 -3.675663
 339.010839 -3.719584
 339.519864 -3.684601
 340.028889 -3.703520
 340.537915 -3.712478
 341.046940 -3.723233
 341.555965 -3.662317
 342.064991 -3.741200
 342.574016 -3.767178
 343.083041 -3.696578
 343.592066 -3.677479
 344.101092 -3.693872
 344.610117 -3.675127
 345.119142 -3.744559
 345.628168 -3.725981
 346.137193 -3.647247
 346.646218 -3.668877
 347.155243 -3.706738
 347.664269 -3.712071
 348.173294 -3.696252
 348.682319 -3.657476
 349.191345 -3.763386
 349.700370 -3.736540
 350.209395 -3.703973
 350.718420 -3.706974
 351.227446 -3.708014
 351.736471 -3.684013
 352.245496 -3.604130
 352.754522 -3.709552
 353.263547 -3.777619
 353.772572 -3.726649
 354.281597 -3.648935
 354.790623 -3.652475
 355.299648 -3.725271
 355.808673 -3.751373
 356.317698 -3.737917
 356.826724 -3.667554
 357.335749 -3.677862
 357.844774 -3.728251
 358.353800 -3.711644
 358.862825 -3.665298
 359.371850 -3.707578
 359.880875 -3.697193
 360.389901 -3.703373
 360.898926 -3.715009
 361.407951 -3.669472
 361.916977 -3.738419
 362.426002 -3.736919
 362.935027 -3.681268
 363.444052 -3.733939
 363.953078 -3.693228
 364.462103 -3.735863
 364.971128 -3.703275
 365.480154 -3.747241
 365.989179 -3.727834
 366.498204 -3.651345
 367.007229 -3.718441
 367.516255 -3.762872
 368.025280 -3.682252
 368.534305 -3.667537
 369.043331 -3.688520
 369.552356 -3.727654
 370.061381 -3.731504
 370.570406 -3.726352
 371.079432 -3.694191
 371.588457 -3.670212
 372.097482 -3.710183
 372.606508 -3.786785
 373.115533 -3.735418
 373.624558 -3.633087
 374.133583 -3.619740
 374.642609 -3.689011
 375.151634 -3.800762
 375.660659 -3.680555
 376.169685 -3.604251
 376.678710 -3.674706
 377.187735 -3.752730
 377.696760 -3.753926
 378.205786 -3.703873
 378.714811 -3.602797
 379.223836 -3.668902
 379.732862 -3.731398
 380.241887 -3.713655
 380.750912 -3.719758
 381.259937 -3.718766
 381.768963 -3.673324
 382.277988 -3.739078
 382.787013 -3.730449
 383.296039 -3.665473
 383.805064 -3.701994
 384.314089 -3.700108
 384.823114 -3.676670
 385.332140 -3.670938
 385.841165 -3.732247
 386.350190 -3.718107
 386.859216 -3.650387
 387.368241 -3.608741
 387.877266 -3.724290
 388.386291 -3.779190
 388.895317 -3.714028
 389.404342 -3.623154
 389.913367 -3.675083
 390.422392 -3.757403
 390.931418 -3.737509
 391.440443 -3.600494
 391.949468 -3.628850
 392.458494 -3.786083
 392.967519 -3.798628
 393.476544 -3.705175
 393.985569 -3.627161
 394.494595 -3.635377
 395.003620 -3.727975
 395.512645 -3.782646
 396.021671 -3.754251
 396.530696 -3.681181
 397.039721 -3.719033
 397.548746 -3.766123
 398.057772 -3.730546
 398.566797 -3.684252
 399.075822 -3.694965
 399.584848 -3.723410
 400.093873 -3.687818
 400.602898 -3.706351
 401.111923 -3.687146
 401.620949 -3.732373
 402.129974 -3.786296
 402.638999 -3.706257
 403.148025 -3.715354
 403.657050 -3.694608
 404.166075 -3.738956
 404.675100 -3.758618
 405.184126 -3.658873
 405.693151 -3.717867
 406.202176 -3.721634
 406.711202 -3.697106
 407.220227 -3.660966
 407.729252 -3.677071
 408.238277 -3.730205
 408.747303 -3.707115
 409.256328 -3.685154
 409.765353 -3.702429
 410.274379 -3.686135
 410.783404 -3.737441
 411.292429 -3.684176
 411.801454 -3.681107
 412.310480 -3.639446
 412.819505 -3.722524
 413.328530 -3.695215
 413.837556 -3.702569
 414.346581 -3.725713
 414.855606 -3.706942
 415.364631 -3.749618
 415.873657 -3.690447
 416.382682 -3.683204
 416.891707 -3.697656
 417.400733 -3.765635
 417.909758 -3.701355
 418.418783 -3.718081
 418.927808 -3.711405
 419.436834 -3.707188
 419.945859 -3.700544
 420.454884 -3.682385
 420.963910 -3.741946
 421.472935 -3.707728
 421.981960 -3.626551
 422.490985 -3.637272
 423.000011 -3.705409
 423.509036 -3.755062
 424.018061 -3.725797
 424.527086 -3.726799
 425.036112 -3.636735
 425.545137 -3.688748
 426.054162 -3.747433
 426.563188 -3.776449
 427.072213 -3.711617
 427.581238 -3.720438
 428.090263 -3.655447
 428.599289 -3.647973
 429.108314 -3.731161
 429.617339 -3.754614
 430.126365 -3.642392
 430.635390 -3.621061
 431.144415 -3.696540
 431.653440 -3.764146
 432.162466 -3.737197
 432.671491 -3.673182
 433.180516 -3.637654
 433.689542 -3.686964
 434.198567 -3.691513
 434.707592 -3.771547
 435.216617 -3.738505
 435.725643 -3.682776
 436.234668 -3.687357
 436.743693 -3.693715
 437.252719 -3.737436
 437.761744 -3.695815
 438.270769 -3.645012
 438.779794 -3.698035
 439.288820 -3.739426
 439.797845 -3.726386
 440.306870 -3.743622
 440.815896 -3.748181
 441.324921 -3.703917
 441.833946 -3.607545
 442.342971 -3.701067
 442.851997 -3.734474
 443.361022 -3.656714
 443.870047 -3.659269
 444.379073 -3.737196
 444.888098 -3.719823
 445.397123 -3.626471
 445.906148 -3.647003
 446.415174 -3.706702
 446.924199 -3.779159
 447.433224 -3.780330
 447.942250 -3.682784
 448.451275 -3.655766
 448.960300 -3.711840
 449.469325 -3.725589
 449.978351 -3.656694
 450.487376 -3.676310
 450.996401 -3.770184
 451.505427 -3.708042
 452.014452 -3.702096
 452.523477 -3.709968
 453.032502 -3.735334
 453.541528 -3.739622
 454.050553 -3.634772
 454.559578 -3.630763
 455.068604 -3.701171
 455.577629 -3.756287
 456.086654 -3.722543
 456.595679 -3.633025
 457.104705 -3.658756
 457.613730 -3.755910
 458.122755 -3.698299
 458.631780 -3.632730
 459.140806 -3.672426
 459.649831 -3.755365
 460.158856 -3.748103
 460.667882 -3.638221
 461.176907 -3.686185
 461.685932 -3.777596
 462.194957 -3.742443
 462.703983 -3.658392
 463.213008 -3.692742
 463.722033 -3.722300
 464.231059 -3.735559
 464.740084 -3.740352
 465.249109 -3.737148
 465.758134 -3.663065
 466.267160 -3.656862
 466.776185 -3.702995
 467.285210 -3.767840
 467.794236 -3.726885
 468.303261 -3.677600
 468.812286 -3.737566
 469.321311 -3.746846
 469.830337 -3.662043
 470.339362 -3.707526
 470.848387 -3.730734
 471.357413 -3.707079
 471.866438 -3.686642
 472.375463 -3.771599
 472.884488 -3.752402
 473.393514 -3.690451
 473.902539 -3.669304
 474.411564 -3.772974
 474.920590 -3.732287
 475.429615 -3.601961
 475.938640 -3.666783
 476.447665 -3.772841
 476.956691 -3.625786
 477.465716 -3.615810
 477.974741 -3.704429
 478.483767 -3.727212
 478.992792 -3.723640
 479.501817 -3.720071
 480.010842 -3.658043
 480.519868 -3.604810
 481.028893 -3.722284
 481.537918 -3.731679
 482.046944 -3.654712
 482.555969 -3.658898
 483.064994 -3.686748
 483.574019 -3.680663
 484.083045 -3.732320
 484.592070 -3.722527
 485.101095 -3.654548
 485.610121 -3.721472
 486.119146 -3.746278
 486.628171 -3.703271
 487.137196 -3.712280
 487.646222 -3.742141
 488.155247 -3.711181
 488.664272 -3.687183
 489.173297 -3.693388
 489.682323 -3.688319
 490.191348 -3.670147
 490.700373 -3.711740
 491.209399 -3.703209
 491.718424 -3.696343
 492.227449 -3.705224
 492.736474 -3.720214
 493.245500 -3.670365
 493.754525 -3.718446
 494.263550 -3.749045
 494.772576 -3.672036
 495.281601 -3.676663
 495.790626 -3.744288
 496.299651 -3.717651
 496.808677 -3.684933
 497.317702 -3.700722
 497.826727 -3.684834
 498.335753 -3.649384
 498.844778 -3.738106
 499.353803 -3.679275
 499.862828 -3.705823
 500.371854 -3.713468
 500.880879 -3.672762
 501.389904 -3.724407
 501.898930 -3.672331
 502.407955 -3.705385
 502.916980 -3.682719
 503.426005 -3.681461
 503.935031 -3.680087
 504.444056 -3.685272
 504.953081 -3.727633
 505.462107 -3.699831
 505.971132 -3.645074
 506.480157 -3.701220
 506.989182 -3.718141
 507.498208 -3.691049
 508.007233 -3.731000
 508.516258 -3.737392
 509.025284 -3.711414
 509.534309 -3.680248
 510.043334 -3.648893
 510.552359 -3.683233
 511.061385 -3.686502
 511.570410 -3.728535
 512.079435 -3.743595
 512.588461 -3.742622
 513.097486 -3.705157
 513.606511 -3.711995
 514.115536 -3.761183
 514.624562 -3.718498
 515.133587 -3.683288
 515.642612 -3.725386
 516.151638 -3.718611
 516.660663 -3.706656
 517.169688 -3.678807
 517.678713 -3.655651
 518.187739 -3.684813
 518.696764 -3.696886
 519.205789 -3.721701
 519.714815 -3.749194
 520.223840 -3.676496
 520.732865 -3.689568
 521.241890 -3.752684
 521.750916 -3.707962
 522.259941 -3.653734
 522.768966 -3.708465
 523.277991 -3.752979
 523.787017 -3.718854
 524.296042 -3.708017
 524.805067 -3.686954
 525.314093 -3.676415
 525.823118 -3.696690
 526.332143 -3.699579
 526.841168 -3.690909
 527.350194 -3.713701
 527.859219 -3.702423
 528.368244 -3.730020
 528.877270 -3.674640
 529.386295 -3.684116
 529.895320 -3.718392
 530.404345 -3.737732
 530.913371 -3.743902
 531.422396 -3.683664
 531.931421 -3.700354
 532.440447 -3.681081
 532.949472 -3.683810
 533.458497 -3.753709
 533.967522 -3.735834
 534.476548 -3.655676
 534.985573 -3.666480
 535.494598 -3.739095
 536.003624 -3.750445
 536.512649 -3.742615
 537.021674 -3.674492
 537.530699 -3.657477
 538.039725 -3.732340
 538.548750 -3.713165
 539.057775 -3.756392
 539.566801 -3.699537
 540.075826 -3.664775
 540.584851 -3.616798
 541.093876 -3.699283
 541.602902 -3.775592
 542.111927 -3.745928
 542.620952 -3.686706
 543.129978 -3.642475
 543.639003 -3.658451
 544.148028 -3.758574
 544.657053 -3.739222
 545.166079 -3.698576
 545.675104 -3.724792
 546.184129 -3.667001
 546.693155 -3.706344
 547.202180 -3.730723
 547.711205 -3.675110
 548.220230 -3.615407
 548.729256 -3.716566
 549.238281 -3.789933
 549.747306 -3.709719
 550.256332 -3.634281
 550.765357 -3.699283
 551.274382 -3.744303
 551.783407 -3.702941
 552.292433 -3.684968
 552.801458 -3.656741
 553.310483 -3.699287
 553.819509 -3.739250
 554.328534 -3.674646
 554.837559 -3.687227
 555.346584 -3.732364
 555.855610 -3.679936
 556.364635 -3.680108
 556.873660 -3.726480
 557.382685 -3.763686
 557.891711 -3.639458
 558.400736 -3.687187
 558.909761 -3.689394
 559.418787 -3.706241
 559.927812 -3.665603
 560.436837 -3.692826
 560.945862 -3.741958
 561.454888 -3.732073
 561.963913 -3.705094
 562.472938 -3.691230
 562.981964 -3.743981
 563.490989 -3.692415
 564.000014 -3.682848
 564.509039 -3.670689
 565.018065 -3.697545
 565.527090 -3.678351
 566.036115 -3.712901
 566.545141 -3.736991
 567.054166 -3.658357
 567.563191 -3.664695
 568.072216 -3.697370
 568.581242 -3.674090
 569.090267 -3.663053
 569.599292 -3.675985
 570.108318 -3.706137
 570.617343 -3.744052
 571.126368 -3.709267
 571.635393 -3.622884
 572.144419 -3.719476
 572.653444 -3.751326
 573.162469 -3.719824
 573.671495 -3.718092
 574.180520 -3.708502
 574.689545 -3.704521
 575.198570 -3.684118
 575.707596 -3.686998
 576.216621 -3.745950
 576.725646 -3.691292
 577.234672 -3.666310
 577.743697 -3.718100
 578.252722 -3.718355
 578.761747 -3.709117
 579.270773 -3.728968
 579.779798 -3.719910
 580.288823 -3.678895
 580.797849 -3.704592
 581.306874 -3.710562
 581.815899 -3.663837
 582.324924 -3.657724
 582.833950 -3.723994
 583.342975 -3.725099
 583.852000 -3.688941
 584.361026 -3.689734
 584.870051 -3.703495
 585.379076 -3.700649
 585.888101 -3.684240
 586.397127 -3.690987
 586.906152 -3.720274
 587.415177 -3.684340
 587.924203 -3.730090
 588.433228 -3.701215
 588.942253 -3.726000
 589.451278 -3.714029
 589.960304 -3.696381
 590.469329 -3.654249
 590.978354 -3.702182
 591.487379 -3.675713
 591.996405 -3.741871
 592.505430 -3.736999
 593.014455 -3.725772
 593.523481 -3.682683
 594.032506 -3.667465
 594.541531 -3.665749
 595.050556 -3.712389
 595.559582 -3.715813
 596.068607 -3.659930
 596.577632 -3.666758
 597.086658 -3.767535
 597.595683 -3.723508
 598.104708 -3.675483
 598.613733 -3.652298
 599.122759 -3.676284
 599.631784 -3.744224
 600.140809 -3.744437
 600.649835 -3.693599
 601.158860 -3.650486
 601.667885 -3.659643
 602.176910 -3.726098
 602.685936 -3.791420
 603.194961 -3.667062
 603.703986 -3.729002
 604.213012 -3.734532
 604.722037 -3.704146
 605.231062 -3.708441
 605.740087 -3.712024
 606.249113 -3.697308
 606.758138 -3.631297
 607.267163 -3.749927
 607.776189 -3.741931
 608.285214 -3.683625
 608.794239 -3.658937
 609.303264 -3.665353
 609.812290 -3.756190
 610.321315 -3.693677
 610.830340 -3.677397
 611.339366 -3.733373
 611.848391 -3.800805
 612.357416 -3.669790
 612.866441 -3.584220
 613.375467 -3.679284
 613.884492 -3.761478
 614.393517 -3.701776
 614.902543 -3.657534
 615.411568 -3.756829
 615.920593 -3.707912
 616.429618 -3.669004
 616.938644 -3.636464
 617.447669 -3.657827
 617.956694 -3.730345
 618.465720 -3.701790
 618.974745 -3.676379
 619.483770 -3.716574
 619.992795 -3.745837
 620.501821 -3.721316
 621.010846 -3.707725
 621.519871 -3.638811
 622.028897 -3.680862
 622.537922 -3.727568
 623.046947 -3.700721
 623.555972 -3.652053
 624.064998 -3.662849
 624.574023 -3.707700
 625.083048 -3.721838
 625.592073 -3.703098
 626.101099 -3.659485
 626.610124 -3.654665
 627.119149 -3.711211
 627.628175 -3.688822
 628.137200 -3.716545
 628.646225 -3.714681
 629.155250 -3.688687
 629.664276 -3.685312
 630.173301 -3.730280
 630.682326 -3.744461
 631.191352 -3.664222
 631.700377 -3.671078
 632.209402 -3.715018
 632.718427 -3.722816
 633.227453 -3.685358
 633.736478 -3.703256
 634.245503 -3.734090
 634.754529 -3.712928
 635.263554 -3.642292
 635.772579 -3.634437
 636.281604 -3.745862
 636.790630 -3.754200
 637.299655 -3.686389
 637.808680 -3.669885
 638.317706 -3.697902
 638.826731 -3.711401
 639.335756 -3.745482
 639.844781 -3.749646
 640.353807 -3.652764
 640.862832 -3.675514
 641.371857 -3.714045
 641.880883 -3.669806
 642.389908 -3.711520
 642.898933 -3.697917
 643.407958 -3.690076
 643.916984 -3.734847
 644.426009 -3.703192
 644.935034 -3.582456
 645.444060 -3.648442
 645.953085 -3.774971
 646.462110 -3.735273
 646.971135 -3.608845
 647.480161 -3.630916
 647.989186 -3.754210
 648.498211 -3.771111
 649.007237 -3.662253
 649.516262 -3.651444
 650.025287 -3.747250
 650.534312 -3.709335
 651.043338 -3.638167
 651.552363 -3.721515
 652.061388 -3.700756
 652.570414 -3.659117
 653.079439 -3.686666
 653.588464 -3.736754
 654.097489 -3.731452
 654.606515 -3.665003
 655.115540 -3.655387
 655.624565 -3.673868
 656.133591 -3.802549
 656.642616 -3.746305
 657.151641 -3.618991
 657.660666 -3.684538
 658.169692 -3.766476
 658.678717 -3.705632
 659.187742 -3.660298
 659.696767 -3.700007
 660.205793 -3.704993
 660.714818 -3.728498
 661.223843 -3.688516
 661.732869 -3.675160
 662.241894 -3.695189
 662.750919 -3.712570
 663.259944 -3.706652
 663.768970 -3.627190
 664.277995 -3.709758
 664.787020 -3.724840
 665.296046 -3.622404
 665.805071 -3.683992
 666.314096 -3.733441
 666.823121 -3.712841
 667.332147 -3.647157
 667.841172 -3.675999
 668.350197 -3.744914
 668.859223 -3.734627
 669.368248 -3.658443
 669.877273 -3.643406
 670.386298 -3.648802
 670.895324 -3.732814
 671.404349 -3.759279
 671.913374 -3.655881
 672.422400 -3.646055
 672.931425 -3.667341
 673.440450 -3.731856
 673.949475 -3.781510
 674.458501 -3.723260
 674.967526 -3.621377
 675.476551 -3.679746
 675.985577 -3.720715
 676.494602 -3.718568
 677.003627 -3.677143
 677.512652 -3.732622
 678.021678 -3.720247
 678.530703 -3.734414
 679.039728 -3.719748
 679.548754 -3.631261
 680.057779 -3.684970
 680.566804 -3.743521
 681.075829 -3.731041
 681.584855 -3.719822
 682.093880 -3.674725
 682.602905 -3.724358
 683.111931 -3.742569
 683.620956 -3.684576
 684.129981 -3.662399
 684.639006 -3.718511
 685.148032 -3.717784
 685.657057 -3.749801
 686.166082 -3.689410
 686.675108 -3.690402
 687.184133 -3.700625
 687.693158 -3.716982
 688.202183 -3.642116
 688.711209 -3.715681
 689.220234 -3.742401
 689.729259 -3.674185
 690.238285 -3.677500
 690.747310 -3.744053
 691.256335 -3.717035
 691.765360 -3.618169
 692.274386 -3.668267
 692.783411 -3.754208
 693.292436 -3.694201
 693.801461 -3.622107
 694.310487 -3.681105
 694.819512 -3.784119
 695.328537 -3.694141
 695.837563 -3.604039
 696.346588 -3.703851
 696.855613 -3.788431
 697.364638 -3.733291
 697.873664 -3.611611
 698.382689 -3.634713
 698.891714 -3.755504
 699.400740 -3.780579
 699.909765 -3.760762
 700.418790 -3.699490
 700.927815 -3.627047
 701.436841 -3.658439
 701.945866 -3.730957
 702.454891 -3.682402
 702.963917 -3.650410
 703.472942 -3.750657
 703.981967 -3.731762
 704.490992 -3.676362
 705.000018 -3.673728
 705.509043 -3.773058
 706.018068 -3.697149
 706.527094 -3.667348
 707.036119 -3.709200
 707.545144 -3.728779
 708.054169 -3.711270
 708.563195 -3.672919
 709.072220 -3.740477
 709.581245 -3.720174
 710.090271 -3.714920
 710.599296 -3.692503
 711.108321 -3.698288
 711.617346 -3.666951
 712.126372 -3.659458
 712.635397 -3.691937
 713.144422 -3.760110
 713.653448 -3.722255
 714.162473 -3.707263
 714.671498 -3.661307
 715.180523 -3.709542
 715.689549 -3.719595
 716.198574 -3.715605
 716.707599 -3.652913
 717.216625 -3.695458
 717.725650 -3.712162
 718.234675 -3.740585
 718.743700 -3.674610
 719.252726 -3.648815
 719.761751 -3.660162
 720.270776 -3.718652
 720.779802 -3.779655
 721.288827 -3.639851
 721.797852 -3.591770
 722.306877 -3.740358
 722.815903 -3.799907
 723.324928 -3.675961
 723.833953 -3.658863
 724.342979 -3.660723
 724.852004 -3.701935
 725.361029 -3.690076
 725.870054 -3.734468
 726.379080 -3.721693
 726.888105 -3.660145
 727.397130 -3.740253
 727.906155 -3.769701
 728.415181 -3.616567
 728.924206 -3.632573
 729.433231 -3.710721
 729.942257 -3.759776
 730.451282 -3.668421
 730.960307 -3.704333
 731.469332 -3.662532
 731.978358 -3.691970
 732.487383 -3.730186
 732.996408 -3.785843
 733.505434 -3.678712
 734.014459 -3.676001
 734.523484 -3.742427
 735.032509 -3.715369
 735.541535 -3.668219
 736.050560 -3.647454
 736.559585 -3.687818
 737.068611 -3.707955
 737.577636 -3.748045
 738.086661 -3.717017
 738.595686 -3.723512
 739.104712 -3.748939
 739.613737 -3.674439
 740.122762 -3.678924
 740.631788 -3.658789
 741.140813 -3.702848
 741.649838 -3.714875
 742.158863 -3.672305
 742.667889 -3.695900
 743.176914 -3.707563
 743.685939 -3.697067
 744.194965 -3.688761
 744.703990 -3.678746
 745.213015 -3.719984
 745.722040 -3.680977
 746.231066 -3.741784
 746.740091 -3.714746
 747.249116 -3.642683
 747.758142 -3.645851
 748.267167 -3.765936
 748.776192 -3.759776
 749.285217 -3.688097
 749.794243 -3.630329
 750.303268 -3.673688
 750.812293 -3.753163
 751.321319 -3.774654
 751.830344 -3.624453
 752.339369 -3.622897
 752.848394 -3.748267
 753.357420 -3.789988
 753.866445 -3.691447
 754.375470 -3.723873
 754.884496 -3.752367
 755.393521 -3.716795
 755.902546 -3.750977
 756.411571 -3.687429
 756.920597 -3.693710
 757.429622 -3.739985
 757.938647 -3.693199
 758.447673 -3.716588
 758.956698 -3.689970
 759.465723 -3.720800
 759.974748 -3.746345
 760.483774 -3.755119
 760.992799 -3.643565
 761.501824 -3.669904
 762.010849 -3.731474
 762.519875 -3.729155
 763.028900 -3.640231
 763.537925 -3.690783
 764.046951 -3.753996
 764.555976 -3.706381
 765.065001 -3.663289
 765.574026 -3.661104
 766.083052 -3.682756
 766.592077 -3.670333
 767.101102 -3.698191
 767.610128 -3.734256
 768.119153 -3.689462
 768.628178 -3.715635
 769.137203 -3.696075
 769.646229 -3.660308
 770.155254 -3.696609
 770.664279 -3.770980
 771.173305 -3.729599
 771.682330 -3.657971
 772.191355 -3.640592
 772.700380 -3.742762
 773.209406 -3.794704
 773.718431 -3.662381
 774.227456 -3.633468
 774.736482 -3.767066
 775.245507 -3.772612
 775.754532 -3.696244
 776.263557 -3.646972
 776.772583 -3.691035
 777.281608 -3.757825
 777.790633 -3.751699
 778.299659 -3.669657
 778.808684 -3.691938
 779.317709 -3.694573
 779.826734 -3.631214
 780.335760 -3.654959
 780.844785 -3.717181
 781.353810 -3.699065
 781.862836 -3.711354
 782.371861 -3.731557
 782.880886 -3.705764
 783.389911 -3.675983
 783.898937 -3.688804
 784.407962 -3.716538
 784.916987 -3.707873
 785.426013 -3.673972
 785.935038 -3.711979
 786.444063 -3.668040
 786.953088 -3.648414
 787.462114 -3.687727
 787.971139 -3.685603
 788.480164 -3.697655
 788.989190 -3.668857
 789.498215 -3.670659
 790.007240 -3.713638
 790.516265 -3.687881
 791.025291 -3.692497
 791.534316 -3.712472
 792.043341 -3.771001
 792.552366 -3.695453
 793.061392 -3.658667
 793.570417 -3.707085
 794.079442 -3.725552
 794.588468 -3.677193
 795.097493 -3.676074
 795.606518 -3.703379
 796.115543 -3.743575
 796.624569 -3.684524
 797.133594 -3.732561
 797.642619 -3.730547
 798.151645 -3.756118
 798.660670 -3.682188
 799.169695 -3.698266
 799.678720 -3.705669
 800.187746 -3.743203
 800.696771 -3.721520
 801.205796 -3.724181
 801.714822 -3.610099
 802.223847 -3.674093
 802.732872 -3.682732
 803.241897 -3.726434
 803.750923 -3.736385
 804.259948 -3.666920
 804.768973 -3.684644
 805.277999 -3.722672
 805.787024 -3.695082
 806.296049 -3.690385
 806.805074 -3.697115
 807.314100 -3.722871
 807.823125 -3.752986
 808.332150 -3.685691
 808.841176 -3.648220
 809.350201 -3.734087
 809.859226 -3.752434
 810.368251 -3.740060
 810.877277 -3.664946
 811.386302 -3.665072
 811.895327 -3.682253
 812.404353 -3.718044
 812.913378 -3.756061
 813.422403 -3.679718
 813.931428 -3.754828
 814.440454 -3.695935
 814.949479 -3.665458
 815.458504 -3.716882
 815.967530 -3.694533
 816.476555 -3.666271
 816.985580 -3.644295
 817.494605 -3.714707
 818.003631 -3.808563
 818.512656 -3.718800
 819.021681 -3.608641
 819.530707 -3.610017
 820.039732 -3.707472
 820.548757 -3.763424
 821.057782 -3.704595
 821.566808 -3.696640
 822.075833 -3.628636
 822.584858 -3.692433
 823.093884 -3.749239
 823.602909 -3.727856
 824.111934 -3.738483
 824.620959 -3.710373
 825.129985 -3.732704
 825.639010 -3.683350
 826.148035 -3.679997
 826.657060 -3.658941
 827.166086 -3.728669
 827.675111 -3.747928
 828.184136 -3.669672
 828.693162 -3.712067
 829.202187 -3.723085
 829.711212 -3.699097
 830.220237 -3.721737
 830.729263 -3.674926
 831.238288 -3.672683
 831.747313 -3.694863
 832.256339 -3.685648
 832.765364 -3.707225
 833.274389 -3.702092
 833.783414 -3.707430
 834.292440 -3.737741
 834.801465 -3.681553
 835.310490 -3.694338
 835.819516 -3.694564
 836.328541 -3.674316
 836.837566 -3.692586
 837.346591 -3.667240
 837.855617 -3.711369
 838.364642 -3.699589
 838.873667 -3.638145
 839.382693 -3.721217
 839.891718 -3.772121
 840.400743 -3.732308
 840.909768 -3.671680
 841.418794 -3.669192
 841.927819 -3.732962
 842.436844 -3.731604
 842.945870 -3.711902
 843.454895 -3.656157
 843.963920 -3.711339
 844.472945 -3.729428
 844.981971 -3.695801
 845.490996 -3.678542
 846.000021 -3.663925
 846.509047 -3.691573
 847.018072 -3.723166
 847.527097 -3.672003
 848.036122 -3.674838
 848.545148 -3.739078
 849.054173 -3.695761
 849.563198 -3.662588
 850.072224 -3.704780
 850.581249 -3.775907
 851.090274 -3.703413
 851.599299 -3.670636
 852.108325 -3.642472
 852.617350 -3.737665
 853.126375 -3.810977
 853.635401 -3.725328
 854.144426 -3.638253
 854.653451 -3.683334
 855.162476 -3.768509
 855.671502 -3.638185
 856.180527 -3.674805
 856.689552 -3.675272
 857.198578 -3.700347
 857.707603 -3.773292
 858.216628 -3.691294
 858.725653 -3.720046
 859.234679 -3.678233
 859.743704 -3.717079
 860.252729 -3.695674
 860.761754 -3.679941
 861.270780 -3.727697
 861.779805 -3.722899
 862.288830 -3.646975
 862.797856 -3.732283
 863.306881 -3.781533
 863.815906 -3.695764
 864.324931 -3.604646
 864.833957 -3.704068
 865.342982 -3.753287
 865.852007 -3.726270
 866.361033 -3.676008
 866.870058 -3.648455
 867.379083 -3.720582
 867.888108 -3.782231
 868.397134 -3.675460
 868.906159 -3.663092
 869.415184 -3.668401
 869.924210 -3.730145
 870.433235 -3.762831
 870.942260 -3.677274
 871.451285 -3.703639
 871.960311 -3.696905
 872.469336 -3.630822
 872.978361 -3.734530
 873.487387 -3.769264
 873.996412 -3.656385
 874.505437 -3.643411
 875.014462 -3.750506
 875.523488 -3.740789
 876.032513 -3.666664
 876.541538 -3.646790
 877.050564 -3.776443
 877.559589 -3.759557
 878.068614 -3.678493
 878.577639 -3.621321
 879.086665 -3.678202
 879.595690 -3.710328
 880.104715 -3.698011
 880.613741 -3.647523
 881.122766 -3.723130
 881.631791 -3.700576
 882.140816 -3.756767
 882.649842 -3.749243
 883.158867 -3.694314
 883.667892 -3.673644
 884.176918 -3.655742
 884.685943 -3.719894
 885.194968 -3.687467
 885.703993 -3.706160
 886.213019 -3.647705
 886.722044 -3.730577
 887.231069 -3.748428
 887.740095 -3.696221
 888.249120 -3.703714
 888.758145 -3.691814
 889.267170 -3.679668
 889.776196 -3.669930
 890.285221 -3.696211
 890.794246 -3.697490
 891.303272 -3.700584
 891.812297 -3.724642
 892.321322 -3.699519
 892.830347 -3.687173
 893.339373 -3.662564
 893.848398 -3.650730
 894.357423 -3.732656
 894.866448 -3.743537
 895.375474 -3.656753
 895.884499 -3.656286
 896.393524 -3.752217
 896.902550 -3.714257
 897.411575 -3.636898
 897.920600 -3.664670
 898.429625 -3.738502
 898.938651 -3.727586
 899.447676 -3.655265
 899.956701 -3.652507
 900.465727 -3.709680
 900.974752 -3.711665
 901.483777 -3.705294
 901.992802 -3.715927
 902.501828 -3.649490
 903.010853 -3.670018
 903.519878 -3.708071
 904.028904 -3.659081
 904.537929 -3.684884
 905.046954 -3.736431
 905.555979 -3.751585
 906.065005 -3.677529
 906.574030 -3.649782
 907.083055 -3.712179
 907.592081 -3.743600
 908.101106 -3.694054
 908.610131 -3.715788
 909.119156 -3.686599
 909.628182 -3.747040
 910.137207 -3.701214
 910.646232 -3.694804
 911.155258 -3.715944
 911.664283 -3.723368
 912.173308 -3.708887
 912.682333 -3.735552
 913.191359 -3.779209
 913.700384 -3.662998
 914.209409 -3.664382
 914.718435 -3.695664
 915.227460 -3.727452
 915.736485 -3.675882
 916.245510 -3.637076
 916.754536 -3.670749
 917.263561 -3.755239
 917.772586 -3.690326
 918.281612 -3.716293
 918.790637 -3.692267
 919.299662 -3.693801
 919.808687 -3.728408
 920.317713 -3.700737
 920.826738 -3.662660
 921.335763 -3.714592
 921.844789 -3.732504
 922.353814 -3.708416
 922.862839 -3.715094
 923.371864 -3.724658
 923.880890 -3.663703
 924.389915 -3.688235
 924.898940 -3.698050
 925.407966 -3.712425
 925.916991 -3.741913
 926.426016 -3.682752
 926.935041 -3.640210
 927.444067 -3.668472
 927.953092 -3.736463
 928.462117 -3.710290
 928.971142 -3.689683
 929.480168 -3.677094
 929.989193 -3.757028
 930.498218 -3.790101
 931.007244 -3.674016
 931.516269 -3.636459
 932.025294 -3.693446
 932.534319 -3.717750
 933.043345 -3.696811
 933.552370 -3.677940
 934.061395 -3.740195
 934.570421 -3.671859
 935.079446 -3.610777
 935.588471 -3.731145
 936.097496 -3.764128
 936.606522 -3.692164
 937.115547 -3.627714
 937.624572 -3.725624
 938.133598 -3.763488
 938.642623 -3.691976
 939.151648 -3.622775
 939.660673 -3.713277
 940.169699 -3.734931
 940.678724 -3.653304
 941.187749 -3.693839
 941.696775 -3.720838
 942.205800 -3.707109
 942.714825 -3.703157
 943.223850 -3.659401
 943.732876 -3.657627
 944.241901 -3.691307
 944.750926 -3.681178
 945.259952 -3.727500
 945.768977 -3.684660
 946.278002 -3.632741
 946.787027 -3.691924
 947.296053 -3.754950
 947.805078 -3.704371
 948.314103 -3.677202
 948.823129 -3.726527
 949.332154 -3.697983
 949.841179 -3.717786
 950.350204 -3.770429
 950.859230 -3.732155
 951.368255 -3.683886
 951.877280 -3.742482
 952.386306 -3.719083
 952.895331 -3.688763
 953.404356 -3.661297
 953.913381 -3.653803
 954.422407 -3.735733
 954.931432 -3.735110
 955.440457 -3.722769
 955.949483 -3.708505
 956.458508 -3.672518
 956.967533 -3.671007
 957.476558 -3.748476
 957.985584 -3.728747
 958.494609 -3.660717
 959.003634 -3.732805
 959.512660 -3.763833
 960.021685 -3.652808
 960.530710 -3.664990
 961.039735 -3.789539
 961.548761 -3.771451
 962.057786 -3.691031
 962.566811 -3.686935
 963.075836 -3.759903
 963.584862 -3.737769
 964.093887 -3.702340
 964.602912 -3.737974
 965.111938 -3.675026
 965.620963 -3.691087
 966.129988 -3.682047
 966.639013 -3.713285
 967.148039 -3.726458
 967.657064 -3.710584
 968.166089 -3.689368
 968.675115 -3.684343
 969.184140 -3.744805
 969.693165 -3.718023
 970.202190 -3.659969
 970.711216 -3.622652
 971.220241 -3.702189
 971.729266 -3.807388
 972.238292 -3.742573
 972.747317 -3.642861
 973.256342 -3.671387
 973.765367 -3.775286
 974.274393 -3.690431
 974.783418 -3.736668
 975.292443 -3.687652
 975.801469 -3.704284
 976.310494 -3.694536
 976.819519 -3.674411
 977.328544 -3.709102
 977.837570 -3.714920
 978.346595 -3.743648
 978.855620 -3.729293
 979.364646 -3.689408
 979.873671 -3.688766
 980.382696 -3.705724
 980.891721 -3.701737
 981.400747 -3.655968
 981.909772 -3.667077
 982.418797 -3.678493
 982.927823 -3.711057
 983.436848 -3.736669
 983.945873 -3.705759
 984.454898 -3.663834
 984.963924 -3.704832
 985.472949 -3.790361
 985.981974 -3.756772
 986.491000 -3.718232
 987.000025 -3.625940
 987.509050 -3.733346
 988.018075 -3.781032
 988.527101 -3.727094
 989.036126 -3.664554
 989.545151 -3.680732
 990.054177 -3.689919
 990.563202 -3.701518
 991.072227 -3.709957
 991.581252 -3.644973
 992.090278 -3.665833
 992.599303 -3.651128
 993.108328 -3.739070
 993.617354 -3.748642
 994.126379 -3.721687
 994.635404 -3.609190
 995.144429 -3.694202
 995.653455 -3.743182
 996.162480 -3.712481
 996.671505 -3.621708
 997.180530 -3.715787
 997.689556 -3.730586
 998.198581 -3.680834
 998.707606 -3.699966
 999.216632 -3.745613
 999.725657 -3.733686
 1000.234682 -3.709608
 1000.743707 -3.717101
 1001.252733 -3.729840
 1001.761758 -3.731630
 1002.270783 -3.669225
 1002.779809 -3.725806
 1003.288834 -3.712540
 1003.797859 -3.687375
 1004.306884 -3.704664
 1004.815910 -3.693173
 1005.324935 -3.671054
 1005.833960 -3.644918
 1006.342986 -3.606134
 1006.852011 -3.645341
 1007.361036 -3.755636
 1007.870061 -3.727668
 1008.379087 -3.706996
 1008.888112 -3.670194
 1009.397137 -3.657551
 1009.906163 -3.735673
 1010.415188 -3.667004
 1010.924213 -3.744925
 1011.433238 -3.745103
 1011.942264 -3.603337
 1012.451289 -3.663577
 1012.960314 -3.779980
 1013.469340 -3.721020
 1013.978365 -3.687133
 1014.487390 -3.708129
 1014.996415 -3.723445
 1015.505441 -3.671923
 1016.014466 -3.651234
 1016.523491 -3.722185
 1017.032517 -3.726298
 1017.541542 -3.688698
 1018.050567 -3.660827
