#! FIELDS time cv
 0.000000 -4.049243
 0.509025 -4.091605
 1.018051 -4.054506
 1.527076 -3.996011
 2.036101 -3.993143
 2.545126 -4.095581
 3.054152 -4.008840
 3.563177 -3.987971
 4.072202 -4.052166
 4.581228 -4.083454
 5.090253 -4.031021
 5.599278 -4.085483
 6.108303 -4.068624
 6.617329 -4.036266
 7.126354 -4.024089
 7.635379 -4.029956
 8.144405 -4.037870
 8.653430 -4.050559
 9.162455 -4.057122
 9.671480 -4.093533
 10.180506 -4.072601
 10.689531 -4.034517
 11.198556 -4.062039
 11.707582 -4.050378
 12.216607 -4.051741
 12.725632 -4.067762
 13.234657 -4.024120
 13.743683 -4.041940
 14.252708 -4.082054
 14.761733 -4.057031
 15.270759 -3.985902
 15.779784 -4.080739
 16.288809 -4.098736
 16.797834 -4.010019
 17.306860 -4.027099
 17.815885 -4.082976
 18.324910 -4.059888
 18.833935 -4.013106
 19.342961 -4.047936
 19.851986 -4.082259
 20.361011 -4.061604
 20.870037 -4.013002
 21.379062 -4.056862
 21.888087 -4.082295
 22.397112 -4.072914
 22.906138 -4.050784
 23.415163 -4.065635
 23.924188 -4.056721
 24.433214 -4.084319
 24.942239 -4.018716
 25.451264 -3.993872
 25.960289 -4.102654
 26.469315 -4.120889
 26.978340 -3.995844
 27.487365 -3.941057
 27.996391 -4.051324
 28.505416 -4.136684
 29.014441 -4.028516
 29.523466 -3.940927
 30.032492 -4.043470
 30.541517 -4.125583
 31.050542 -4.058761
 31.559568 -4.020663
 32.068593 -4.054516
 32.577618 -4.085208
 33.086643 -4.043169
 33.595669 -4.015588
 34.104694 -4.049306
 34.613719 -4.035407
 35.122745 -4.078536
 35.631770 -4.060676
 36.140795 -4.006496
 36.649820 -4.035906
 37.158846 -4.075198
 37.667871 -4.043770
 38.176896 -4.034862
 38.685922 -4.009766
 39.194947 -4.010485
 39.703972 -4.072856
 40.212997 -4.071408
 40.722023 -3.959588
 41.231048 -3.986942
 41.740073 -4.120267
 42.249099 -4.146611
 42.758124 -4.071773
 43.267149 -3.982277
 43.776174 -4.050205
 44.285200 -4.079004
 44.794225 -4.056931
 45.303250 -4.040077
 45.812276 -4.047404
 46.321301 -4.048581
 46.830326 -4.039617
 47.339351 -4.078394
 47.848377 -4.035015
 48.357402 -3.994255
 48.866427 -4.041639
 49.375453 -4.089764
 49.884478 -4.066885
 50.393503 -4.009873
 50.902528 -4.005168
 51.411554 -4.084756
 51.920579 -4.070548
 52.429604 -4.048117
 52.938629 -4.003089
 53.447655 -4.059630
 53.956680 -4.034823
 54.465705 -4.075418
 54.974731 -4.073352
 55.483756 -4.032398
 55.992781 -4.041491
 56.501806 -4.046822
 57.010832 -4.028369
 57.519857 -4.040406
 58.028882 -4.056519
 58.537908 -4.013012
 59.046933 -4.066845
 59.555958 -4.085031
 60.064983 -4.024970
 60.574009 -4.016121
 61.083034 -4.061314
 61.592059 -4.054860
 62.101085 -4.109848
 62.610110 -4.071510
 63.119135 -3.988932
 63.628160 -4.034084
 64.137186 -4.073858
 64.646211 -4.074836
 65.155236 -4.005361
 65.664262 -3.948195
 66.173287 -4.102386
 66.682312 -4.117280
 67.191337 -4.069076
 67.700363 -4.019343
 68.209388 -4.003034
 68.718413 -4.032082
 69.227439 -4.059401
 69.736464 -4.044426
 70.245489 -4.059142
 70.754514 -4.104799
 71.263540 -4.039676
 71.772565 -3.955672
 72.281590 -4.040489
 72.790616 -4.036216
 73.299641 -4.036237
 73.808666 -4.084366
 74.317691 -4.049943
 74.826717 -3.966886
 75.335742 -4.045708
 75.844767 -4.107351
 76.353793 -4.099849
 76.862818 -4.043069
 77.371843 -4.004419
 77.880868 -4.019726
 78.389894 -4.077627
 78.898919 -4.069845
 79.407944 -4.024050
 79.916970 -4.013125
 80.425995 -4.102751
 80.935020 -4.051712
 81.444045 -3.970270
 81.953071 -4.010332
 82.462096 -4.031884
 82.971121 -4.085578
 83.480147 -4.052767
 83.989172 -4.087697
 84.498197 -4.019366
 85.007222 -4.021176
 85.516248 -4.073978
 86.025273 -4.044950
 86.534298 -4.048578
 87.043323 -4.032697
 87.552349 -4.057024
 88.061374 -4.081063
 88.570399 -4.098653
 89.079425 -4.046294
 89.588450 -4.002888
 90.097475 -4.037288
 90.606500 -4.070440
 91.115526 -4.039605
 91.624551 -4.033779
 92.133576 -4.108255
 92.642602 -4.072653
 93.151627 -3.943552
 93.660652 -4.005299
 94.169677 -4.118021
 94.678703 -4.075312
 95.187728 -4.022099
 95.696753 -3.997403
 96.205779 -3.981394
 96.714804 -4.072495
 97.223829 -4.104583
 97.732854 -3.990379
 98.241880 -4.050879
 98.750905 -4.083832
 99.259930 -3.998446
 99.768956 -4.037516
 100.277981 -4.081896
 100.787006 -4.053070
 101.296031 -4.018852
 101.805057 -4.023025
 102.314082 -4.119514
 102.823107 -4.068958
 103.332133 -3.994827
 103.841158 -4.026399
 104.350183 -4.116593
 104.859208 -4.097634
 105.368234 -4.036041
 105.877259 -4.053812
 106.386284 -4.042302
 106.895310 -4.137803
 107.404335 -4.008637
 107.913360 -3.996950
 108.422385 -4.039847
 108.931411 -4.027537
 109.440436 -4.054608
 109.949461 -4.107005
 110.458487 -4.090978
 110.967512 -4.077866
 111.476537 -4.038738
 111.985562 -4.025289
 112.494588 -4.096326
 113.003613 -4.144096
 113.512638 -3.990919
 114.021664 -4.006234
 114.530689 -4.097040
 115.039714 -4.080580
 115.548739 -4.069787
 116.057765 -4.010290
 116.566790 -4.028643
 117.075815 -4.074266
 117.584841 -4.080749
 118.093866 -4.043526
 118.602891 -4.073323
 119.111916 -4.020302
 119.620942 -4.046892
 120.129967 -4.059773
 120.638992 -4.052678
 121.148017 -4.057766
 121.657043 -4.087916
 122.166068 -4.053248
 122.675093 -3.952156
 123.184119 -4.047726
 123.693144 -4.094698
 124.202169 -4.008376
 124.711194 -3.997774
 125.220220 -4.067853
 125.729245 -4.075067
 126.238270 -4.037230
 126.747296 -4.060855
 127.256321 -4.083762
 127.765346 -4.019958
 128.274371 -4.037925
 128.783397 -4.038138
 129.292422 -4.039388
 129.801447 -4.067690
 130.310473 -4.054656
 130.819498 -4.034563
 131.328523 -4.026269
 131.837548 -4.048599
 132.346574 -4.043649
 132.855599 -4.057601
 133.364624 -3.995897
 133.873650 -4.026100
 134.382675 -4.053312
 134.891700 -4.077264
 135.400725 -4.060254
 135.909751 -4.021619
 136.418776 -4.001842
 136.927801 -4.085809
 137.436827 -4.078752
 137.945852 -4.076358
 138.454877 -4.003025
 138.963902 -3.955440
 139.472928 -4.068709
 139.981953 -4.072502
 140.490978 -4.073328
 141.000004 -4.068715
 141.509029 -4.062107
 142.018054 -4.048414
 142.527079 -4.008523
 143.036105 -4.033918
 143.545130 -4.096357
 144.054155 -4.089591
 144.563181 -4.083234
 145.072206 -4.034144
 145.581231 -4.024343
 146.090256 -4.055796
 146.599282 -4.025531
 147.108307 -4.087360
 147.617332 -4.071427
 148.126358 -4.013253
 148.635383 -4.054385
 149.144408 -4.138187
 149.653433 -4.059938
 150.162459 -3.988194
 150.671484 -4.012143
 151.180509 -4.066158
 151.689535 -4.085054
 152.198560 -4.025067
 152.707585 -4.020604
 153.216610 -4.028812
 153.725636 -4.125476
 154.234661 -4.068671
 154.743686 -4.047175
 155.252711 -4.042207
 155.761737 -4.079386
 156.270762 -4.072163
 156.779787 -4.016281
 157.288813 -3.975461
 157.797838 -3.990292
 158.306863 -4.081245
 158.815888 -4.050659
 159.324914 -4.007594
 159.833939 -4.017175
 160.342964 -4.061304
 160.851990 -4.059134
 161.361015 -4.032871
 161.870040 -4.035085
 162.379065 -4.073694
 162.888091 -4.107079
 163.397116 -4.030877
 163.906141 -3.959700
 164.415167 -3.996504
 164.924192 -4.094137
 165.433217 -4.111485
 165.942242 -4.002175
 166.451268 -4.045086
 166.960293 -4.064515
 167.469318 -3.997968
 167.978344 -4.034869
 168.487369 -4.058798
 168.996394 -4.045353
 169.505419 -4.065481
 170.014445 -4.044318
 170.523470 -4.050876
 171.032495 -4.039141
 171.541521 -4.109607
 172.050546 -4.088537
 172.559571 -4.049751
 173.068596 -4.024431
 173.577622 -4.025834
 174.086647 -4.148311
 174.595672 -4.099304
 175.104698 -4.024777
 175.613723 -3.979807
 176.122748 -4.069637
 176.631773 -4.055099
 177.140799 -3.976767
 177.649824 -4.025299
 178.158849 -4.096217
 178.667875 -4.056578
 179.176900 -4.074189
 179.685925 -4.113467
 180.194950 -3.996673
 180.703976 -3.929964
 181.213001 -4.098359
 181.722026 -4.137935
 182.231052 -4.057468
 182.740077 -4.036448
 183.249102 -4.030363
 183.758127 -3.986762
 184.267153 -4.057981
 184.776178 -4.122855
 185.285203 -4.103436
 185.794228 -3.969634
 186.303254 -3.993026
 186.812279 -4.077540
 187.321304 -4.029030
 187.830330 -4.071067
 188.339355 -4.059175
 188.848380 -4.047512
 189.357405 -4.031284
 189.866431 -4.071976
 190.375456 -4.066494
 190.884481 -4.055801
 191.393507 -4.055160
 191.902532 -4.083075
 192.411557 -4.068882
 192.920582 -4.058959
 193.429608 -4.018818
 193.938633 -4.053052
 194.447658 -4.027949
 194.956684 -4.011431
 195.465709 -4.069566
 195.974734 -4.072389
 196.483759 -4.035537
 196.992785 -4.026799
 197.501810 -4.036472
 198.010835 -4.075012
 198.519861 -4.039872
 199.028886 -4.021281
 199.537911 -4.011794
 200.046936 -4.033987
 200.555962 -4.131348
 201.064987 -4.040506
 201.574012 -4.025937
 202.083038 -4.062743
 202.592063 -4.036702
 203.101088 -4.038477
 203.610113 -4.103161
 204.119139 -4.083855
 204.628164 -4.030873
 205.137189 -4.038599
 205.646215 -4.031822
 206.155240 -4.058224
 206.664265 -4.049052
 207.173290 -4.009713
 207.682316 -4.072807
 208.191341 -4.104750
 208.700366 -4.109817
 209.209392 -3.987846
 209.718417 -4.013586
 210.227442 -4.089951
 210.736467 -4.056745
 211.245493 -4.017506
 211.754518 -4.074941
 212.263543 -4.071714
 212.772569 -4.095023
 213.281594 -4.014185
 213.790619 -4.044915
 214.299644 -4.079910
 214.808670 -4.039208
 215.317695 -3.995142
 215.826720 -4.076244
 216.335746 -4.090146
 216.844771 -4.005643
 217.353796 -4.010438
 217.862821 -4.054698
 218.371847 -4.079366
 218.880872 -4.051324
 219.389897 -4.030867
 219.898922 -4.023116
 220.407948 -4.005830
 220.916973 -4.038822
 221.425998 -4.028732
 221.935024 -4.048991
 222.444049 -4.040389
 222.953074 -4.011718
 223.462099 -4.081381
 223.971125 -4.040344
 224.480150 -4.054455
 224.989175 -4.054304
 225.498201 -4.075302
 226.007226 -4.088620
 226.516251 -4.037124
 227.025276 -4.068907
 227.534302 -4.000380
 228.043327 -3.979779
 228.552352 -4.052049
 229.061378 -4.019494
 229.570403 -4.063871
 230.079428 -4.060759
 230.588453 -4.020062
 231.097479 -4.071855
 231.606504 -4.051177
 232.115529 -4.066009
 232.624555 -4.045240
 233.133580 -4.072998
 233.642605 -4.050607
 234.151630 -3.994413
 234.660656 -4.107536
 235.169681 -4.145485
 235.678706 -3.986711
 236.187732 -3.954357
 236.696757 -4.072339
 237.205782 -4.107044
 237.714807 -4.046870
 238.223833 -4.043383
 238.732858 -4.010014
 239.241883 -4.106180
 239.750909 -4.099698
 240.259934 -4.035583
 240.768959 -4.050856
 241.277984 -4.067723
 241.787010 -4.013234
 242.296035 -4.040972
 242.805060 -4.090389
 243.314086 -4.041019
 243.823111 -3.962643
 244.332136 -4.059293
 244.841161 -4.183418
 245.350187 -4.113147
 245.859212 -4.033848
 246.368237 -4.025596
 246.877263 -4.068265
 247.386288 -4.059493
 247.895313 -3.987021
 248.404338 -4.063038
 248.913364 -4.090113
 249.422389 -4.056772
 249.931414 -4.017140
 250.440440 -4.026792
 250.949465 -4.008915
 251.458490 -4.044445
 251.967515 -4.090041
 252.476541 -4.006577
 252.985566 -3.997908
 253.494591 -4.068412
 254.003616 -4.121494
 254.512642 -4.064403
 255.021667 -3.998912
 255.530692 -3.996772
 256.039718 -4.098053
 256.548743 -4.061197
 257.057768 -4.013602
 257.566793 -4.039269
 258.075819 -3.994021
 258.584844 -4.041076
 259.093869 -4.059131
 259.602895 -4.049963
 260.111920 -4.042400
 260.620945 -4.098441
 261.129970 -4.073012
 261.638996 -4.006700
 262.148021 -4.079565
 262.657046 -4.081505
 263.166072 -4.059357
 263.675097 -4.000478
 264.184122 -4.034186
 264.693147 -4.086691
 265.202173 -4.008709
 265.711198 -3.950806
 266.220223 -4.053818
 266.729249 -4.128758
 267.238274 -4.061080
 267.747299 -4.012234
 268.256324 -3.979235
 268.765350 -4.085260
 269.274375 -4.060119
 269.783400 -4.048348
 270.292426 -4.058432
 270.801451 -4.071070
 271.310476 -4.023998
 271.819501 -3.984647
 272.328527 -4.092776
 272.837552 -4.080387
 273.346577 -4.059877
 273.855603 -4.025951
 274.364628 -4.057451
 274.873653 -4.115143
 275.382678 -4.011272
 275.891704 -3.949836
 276.400729 -4.070433
 276.909754 -4.090980
 277.418780 -4.000042
 277.927805 -3.989355
 278.436830 -4.041134
 278.945855 -4.094500
 279.454881 -4.069704
 279.963906 -4.049326
 280.472931 -4.097083
 280.981957 -4.021626
 281.490982 -3.980922
 282.000007 -4.083760
 282.509032 -4.144691
 283.018058 -4.027468
 283.527083 -3.996997
 284.036108 -4.052745
 284.545134 -4.062226
 285.054159 -4.050241
 285.563184 -4.021476
 286.072209 -4.033498
 286.581235 -4.082810
 287.090260 -3.997222
 287.599285 -4.002523
 288.108310 -4.081733
 288.617336 -4.084832
 289.126361 -4.008293
 289.635386 -4.064329
 290.144412 -4.045076
 290.653437 -4.044875
 291.162462 -4.081685
 291.671487 -4.038025
 292.180513 -3.963902
 292.689538 -4.074745
 293.198563 -4.111130
 293.707589 -3.990485
 294.216614 -4.024277
 294.725639 -4.080883
 295.234664 -4.073267
 295.743690 -4.040899
 296.252715 -4.008035
 296.761740 -4.043416
 297.270766 -4.092767
 297.779791 -4.095960
 298.288816 -4.008735
 298.797841 -4.001997
 299.306867 -4.066604
 299.815892 -4.062580
 300.324917 -4.094579
 300.833943 -4.076567
 301.342968 -3.984742
 301.851993 -4.010491
 302.361018 -4.120199
 302.870044 -4.072077
 303.379069 -4.027207
 303.888094 -4.039072
 304.397120 -4.075976
 304.906145 -4.058161
 305.415170 -4.052344
 305.924195 -4.053533
 306.433221 -4.088575
 306.942246 -4.048320
 307.451271 -4.053296
 307.960297 -4.052664
 308.469322 -4.042776
 308.978347 -4.052738
 309.487372 -4.030829
 309.996398 -4.053895
 310.505423 -4.071585
 311.014448 -4.039884
 311.523474 -4.030194
 312.032499 -4.061939
 312.541524 -4.081602
 313.050549 -4.068733
 313.559575 -4.042600
 314.068600 -3.975069
 314.577625 -4.009520
 315.086651 -4.077127
 315.595676 -4.114648
 316.104701 -3.968843
 316.613726 -4.014278
 317.122752 -4.120380
 317.631777 -4.068538
 318.140802 -3.994515
 318.649828 -4.001247
 319.158853 -4.073915
 319.667878 -4.110706
 320.176903 -4.062085
 320.685929 -4.023747
 321.194954 -4.096889
 321.703979 -4.050751
 322.213004 -4.041851
 322.722030 -4.080894
 323.231055 -4.068832
 323.740080 -4.030305
 324.249106 -4.020851
 324.758131 -4.037462
 325.267156 -4.023271
 325.776181 -4.051844
 326.285207 -4.090583
 326.794232 -4.034716
 327.303257 -4.008506
 327.812283 -4.024293
 328.321308 -4.093028
 328.830333 -4.066537
 329.339358 -4.044718
 329.848384 -4.016829
 330.357409 -4.029279
 330.866434 -4.075238
 331.375460 -4.005709
 331.884485 -4.062046
 332.393510 -4.101840
 332.902535 -4.063673
 333.411561 -4.060751
 333.920586 -4.038973
 334.429611 -3.970418
 334.938637 -4.102828
 335.447662 -4.065571
 335.956687 -4.031947
 336.465712 -4.035215
 336.974738 -4.043598
 337.483763 -4.081895
 337.992788 -4.072013
 338.501814 -4.076395
 339.010839 -3.983122
 339.519864 -3.959075
 340.028889 -4.119196
 340.537915 -4.116058
 341.046940 -3.970713
 341.555965 -3.973474
 342.064991 -4.049976
 342.574016 -4.103973
 343.083041 -4.061370
 343.592066 -4.026212
 344.101092 -4.055564
 344.610117 -4.011428
 345.119142 -4.065790
 345.628168 -4.045898
 346.137193 -4.008826
 346.646218 -4.089256
 347.155243 -4.042774
 347.664269 -4.048113
 348.173294 -4.091192
 348.682319 -4.108904
 349.191345 -4.086051
 349.700370 -3.978609
 350.209395 -4.001187
 350.718420 -4.056686
 351.227446 -4.111736
 351.736471 -4.062190
 352.245496 -3.998021
 352.754522 -4.037178
 353.263547 -4.081941
 353.772572 -4.059523
 354.281597 -4.055334
 354.790623 -4.037578
 355.299648 -3.989829
 355.808673 -4.077448
 356.317698 -4.121088
 356.826724 -4.029132
 357.335749 -4.015461
 357.844774 -4.060133
 358.353800 -4.089128
 358.862825 -4.048926
 359.371850 -4.073011
 359.880875 -4.061195
 360.389901 -4.044800
 360.898926 -4.040715
 361.407951 -4.078326
 361.916977 -4.057971
 362.426002 -3.987328
 362.935027 -3.995318
 363.444052 -4.074746
 363.953078 -4.083166
 364.462103 -4.076189
 364.971128 -4.014917
 365.480154 -4.038578
 365.989179 -4.063807
 366.498204 -4.083132
 367.007229 -4.068591
 367.516255 -4.060407
 368.025280 -4.022487
 368.534305 -4.044090
 369.043331 -4.062886
 369.552356 -4.109565
 370.061381 -4.105890
 370.570406 -4.064778
 371.079432 -4.069090
 371.588457 -3.994012
 372.097482 -4.034789
 372.606508 -4.069318
 373.115533 -4.070323
 373.624558 -3.995457
 374.133583 -4.026659
 374.642609 -4.079504
 375.151634 -4.069318
 375.660659 -4.036083
 376.169685 -4.074615
 376.678710 -4.080841
 377.187735 -4.065635
 377.696760 -3.991221
 378.205786 -4.008351
 378.714811 -4.096331
 379.223836 -4.108696
 379.732862 -4.042463
 380.241887 -3.987742
 380.750912 -4.086317
 381.259937 -4.068738
 381.768963 -4.116230
 382.277988 -4.072796
 382.787013 -3.998894
 383.296039 -4.069212
 383.805064 -4.101281
 384.314089 -4.052394
 384.823114 -3.988638
 385.332140 -4.023393
 385.841165 -4.082392
 386.350190 -4.088043
 386.859216 -4.069607
 387.368241 -4.034824
 387.877266 -4.089559
 388.386291 -4.081147
 388.895317 -4.071557
 389.404342 -3.994870
 389.913367 -4.061482
 390.422392 -4.053227
 390.931418 -4.029955
 391.440443 -4.061800
 391.949468 -3.979390
 392.458494 -4.023305
 392.967519 -4.048183
 393.476544 -4.071385
 393.985569 -4.027113
 394.494595 -4.074503
 395.003620 -4.007435
 395.512645 -4.029722
 396.021671 -4.055235
 396.530696 -4.078370
 397.039721 -4.033294
 397.548746 -4.038852
 398.057772 -4.040595
 398.566797 -4.059878
 399.075822 -4.077442
 399.584848 -4.093021
 400.093873 -4.070708
 400.602898 -4.010813
 401.111923 -4.014482
 401.620949 -4.108092
 402.129974 -4.100427
 402.638999 -4.044354
 403.148025 -4.029603
 403.657050 -4.029765
 404.166075 -4.005355
 404.675100 -4.024285
 405.184126 -4.059256
 405.693151 -4.017686
 406.202176 -4.044298
 406.711202 -4.096095
 407.220227 -4.064861
 407.729252 -4.003770
 408.238277 -4.052049
 408.747303 -4.055035
 409.256328 -4.005017
 409.765353 -3.999588
 410.274379 -4.063841
 410.783404 -4.110467
 411.292429 -4.001041
 411.801454 -4.016428
 412.310480 -4.069044
 412.819505 -4.097535
 413.328530 -4.050628
 413.837556 -3.991652
 414.346581 -4.049549
 414.855606 -4.088632
 415.364631 -4.086824
 415.873657 -4.089019
 416.382682 -4.032426
 416.891707 -3.971435
 417.400733 -4.108183
 417.909758 -4.142471
 418.418783 -4.026755
 418.927808 -4.009413
 419.436834 -4.039840
 419.945859 -4.063009
 420.454884 -4.068193
 420.963910 -4.038352
 421.472935 -3.988972
 421.981960 -4.062886
 422.490985 -4.030492
 423.000011 -3.991349
 423.509036 -4.074229
 424.018061 -4.100438
 424.527086 -4.020182
 425.036112 -4.040627
 425.545137 -4.124090
 426.054162 -4.047820
 426.563188 -4.025984
 427.072213 -4.057850
 427.581238 -4.107397
 428.090263 -4.041674
 428.599289 -4.048552
 429.108314 -4.010169
 429.617339 -4.050691
 430.126365 -4.052595
 430.635390 -4.058798
 431.144415 -4.016384
 431.653440 -4.069647
 432.162466 -4.114283
 432.671491 -4.034718
 433.180516 -4.018617
 433.689542 -4.100934
 434.198567 -4.104274
 434.707592 -4.027786
 435.216617 -3.987020
 435.725643 -4.001967
 436.234668 -4.114395
 436.743693 -4.121976
 437.252719 -4.036957
 437.761744 -3.988236
 438.270769 -4.061547
 438.779794 -4.143894
 439.288820 -4.067080
 439.797845 -3.991351
 440.306870 -4.048382
 440.815896 -4.090778
 441.324921 -4.073760
 441.833946 -4.062587
 442.342971 -4.042996
 442.851997 -4.025047
 443.361022 -4.064558
 443.870047 -4.101104
 444.379073 -4.057288
 444.888098 -3.996386
 445.397123 -4.046626
 445.906148 -4.074112
 446.415174 -4.019054
 446.924199 -3.979993
 447.433224 -4.068250
 447.942250 -4.112934
 448.451275 -4.075071
 448.960300 -4.060192
 449.469325 -4.068048
 449.978351 -3.982190
 450.487376 -4.008478
 450.996401 -4.097715
 451.505427 -4.110515
 452.014452 -4.038367
 452.523477 -3.968529
 453.032502 -4.032305
 453.541528 -4.099447
 454.050553 -4.112728
 454.559578 -4.003886
 455.068604 -4.012826
 455.577629 -4.058726
 456.086654 -4.039646
 456.595679 -4.027267
 457.104705 -4.047460
 457.613730 -4.079192
 458.122755 -4.075353
 458.631780 -4.026941
 459.140806 -3.969281
 459.649831 -4.040602
 460.158856 -4.087660
 460.667882 -4.034247
 461.176907 -3.988095
 461.685932 -4.070405
 462.194957 -4.080948
 462.703983 -4.020137
 463.213008 -4.073567
 463.722033 -4.073422
 464.231059 -4.040609
 464.740084 -4.038617
 465.249109 -4.059780
 465.758134 -4.043668
 466.267160 -4.080401
 466.776185 -4.015947
 467.285210 -3.987800
 467.794236 -4.041946
 468.303261 -4.070443
 468.812286 -4.060298
 469.321311 -4.021752
 469.830337 -4.072744
 470.339362 -4.024083
 470.848387 -4.056688
 471.357413 -4.073242
 471.866438 -4.047970
 472.375463 -4.060325
 472.884488 -4.031970
 473.393514 -4.069207
 473.902539 -4.128582
 474.411564 -4.064609
 474.920590 -4.036164
 475.429615 -3.994596
 475.938640 -4.001071
 476.447665 -4.024277
 476.956691 -4.047419
 477.465716 -4.089604
 477.974741 -4.033502
 478.483767 -4.029814
 478.992792 -4.050501
 479.501817 -4.055564
 480.010842 -4.032819
 480.519868 -4.048614
 481.028893 -4.079922
 481.537918 -4.037309
 482.046944 -4.064455
 482.555969 -4.070562
 483.064994 -4.033721
 483.574019 -4.077021
 484.083045 -4.089856
 484.592070 -3.999615
 485.101095 -3.974078
 485.610121 -4.083958
 486.119146 -4.062228
 486.628171 -3.993887
 487.137196 -4.002495
 487.646222 -4.088815
 488.155247 -4.114882
 488.664272 -4.072418
 489.173297 -3.956544
 489.682323 -4.057669
 490.191348 -4.116664
 490.700373 -4.042699
 491.209399 -4.060142
 491.718424 -4.118449
 492.227449 -4.071061
 492.736474 -4.007252
 493.245500 -4.020590
 493.754525 -4.065506
 494.263550 -4.015865
 494.772576 -4.012360
 495.281601 -4.073865
 495.790626 -4.118489
 496.299651 -4.034177
 496.808677 -3.973304
 497.317702 -4.020761
 497.826727 -4.117228
 498.335753 -4.088840
 498.844778 -4.008804
 499.353803 -4.018439
 499.862828 -4.066124
 500.371854 -4.047171
 500.880879 -4.074279
 501.389904 -4.042868
 501.898930 -4.044760
 502.407955 -4.095121
 502.916980 -4.045653
 503.426005 -4.034383
 503.935031 -4.073754
 504.444056 -4.038675
 504.953081 -4.007589
 505.462107 -4.057660
 505.971132 -4.099158
 506.480157 -4.091237
 506.989182 -4.023387
 507.498208 -4.062860
 508.007233 -4.073011
 508.516258 -4.101735
 509.025284 -4.063812
 509.534309 -4.031441
 510.043334 -3.998132
 510.552359 -4.067379
 511.061385 -4.082379
 511.570410 -4.050983
 512.079435 -4.011469
 512.588461 -4.076449
 513.097486 -4.149637
 513.606511 -4.061558
 514.115536 -4.007588
 514.624562 -4.052445
 515.133587 -4.042325
 515.642612 -4.020144
 516.151638 -4.031652
 516.660663 -4.060552
 517.169688 -4.134818
 517.678713 -4.066031
 518.187739 -3.957098
 518.696764 -4.020158
 519.205789 -4.009443
 519.714815 -3.985755
 520.223840 -4.063650
 520.732865 -4.044456
 521.241890 -3.998619
 521.750916 -4.005575
 522.259941 -4.046394
 522.768966 -4.059158
 523.277991 -4.057166
 523.787017 -4.064343
 524.296042 -4.035554
 524.805067 -4.013786
 525.314093 -4.026564
 525.823118 -4.017969
 526.332143 -4.120467
 526.841168 -4.091334
 527.350194 -4.056949
 527.859219 -3.995634
 528.368244 -4.053029
 528.877270 -4.101032
 529.386295 -4.092137
 529.895320 -4.046117
 530.404345 -3.949737
 530.913371 -3.983754
 531.422396 -4.044345
 531.931421 -4.093465
 532.440447 -4.106667
 532.949472 -4.041406
 533.458497 -3.987148
 533.967522 -4.011228
 534.476548 -4.053774
 534.985573 -4.064981
 535.494598 -4.111597
 536.003624 -4.023775
 536.512649 -3.951230
 537.021674 -4.021545
 537.530699 -4.045575
 538.039725 -4.039045
 538.548750 -3.951762
 539.057775 -4.027521
 539.566801 -4.076209
 540.075826 -4.028060
 540.584851 -4.005295
 541.093876 -4.059278
 541.602902 -4.125861
 542.111927 -4.138843
 542.620952 -4.056335
 543.129978 -4.061879
 543.639003 -3.978623
 544.148028 -4.056223
 544.657053 -4.141600
 545.166079 -4.131728
 545.675104 -4.028978
 546.184129 -3.964525
 546.693155 -4.028536
 547.202180 -4.073993
 547.711205 -4.093019
 548.220230 -4.086415
 548.729256 -4.021112
 549.238281 -4.011836
 549.747306 -4.091412
 550.256332 -4.078529
 550.765357 -4.062169
 551.274382 -4.007372
 551.783407 -4.042867
 552.292433 -4.079029
 552.801458 -4.040689
 553.310483 -4.034066
 553.819509 -4.014706
 554.328534 -4.056388
 554.837559 -4.081489
 555.346584 -4.069301
 555.855610 -4.003741
 556.364635 -4.011078
 556.873660 -4.087334
 557.382685 -4.069154
 557.891711 -4.069094
 558.400736 -4.038595
 558.909761 -4.083379
 559.418787 -4.049881
 559.927812 -4.004982
 560.436837 -4.065728
 560.945862 -4.078949
 561.454888 -4.024655
 561.963913 -4.043344
 562.472938 -4.053851
 562.981964 -4.045865
 563.490989 -4.011131
 564.000014 -4.109503
 564.509039 -4.086471
 565.018065 -4.028644
 565.527090 -4.017026
 566.036115 -4.083415
 566.545141 -4.082669
 567.054166 -4.035375
 567.563191 -3.977810
 568.072216 -4.032082
 568.581242 -4.101342
 569.090267 -4.030302
 569.599292 -3.961345
 570.108318 -4.093072
 570.617343 -4.130700
 571.126368 -4.059924
 571.635393 -3.988037
 572.144419 -4.016340
 572.653444 -4.106722
 573.162469 -4.061024
 573.671495 -4.012422
 574.180520 -4.056108
 574.689545 -4.053478
 575.198570 -4.053173
 575.707596 -4.066459
 576.216621 -4.006837
 576.725646 -4.046001
 577.234672 -4.037210
 577.743697 -4.027369
 578.252722 -4.074093
 578.761747 -4.043349
 579.270773 -4.026877
 579.779798 -4.036287
 580.288823 -4.073288
 580.797849 -4.128976
 581.306874 -4.106786
 581.815899 -3.996461
 582.324924 -4.020048
 582.833950 -4.037910
 583.342975 -4.081901
 583.852000 -4.101716
 584.361026 -4.051853
 584.870051 -4.023339
 585.379076 -4.020437
 585.888101 -4.029853
 586.397127 -4.052081
 586.906152 -4.094933
 587.415177 -4.064605
 587.924203 -4.007822
 588.433228 -4.072323
 588.942253 -4.081105
 589.451278 -4.001224
 589.960304 -3.981526
 590.469329 -4.078165
 590.978354 -4.059045
 591.487379 -4.039161
 591.996405 -4.029064
 592.505430 -4.049248
 593.014455 -4.038212
 593.523481 -4.027534
 594.032506 -4.025556
 594.541531 -4.045817
 595.050556 -4.066839
 595.559582 -4.054651
 596.068607 -4.056667
 596.577632 -4.069761
 597.086658 -4.004668
 597.595683 -4.068308
 598.104708 -4.071423
 598.613733 -4.001449
 599.122759 -4.067275
 599.631784 -4.096099
 600.140809 -4.041200
 600.649835 -4.035804
 601.158860 -4.021664
 601.667885 -4.034835
 602.176910 -4.037458
 602.685936 -4.030326
 603.194961 -4.058326
 603.703986 -4.088663
 604.213012 -4.046254
 604.722037 -4.010768
 605.231062 -3.959594
 605.740087 -4.038365
 606.249113 -4.078860
 606.758138 -4.092876
 607.267163 -3.983382
 607.776189 -4.000141
 608.285214 -4.130074
 608.794239 -4.135016
 609.303264 -4.037410
 609.812290 -3.986482
 610.321315 -3.993907
 610.830340 -4.009569
 611.339366 -4.063278
 611.848391 -4.034890
 612.357416 -4.052846
 612.866441 -4.026661
 613.375467 -4.024726
 613.884492 -4.026885
 614.393517 -4.014306
 614.902543 -4.037751
 615.411568 -4.105782
 615.920593 -4.084407
 616.429618 -4.019567
 616.938644 -4.016302
 617.447669 -4.038685
 617.956694 -4.090993
 618.465720 -4.048849
 618.974745 -4.052442
 619.483770 -4.080394
 619.992795 -4.019178
 620.501821 -3.951700
 621.010846 -4.083836
 621.519871 -4.109051
 622.028897 -4.002852
 622.537922 -4.067220
 623.046947 -4.035998
 623.555972 -4.014606
 624.064998 -4.034645
 624.574023 -4.094757
 625.083048 -4.091463
 625.592073 -4.042798
 626.101099 -3.985992
 626.610124 -4.039640
 627.119149 -4.080174
 627.628175 -4.071166
 628.137200 -4.055607
 628.646225 -3.998728
 629.155250 -4.044785
 629.664276 -4.049185
 630.173301 -4.063509
 630.682326 -4.048755
 631.191352 -4.000087
 631.700377 -4.019558
 632.209402 -4.081832
 632.718427 -4.084544
 633.227453 -4.031414
 633.736478 -3.998327
 634.245503 -4.063114
 634.754529 -4.110688
 635.263554 -4.059647
 635.772579 -4.079630
 636.281604 -4.085637
 636.790630 -4.070147
 637.299655 -3.981293
 637.808680 -4.050275
 638.317706 -4.106605
 638.826731 -4.074976
 639.335756 -4.050389
 639.844781 -4.060644
 640.353807 -4.068803
 640.862832 -4.035671
 641.371857 -4.056662
 641.880883 -4.051349
 642.389908 -4.086555
 642.898933 -4.071016
 643.407958 -4.074286
 643.916984 -4.053752
 644.426009 -4.036320
 644.935034 -3.968449
 645.444060 -4.072035
 645.953085 -4.125991
 646.462110 -4.093153
 646.971135 -4.021686
 647.480161 -4.017444
 647.989186 -3.945607
 648.498211 -4.027753
 649.007237 -4.152929
 649.516262 -4.114635
 650.025287 -4.024669
 650.534312 -3.966005
 651.043338 -3.986599
 651.552363 -4.112952
 652.061388 -4.103115
 652.570414 -4.021022
 653.079439 -3.997069
 653.588464 -4.072315
 654.097489 -4.081364
 654.606515 -4.054837
 655.115540 -4.080041
 655.624565 -4.037858
 656.133591 -3.989537
 656.642616 -4.018004
 657.151641 -4.071899
 657.660666 -4.034869
 658.169692 -4.059044
 658.678717 -4.091980
 659.187742 -4.042436
 659.696767 -4.030688
 660.205793 -4.058945
 660.714818 -4.053820
 661.223843 -4.002619
 661.732869 -4.079618
 662.241894 -4.074066
 662.750919 -4.038592
 663.259944 -3.973349
 663.768970 -4.030034
 664.277995 -4.161960
 664.787020 -4.059913
 665.296046 -3.931881
 665.805071 -4.030062
 666.314096 -4.106182
 666.823121 -4.106319
 667.332147 -3.987933
 667.841172 -4.011272
 668.350197 -4.068321
 668.859223 -4.056093
 669.368248 -3.999844
 669.877273 -3.990019
 670.386298 -4.048380
 670.895324 -4.071837
 671.404349 -4.070900
 671.913374 -4.006465
 672.422400 -4.051818
 672.931425 -4.030709
 673.440450 -4.059827
 673.949475 -4.105997
 674.458501 -4.079742
 674.967526 -4.096899
 675.476551 -4.057212
 675.985577 -4.001510
 676.494602 -4.016990
 677.003627 -4.123525
 677.512652 -4.086996
 678.021678 -4.046706
 678.530703 -4.034260
 679.039728 -4.091267
 679.548754 -4.047751
 680.057779 -4.037416
 680.566804 -4.052355
 681.075829 -4.043943
 681.584855 -4.060228
 682.093880 -4.061701
 682.602905 -3.994309
 683.111931 -4.047731
 683.620956 -4.086892
 684.129981 -4.046180
 684.639006 -4.011443
 685.148032 -4.062232
 685.657057 -4.129198
 686.166082 -4.039366
 686.675108 -4.014568
 687.184133 -4.092532
 687.693158 -4.091865
 688.202183 -4.029529
 688.711209 -4.062575
 689.220234 -4.045807
 689.729259 -4.025934
 690.238285 -3.955678
 690.747310 -4.013061
 691.256335 -4.096021
 691.765360 -4.114864
 692.274386 -3.991933
 692.783411 -4.000216
 693.292436 -4.093861
 693.801461 -4.025656
 694.310487 -4.073907
 694.819512 -4.089397
 695.328537 -4.033494
 695.837563 -4.006354
 696.346588 -4.077187
 696.855613 -4.086911
 697.364638 -4.085453
 697.873664 -4.105439
 698.382689 -4.004029
 698.891714 -3.936607
 699.400740 -4.049257
 699.909765 -4.079446
 700.418790 -4.003677
 700.927815 -4.022889
 701.436841 -4.040707
 701.945866 -4.031633
 702.454891 -4.073313
 702.963917 -4.076981
 703.472942 -4.048873
 703.981967 -3.985514
 704.490992 -4.010297
 705.000018 -4.089793
 705.509043 -4.152415
 706.018068 -4.042026
 706.527094 -3.994340
 707.036119 -4.056085
 707.545144 -4.042651
 708.054169 -3.977275
 708.563195 -4.014381
 709.072220 -4.077618
 709.581245 -4.085664
 710.090271 -4.002497
 710.599296 -4.046405
 711.108321 -4.092627
 711.617346 -4.013190
 712.126372 -4.031267
 712.635397 -4.069516
 713.144422 -4.095861
 713.653448 -4.051694
 714.162473 -4.034531
 714.671498 -4.104314
 715.180523 -3.991528
 715.689549 -4.004223
 716.198574 -4.066768
 716.707599 -4.110121
 717.216625 -4.020589
 717.725650 -4.005687
 718.234675 -4.012911
 718.743700 -4.077257
 719.252726 -4.081848
 719.761751 -4.023989
 720.270776 -4.040466
 720.779802 -4.069892
 721.288827 -4.070937
 721.797852 -4.005804
 722.306877 -4.019963
 722.815903 -4.094494
 723.324928 -4.087191
 723.833953 -4.015351
 724.342979 -3.992643
 724.852004 -4.025326
 725.361029 -4.076224
 725.870054 -4.097866
 726.379080 -4.043394
 726.888105 -4.055001
 727.397130 -4.025313
 727.906155 -4.027948
 728.415181 -4.047035
 728.924206 -4.047262
 729.433231 -3.986550
 729.942257 -4.082819
 730.451282 -4.096870
 730.960307 -4.064980
 731.469332 -4.087311
 731.978358 -4.045052
 732.487383 -4.005582
 732.996408 -4.042554
 733.505434 -4.044007
 734.014459 -4.080817
 734.523484 -4.037964
 735.032509 -4.046018
 735.541535 -4.094906
 736.050560 -4.057415
 736.559585 -4.032183
 737.068611 -4.004710
 737.577636 -4.101408
 738.086661 -4.099355
 738.595686 -4.009244
 739.104712 -3.986231
 739.613737 -4.007908
 740.122762 -4.119771
 740.631788 -4.087308
 741.140813 -4.033919
 741.649838 -4.023402
 742.158863 -4.057347
 742.667889 -4.086484
 743.176914 -4.074639
 743.685939 -4.014570
 744.194965 -4.008875
 744.703990 -4.020956
 745.213015 -4.070256
 745.722040 -4.097323
 746.231066 -4.028166
 746.740091 -4.031085
 747.249116 -4.071699
 747.758142 -4.106650
 748.267167 -4.116384
 748.776192 -4.043159
 749.285217 -4.025715
 749.794243 -4.042123
 750.303268 -4.044293
 750.812293 -4.104959
 751.321319 -4.063541
 751.830344 -4.034981
 752.339369 -3.981699
 752.848394 -4.070171
 753.357420 -4.074227
 753.866445 -4.023496
 754.375470 -4.035461
 754.884496 -3.993011
 755.393521 -4.067482
 755.902546 -4.080600
 756.411571 -4.033443
 756.920597 -4.069917
 757.429622 -4.081916
 757.938647 -3.997002
 758.447673 -4.040473
 758.956698 -4.084776
 759.465723 -4.104015
 759.974748 -4.025656
 760.483774 -3.991945
 760.992799 -4.016482
 761.501824 -4.155121
 762.010849 -4.073454
 762.519875 -3.970201
 763.028900 -3.987468
 763.537925 -4.100766
 764.046951 -4.112424
 764.555976 -4.029875
 765.065001 -4.019923
 765.574026 -4.044058
 766.083052 -4.081343
 766.592077 -4.106125
 767.101102 -4.017864
 767.610128 -4.010484
 768.119153 -4.138084
 768.628178 -4.074129
 769.137203 -4.085542
 769.646229 -4.063193
 770.155254 -4.040905
 770.664279 -4.057546
 771.173305 -4.018467
 771.682330 -4.069033
 772.191355 -4.086918
 772.700380 -4.036221
 773.209406 -4.041455
 773.718431 -4.100363
 774.227456 -4.021243
 774.736482 -3.996621
 775.245507 -4.103415
 775.754532 -4.090838
 776.263557 -4.002332
 776.772583 -3.994086
 777.281608 -3.994149
 777.790633 -4.040481
 778.299659 -4.065529
 778.808684 -4.012364
 779.317709 -4.008889
 779.826734 -4.005810
 780.335760 -4.054278
 780.844785 -4.138596
 781.353810 -4.032829
 781.862836 -4.010581
 782.371861 -4.028281
 782.880886 -4.061841
 783.389911 -4.103071
 783.898937 -4.099101
 784.407962 -4.013947
 784.916987 -4.051745
 785.426013 -4.058440
 785.935038 -4.014095
 786.444063 -4.010251
 786.953088 -4.047068
 787.462114 -4.084487
 787.971139 -4.048497
 788.480164 -4.033987
 788.989190 -4.017706
 789.498215 -4.027838
 790.007240 -4.067614
 790.516265 -4.081586
 791.025291 -4.025809
 791.534316 -3.974938
 792.043341 -4.032739
 792.552366 -4.110008
 793.061392 -4.049366
 793.570417 -4.032379
 794.079442 -4.084944
 794.588468 -4.100901
 795.097493 -4.059387
 795.606518 -4.000954
 796.115543 -4.001793
 796.624569 -4.117247
 797.133594 -4.070304
 797.642619 -3.987958
 798.151645 -4.045987
 798.660670 -4.073060
 799.169695 -4.041034
 799.678720 -4.029815
 800.187746 -4.012262
 800.696771 -4.037277
 801.205796 -4.053600
 801.714822 -4.057760
 802.223847 -4.064119
 802.732872 -4.096896
 803.241897 -4.019723
 803.750923 -3.991764
 804.259948 -4.026857
 804.768973 -4.060596
 805.277999 -4.021244
 805.787024 -4.011770
 806.296049 -4.020797
 806.805074 -4.127440
 807.314100 -4.110260
 807.823125 -3.977468
 808.332150 -3.966827
 808.841176 -4.056001
 809.350201 -4.134582
 809.859226 -4.040620
 810.368251 -3.976087
 810.877277 -4.060483
 811.386302 -4.106676
 811.895327 -4.096652
 812.404353 -4.027536
 812.913378 -4.015772
 813.422403 -4.074902
 813.931428 -4.073294
 814.440454 -4.075407
 814.949479 -4.052367
 815.458504 -4.020885
 815.967530 -4.129144
 816.476555 -4.112269
 816.985580 -3.997347
 817.494605 -3.979244
 818.003631 -4.083205
 818.512656 -4.102506
 819.021681 -4.046893
 819.530707 -4.008940
 820.039732 -4.073686
 820.548757 -4.108436
 821.057782 -4.024100
 821.566808 -4.037899
 822.075833 -4.086190
 822.584858 -4.051838
 823.093884 -3.967977
 823.602909 -4.058071
 824.111934 -4.108022
 824.620959 -4.088276
 825.129985 -4.003164
 825.639010 -4.038647
 826.148035 -4.091138
 826.657060 -4.036622
 827.166086 -4.035265
 827.675111 -4.098660
 828.184136 -4.078949
 828.693162 -4.033516
 829.202187 -4.018687
 829.711212 -4.037332
 830.220237 -4.039912
 830.729263 -4.072469
 831.238288 -4.055583
 831.747313 -4.012072
 832.256339 -4.038949
 832.765364 -4.016962
 833.274389 -4.048267
 833.783414 -4.055189
 834.292440 -4.018096
 834.801465 -4.040261
 835.310490 -4.057907
 835.819516 -3.997619
 836.328541 -4.104620
 836.837566 -4.119098
 837.346591 -3.999099
 837.855617 -3.993761
 838.364642 -4.051610
 838.873667 -4.083622
 839.382693 -4.068562
 839.891718 -4.089232
 840.400743 -4.004646
 840.909768 -3.981504
 841.418794 -4.065604
 841.927819 -4.088555
 842.436844 -4.066428
 842.945870 -4.022568
 843.454895 -3.939710
 843.963920 -4.008506
 844.472945 -4.074910
 844.981971 -4.141250
 845.490996 -4.063850
 846.000021 -4.023039
 846.509047 -4.026236
 847.018072 -4.078400
 847.527097 -4.128179
 848.036122 -4.038366
 848.545148 -3.979536
 849.054173 -4.053656
 849.563198 -4.116457
 850.072224 -4.061506
 850.581249 -3.986706
 851.090274 -4.003318
 851.599299 -4.085858
 852.108325 -4.092763
 852.617350 -4.071931
 853.126375 -3.978911
 853.635401 -4.047716
 854.144426 -4.105167
 854.653451 -4.097341
 855.162476 -4.024293
 855.671502 -3.959629
 856.180527 -4.034577
 856.689552 -4.091035
 857.198578 -4.017044
 857.707603 -3.954919
 858.216628 -4.060709
 858.725653 -4.099169
 859.234679 -4.021639
 859.743704 -4.003393
 860.252729 -4.034007
 860.761754 -4.085765
 861.270780 -4.076955
 861.779805 -4.041984
 862.288830 -3.960487
 862.797856 -4.039189
 863.306881 -4.087561
 863.815906 -4.054536
 864.324931 -4.031189
 864.833957 -4.027395
 865.342982 -4.064250
 865.852007 -4.022409
 866.361033 -4.020235
 866.870058 -4.043360
 867.379083 -4.091572
 867.888108 -4.056717
 868.397134 -4.049230
 868.906159 -4.071299
 869.415184 -4.026096
 869.924210 -4.022962
 870.433235 -4.019437
 870.942260 -4.070397
 871.451285 -4.095290
 871.960311 -4.069296
 872.469336 -4.015523
 872.978361 -4.030113
 873.487387 -4.092035
 873.996412 -4.012681
 874.505437 -3.994578
 875.014462 -4.088594
 875.523488 -4.066440
 876.032513 -4.000252
 876.541538 -3.982200
 877.050564 -4.058497
 877.559589 -4.120502
 878.068614 -4.056688
 878.577639 -4.000813
 879.086665 -4.029129
 879.595690 -4.095438
 880.104715 -4.095371
 880.613741 -4.043592
 881.122766 -4.007011
 881.631791 -4.051094
 882.140816 -4.038115
 882.649842 -4.070343
 883.158867 -4.024832
 883.667892 -4.048071
 884.176918 -4.048037
 884.685943 -4.063138
 885.194968 -4.048245
 885.703993 -4.074453
 886.213019 -4.105615
 886.722044 -3.991833
 887.231069 -4.012067
 887.740095 -4.108561
 888.249120 -4.107973
 888.758145 -4.038969
 889.267170 -3.959791
 889.776196 -4.079867
 890.285221 -4.054833
 890.794246 -4.016641
 891.303272 -3.997676
 891.812297 -4.092037
 892.321322 -4.045389
 892.830347 -4.008930
 893.339373 -4.053522
 893.848398 -4.080633
 894.357423 -4.041776
 894.866448 -3.971108
 895.375474 -4.061292
 895.884499 -4.080743
 896.393524 -4.085681
 896.902550 -4.058207
 897.411575 -4.051161
 897.920600 -4.035012
 898.429625 -4.050786
 898.938651 -4.080077
 899.447676 -4.054410
 899.956701 -4.015715
 900.465727 -3.980523
 900.974752 -4.006600
 901.483777 -4.134333
 901.992802 -4.124743
 902.501828 -4.031111
 903.010853 -4.024787
 903.519878 -4.077899
 904.028904 -4.097057
 904.537929 -3.982281
 905.046954 -3.964885
 905.555979 -4.037009
 906.065005 -4.107056
 906.574030 -4.081811
 907.083055 -3.955568
 907.592081 -4.043998
 908.101106 -4.087528
 908.610131 -4.065569
 909.119156 -3.986673
 909.628182 -4.053381
 910.137207 -4.112911
 910.646232 -4.019766
 911.155258 -3.987192
 911.664283 -4.065530
 912.173308 -4.147763
 912.682333 -4.021446
 913.191359 -3.997044
 913.700384 -4.052545
 914.209409 -4.078916
 914.718435 -4.053820
 915.227460 -4.077022
 915.736485 -4.080457
 916.245510 -4.022830
 916.754536 -3.983660
 917.263561 -4.039426
 917.772586 -4.089965
 918.281612 -4.054876
 918.790637 -3.944903
 919.299662 -4.057086
 919.808687 -4.140296
 920.317713 -4.094416
 920.826738 -4.006055
 921.335763 -3.993880
 921.844789 -4.084589
 922.353814 -4.109542
 922.862839 -3.997346
 923.371864 -3.961277
 923.880890 -4.080108
 924.389915 -4.063984
 924.898940 -4.075728
 925.407966 -4.027248
 925.916991 -4.002298
 926.426016 -4.042166
 926.935041 -4.057627
 927.444067 -4.088452
 927.953092 -4.084654
 928.462117 -4.003725
 928.971142 -4.073352
 929.480168 -4.085458
 929.989193 -4.050758
 930.498218 -4.027310
 931.007244 -4.064861
 931.516269 -4.083253
 932.025294 -4.098413
 932.534319 -3.966944
 933.043345 -4.000163
 933.552370 -4.069864
 934.061395 -4.143188
 934.570421 -4.006154
 935.079446 -3.943058
 935.588471 -4.110452
 936.097496 -4.140168
 936.606522 -4.044727
 937.115547 -4.017014
 937.624572 -4.056604
 938.133598 -4.076392
 938.642623 -4.050088
 939.151648 -4.074564
 939.660673 -4.071382
 940.169699 -3.996206
 940.678724 -3.998065
 941.187749 -4.050475
 941.696775 -4.091559
 942.205800 -4.024318
 942.714825 -4.036367
 943.223850 -4.062280
 943.732876 -4.088512
 944.241901 -4.028719
 944.750926 -4.006036
 945.259952 -4.077990
 945.768977 -4.112287
 946.278002 -4.034410
 946.787027 -4.062428
 947.296053 -4.048722
 947.805078 -4.095030
 948.314103 -4.061088
 948.823129 -4.080444
 949.332154 -4.047583
 949.841179 -3.987815
 950.350204 -4.014313
 950.859230 -4.023491
 951.368255 -4.078589
 951.877280 -4.085705
 952.386306 -4.063678
 952.895331 -3.971109
 953.404356 -3.999930
 953.913381 -4.085698
 954.422407 -4.123149
 954.931432 -4.055588
 955.440457 -4.012194
 955.949483 -4.083438
 956.458508 -4.108043
 956.967533 -4.066469
 957.476558 -4.017421
 957.985584 -4.010268
 958.494609 -4.000861
 959.003634 -4.012118
 959.512660 -4.044974
 960.021685 -4.089798
 960.530710 -4.098879
 961.039735 -4.033867
 961.548761 -3.996702
 962.057786 -4.018799
 962.566811 -4.084793
 963.075836 -4.041581
 963.584862 -3.994504
 964.093887 -4.037240
 964.602912 -4.098354
 965.111938 -4.114954
 965.620963 -3.972590
 966.129988 -4.039042
 966.639013 -4.141545
 967.148039 -4.104622
 967.657064 -4.022899
 968.166089 -3.974659
 968.675115 -4.055088
 969.184140 -4.095850
 969.693165 -4.063711
 970.202190 -4.092141
 970.711216 -4.036228
 971.220241 -3.982340
 971.729266 -4.007245
 972.238292 -4.100701
 972.747317 -4.115939
 973.256342 -4.022369
 973.765367 -4.022675
 974.274393 -4.065718
 974.783418 -4.121671
 975.292443 -4.043514
 975.801469 -3.993538
 976.310494 -3.996674
 976.819519 -4.088243
 977.328544 -4.063866
 977.837570 -4.023170
 978.346595 -3.993121
 978.855620 -4.054127
 979.364646 -4.084654
 979.873671 -4.089796
 980.382696 -3.971454
 980.891721 -4.043923
 981.400747 -4.074201
 981.909772 -4.040758
 982.418797 -4.091350
 982.927823 -4.080312
 983.436848 -4.031709
 983.945873 -4.066132
 984.454898 -4.017303
 984.963924 -4.002714
 985.472949 -4.056575
 985.981974 -4.053284
 986.491000 -4.067749
 987.000025 -4.023991
 987.509050 -4.055053
 988.018075 -4.050314
 988.527101 -4.076568
 989.036126 -4.096636
 989.545151 -4.036192
 990.054177 -3.985938
 990.563202 -4.027187
 991.072227 -4.076589
 991.581252 -4.048743
 992.090278 -4.071549
 992.599303 -4.067018
 993.108328 -4.070657
 993.617354 -4.016785
 994.126379 -4.028243
 994.635404 -4.060113
 995.144429 -4.039170
 995.653455 -4.047790
 996.162480 -4.034815
 996.671505 -4.041858
 997.180530 -4.060124
 997.689556 -4.065916
 998.198581 -4.019702
 998.707606 -4.070678
 999.216632 -4.077485
 999.725657 -4.044088
 1000.234682 -4.047323
 1000.743707 -4.047445
 1001.252733 -4.067101
 1001.761758 -4.030960
 1002.270783 -4.009537
 1002.779809 -4.073698
 1003.288834 -4.099368
 1003.797859 -4.034958
 1004.306884 -3.964128
 1004.815910 -4.062226
 1005.324935 -4.081745
 1005.833960 -4.019251
 1006.342986 -4.006725
 1006.852011 -4.035968
 1007.361036 -4.063066
 1007.870061 -4.046185
 1008.379087 -4.048056
 1008.888112 -4.032185
 1009.397137 -4.017897
 1009.906163 -4.044710
 1010.415188 -4.062848
 1010.924213 -4.067474
 1011.433238 -4.044279
 1011.942264 -4.114986
 1012.451289 -4.084829
 1012.960314 -4.004825
 1013.469340 -4.018892
 1013.978365 -4.105998
 1014.487390 -4.056708
 1014.996415 -4.025546
 1015.505441 -4.034828
 1016.014466 -4.057492
 1016.523491 -4.036826
 1017.032517 -4.022841
 1017.541542 -4.059591
 1018.050567 -4.088505
