#! FIELDS time cv
 0.000000 -1.543298
 0.509025 -1.680145
 1.018051 -1.797650
 1.527076 -1.831538
 2.036101 -1.728652
 2.545126 -1.794002
 3.054152 -1.804604
 3.563177 -1.781000
 4.072202 -1.746567
 4.581228 -1.700005
 5.090253 -1.740056
 5.599278 -1.750333
 6.108303 -1.642285
 6.617329 -1.739045
 7.126354 -1.751538
 7.635379 -1.765617
 8.144405 -1.729055
 8.653430 -1.718272
 9.162455 -1.771348
 9.671480 -1.742573
 10.180506 -1.738013
 10.689531 -1.792445
 11.198556 -1.771848
 11.707582 -1.756819
 12.216607 -1.751051
 12.725632 -1.742567
 13.234657 -1.756507
 13.743683 -1.801038
 14.252708 -1.813497
 14.761733 -1.688395
 15.270759 -1.788291
 15.779784 -1.751213
 16.288809 -1.715851
 16.797834 -1.804984
 17.306860 -1.805066
 17.815885 -1.825987
 18.324910 -1.778203
 18.833935 -1.732950
 19.342961 -1.755671
 19.851986 -1.755038
 20.361011 -1.766091
 20.870037 -1.725417
 21.379062 -1.776506
 21.888087 -1.749780
 22.397112 -1.754989
 22.906138 -1.795879
 23.415163 -1.800906
 23.924188 -1.715885
 24.433214 -1.814409
 24.942239 -1.804249
 25.451264 -1.752686
 25.960289 -1.799215
 26.469315 -1.840662
 26.978340 -1.733573
 27.487365 -1.643148
 27.996391 -1.707255
 28.505416 -1.752831
 29.014441 -1.767230
 29.523466 -1.833659
 30.032492 -1.800477
 30.541517 -1.803409
 31.050542 -1.701522
 31.559568 -1.789368
 32.068593 -1.786853
 32.577618 -1.790412
 33.086643 -1.749320
 33.595669 -1.731632
 34.104694 -1.809779
 34.613719 -1.752114
 35.122745 -1.744156
 35.631770 -1.714455
 36.140795 -1.748300
 36.649820 -1.749907
 37.158846 -1.721974
 37.667871 -1.726925
 38.176896 -1.756044
 38.685922 -1.810373
 39.194947 -1.814969
 39.703972 -1.690962
 40.212997 -1.680244
 40.722023 -1.700024
 41.231048 -1.823127
 41.740073 -1.798110
 42.249099 -1.800424
 42.758124 -1.735702
 43.267149 -1.720659
 43.776174 -1.728334
 44.285200 -1.725885
 44.794225 -1.725847
 45.303250 -1.755600
 45.812276 -1.763654
 46.321301 -1.770858
 46.830326 -1.753335
 47.339351 -1.753970
 47.848377 -1.801325
 48.357402 -1.774749
 48.866427 -1.787237
 49.375453 -1.770192
 49.884478 -1.749933
 50.393503 -1.724961
 50.902528 -1.741916
 51.411554 -1.733850
 51.920579 -1.793420
 52.429604 -1.771000
 52.938629 -1.806392
 53.447655 -1.751706
 53.956680 -1.731273
 54.465705 -1.781950
 54.974731 -1.788912
 55.483756 -1.787816
 55.992781 -1.728311
 56.501806 -1.767321
 57.010832 -1.800820
 57.519857 -1.802588
 58.028882 -1.799300
 58.537908 -1.743331
 59.046933 -1.699988
 59.555958 -1.788666
 60.064983 -1.848668
 60.574009 -1.736148
 61.083034 -1.717315
 61.592059 -1.774710
 62.101085 -1.869029
 62.610110 -1.787809
 63.119135 -1.738222
 63.628160 -1.717664
 64.137186 -1.742773
 64.646211 -1.710828
 65.155236 -1.702090
 65.664262 -1.736285
 66.173287 -1.744220
 66.682312 -1.756689
 67.191337 -1.742081
 67.700363 -1.799727
 68.209388 -1.801551
 68.718413 -1.716709
 69.227439 -1.744270
 69.736464 -1.778878
 70.245489 -1.777029
 70.754514 -1.762903
 71.263540 -1.742686
 71.772565 -1.722320
 72.281590 -1.689424
 72.790616 -1.779955
 73.299641 -1.782828
 73.808666 -1.757158
 74.317691 -1.740514
 74.826717 -1.832413
 75.335742 -1.753715
 75.844767 -1.748910
 76.353793 -1.790185
 76.862818 -1.780457
 77.371843 -1.738623
 77.880868 -1.708065
 78.389894 -1.715698
 78.898919 -1.769519
 79.407944 -1.780384
 79.916970 -1.719838
 80.425995 -1.707033
 80.935020 -1.710159
 81.444045 -1.765153
 81.953071 -1.730227
 82.462096 -1.693487
 82.971121 -1.736852
 83.480147 -1.749081
 83.989172 -1.733264
 84.498197 -1.808730
 85.007222 -1.756032
 85.516248 -1.684852
 86.025273 -1.721234
 86.534298 -1.733589
 87.043323 -1.720646
 87.552349 -1.750343
 88.061374 -1.755588
 88.570399 -1.715930
 89.079425 -1.721055
 89.588450 -1.753087
 90.097475 -1.775226
 90.606500 -1.790613
 91.115526 -1.741284
 91.624551 -1.770651
 92.133576 -1.778244
 92.642602 -1.757938
 93.151627 -1.734967
 93.660652 -1.739693
 94.169677 -1.785753
 94.678703 -1.758291
 95.187728 -1.754775
 95.696753 -1.766876
 96.205779 -1.754329
 96.714804 -1.723294
 97.223829 -1.810437
 97.732854 -1.745027
 98.241880 -1.750623
 98.750905 -1.723129
 99.259930 -1.745076
 99.768956 -1.711469
 100.277981 -1.814613
 100.787006 -1.774208
 101.296031 -1.721175
 101.805057 -1.752829
 102.314082 -1.800450
 102.823107 -1.785970
 103.332133 -1.691792
 103.841158 -1.711230
 104.350183 -1.784146
 104.859208 -1.773373
 105.368234 -1.761352
 105.877259 -1.716878
 106.386284 -1.803486
 106.895310 -1.827446
 107.404335 -1.708267
 107.913360 -1.695562
 108.422385 -1.733801
 108.931411 -1.786384
 109.440436 -1.722684
 109.949461 -1.775068
 110.458487 -1.794262
 110.967512 -1.688542
 111.476537 -1.682091
 111.985562 -1.696720
 112.494588 -1.799420
 113.003613 -1.757495
 113.512638 -1.755455
 114.021664 -1.797900
 114.530689 -1.753664
 115.039714 -1.684810
 115.548739 -1.762705
 116.057765 -1.730617
 116.566790 -1.711162
 117.075815 -1.764106
 117.584841 -1.823569
 118.093866 -1.778773
 118.602891 -1.695559
 119.111916 -1.744721
 119.620942 -1.751449
 120.129967 -1.782941
 120.638992 -1.745268
 121.148017 -1.754925
 121.657043 -1.827123
 122.166068 -1.723501
 122.675093 -1.719541
 123.184119 -1.785042
 123.693144 -1.792524
 124.202169 -1.791080
 124.711194 -1.780331
 125.220220 -1.733055
 125.729245 -1.724998
 126.238270 -1.752751
 126.747296 -1.725917
 127.256321 -1.731423
 127.765346 -1.767961
 128.274371 -1.819428
 128.783397 -1.755756
 129.292422 -1.768871
 129.801447 -1.723727
 130.310473 -1.724195
 130.819498 -1.758040
 131.328523 -1.743995
 131.837548 -1.745271
 132.346574 -1.765338
 132.855599 -1.756077
 133.364624 -1.712956
 133.873650 -1.768853
 134.382675 -1.796120
 134.891700 -1.762621
 135.400725 -1.715477
 135.909751 -1.792145
 136.418776 -1.788034
 136.927801 -1.755020
 137.436827 -1.738193
 137.945852 -1.744147
 138.454877 -1.829874
 138.963902 -1.794342
 139.472928 -1.715210
 139.981953 -1.705897
 140.490978 -1.687491
 141.000004 -1.765835
 141.509029 -1.776375
 142.018054 -1.817846
 142.527079 -1.764296
 143.036105 -1.748096
 143.545130 -1.756438
 144.054155 -1.825534
 144.563181 -1.789047
 145.072206 -1.676918
 145.581231 -1.768697
 146.090256 -1.836145
 146.599282 -1.783579
 147.108307 -1.764048
 147.617332 -1.798589
 148.126358 -1.708541
 148.635383 -1.766703
 149.144408 -1.804518
 149.653433 -1.795559
 150.162459 -1.733001
 150.671484 -1.722844
 151.180509 -1.731913
 151.689535 -1.718592
 152.198560 -1.724268
 152.707585 -1.777486
 153.216610 -1.765443
 153.725636 -1.774359
 154.234661 -1.764210
 154.743686 -1.719452
 155.252711 -1.767080
 155.761737 -1.733893
 156.270762 -1.772760
 156.779787 -1.756065
 157.288813 -1.786120
 157.797838 -1.753615
 158.306863 -1.723187
 158.815888 -1.798603
 159.324914 -1.776627
 159.833939 -1.711001
 160.342964 -1.793350
 160.851990 -1.756535
 161.361015 -1.740014
 161.870040 -1.737914
 162.379065 -1.748493
 162.888091 -1.694484
 163.397116 -1.761223
 163.906141 -1.743038
 164.415167 -1.774330
 164.924192 -1.761892
 165.433217 -1.705083
 165.942242 -1.782237
 166.451268 -1.769811
 166.960293 -1.830248
 167.469318 -1.784641
 167.978344 -1.716804
 168.487369 -1.688503
 168.996394 -1.781501
 169.505419 -1.753317
 170.014445 -1.740818
 170.523470 -1.766714
 171.032495 -1.797611
 171.541521 -1.770510
 172.050546 -1.672604
 172.559571 -1.745124
 173.068596 -1.802383
 173.577622 -1.776887
 174.086647 -1.727888
 174.595672 -1.725958
 175.104698 -1.795984
 175.613723 -1.792771
 176.122748 -1.696680
 176.631773 -1.805263
 177.140799 -1.814475
 177.649824 -1.592008
 178.158849 -1.704829
 178.667875 -1.828059
 179.176900 -1.826658
 179.685925 -1.735258
 180.194950 -1.730819
 180.703976 -1.739837
 181.213001 -1.760797
 181.722026 -1.732052
 182.231052 -1.784409
 182.740077 -1.793736
 183.249102 -1.721671
 183.758127 -1.746673
 184.267153 -1.782192
 184.776178 -1.760667
 185.285203 -1.826209
 185.794228 -1.765764
 186.303254 -1.741511
 186.812279 -1.794842
 187.321304 -1.807872
 187.830330 -1.770232
 188.339355 -1.749231
 188.848380 -1.730383
 189.357405 -1.830388
 189.866431 -1.868562
 190.375456 -1.850232
 190.884481 -1.703222
 191.393507 -1.682994
 191.902532 -1.745419
 192.411557 -1.840387
 192.920582 -1.782136
 193.429608 -1.747112
 193.938633 -1.753544
 194.447658 -1.760843
 194.956684 -1.808828
 195.465709 -1.799572
 195.974734 -1.776254
 196.483759 -1.778679
 196.992785 -1.729990
 197.501810 -1.769174
 198.010835 -1.717395
 198.519861 -1.764734
 199.028886 -1.759654
 199.537911 -1.808542
 200.046936 -1.783082
 200.555962 -1.735287
 201.064987 -1.759736
 201.574012 -1.836308
 202.083038 -1.788604
 202.592063 -1.753242
 203.101088 -1.751263
 203.610113 -1.740871
 204.119139 -1.761844
 204.628164 -1.722158
 205.137189 -1.754104
 205.646215 -1.751161
 206.155240 -1.719461
 206.664265 -1.780774
 207.173290 -1.805575
 207.682316 -1.767145
 208.191341 -1.722516
 208.700366 -1.666509
 209.209392 -1.763107
 209.718417 -1.801062
 210.227442 -1.830033
 210.736467 -1.755038
 211.245493 -1.724884
 211.754518 -1.774703
 212.263543 -1.779069
 212.772569 -1.721942
 213.281594 -1.745831
 213.790619 -1.769870
 214.299644 -1.684710
 214.808670 -1.750688
 215.317695 -1.779291
 215.826720 -1.774512
 216.335746 -1.777351
 216.844771 -1.816121
 217.353796 -1.786956
 217.862821 -1.718942
 218.371847 -1.791887
 218.880872 -1.785014
 219.389897 -1.806818
 219.898922 -1.752640
 220.407948 -1.764701
 220.916973 -1.764988
 221.425998 -1.721988
 221.935024 -1.755486
 222.444049 -1.862593
 222.953074 -1.862379
 223.462099 -1.778355
 223.971125 -1.705139
 224.480150 -1.766488
 224.989175 -1.801221
 225.498201 -1.746358
 226.007226 -1.745235
 226.516251 -1.813145
 227.025276 -1.752619
 227.534302 -1.725274
 228.043327 -1.765613
 228.552352 -1.745041
 229.061378 -1.720281
 229.570403 -1.777590
 230.079428 -1.790672
 230.588453 -1.764308
 231.097479 -1.701402
 231.606504 -1.735628
 232.115529 -1.803465
 232.624555 -1.700811
 233.133580 -1.757167
 233.642605 -1.804691
 234.151630 -1.802192
 234.660656 -1.784659
 235.169681 -1.716261
 235.678706 -1.760321
 236.187732 -1.747642
 236.696757 -1.791960
 237.205782 -1.782802
 237.714807 -1.730317
 238.223833 -1.713975
 238.732858 -1.735976
 239.241883 -1.789785
 239.750909 -1.810850
 240.259934 -1.832632
 240.768959 -1.781015
 241.277984 -1.768391
 241.787010 -1.727760
 242.296035 -1.799712
 242.805060 -1.776038
 243.314086 -1.733721
 243.823111 -1.701229
 244.332136 -1.780283
 244.841161 -1.753596
 245.350187 -1.799534
 245.859212 -1.764961
 246.368237 -1.722087
 246.877263 -1.711747
 247.386288 -1.791734
 247.895313 -1.805735
 248.404338 -1.797820
 248.913364 -1.789448
 249.422389 -1.747516
 249.931414 -1.727529
 250.440440 -1.759620
 250.949465 -1.781687
 251.458490 -1.774464
 251.967515 -1.729148
 252.476541 -1.712887
 252.985566 -1.734797
 253.494591 -1.737595
 254.003616 -1.788423
 254.512642 -1.768682
 255.021667 -1.738286
 255.530692 -1.807412
 256.039718 -1.695032
 256.548743 -1.760289
 257.057768 -1.777712
 257.566793 -1.802976
 258.075819 -1.760215
 258.584844 -1.711845
 259.093869 -1.722366
 259.602895 -1.785020
 260.111920 -1.808314
 260.620945 -1.796050
 261.129970 -1.774830
 261.638996 -1.737157
 262.148021 -1.738618
 262.657046 -1.769513
 263.166072 -1.847608
 263.675097 -1.828924
 264.184122 -1.722935
 264.693147 -1.768060
 265.202173 -1.858895
 265.711198 -1.747201
 266.220223 -1.732096
 266.729249 -1.774654
 267.238274 -1.740377
 267.747299 -1.791237
 268.256324 -1.736603
 268.765350 -1.730505
 269.274375 -1.795859
 269.783400 -1.774684
 270.292426 -1.724305
 270.801451 -1.730087
 271.310476 -1.757240
 271.819501 -1.724147
 272.328527 -1.726628
 272.837552 -1.825895
 273.346577 -1.658683
 273.855603 -1.741667
 274.364628 -1.800010
 274.873653 -1.796183
 275.382678 -1.793927
 275.891704 -1.759532
 276.400729 -1.718697
 276.909754 -1.755281
 277.418780 -1.792821
 277.927805 -1.785119
 278.436830 -1.758470
 278.945855 -1.791293
 279.454881 -1.729431
 279.963906 -1.731044
 280.472931 -1.705078
 280.981957 -1.797697
 281.490982 -1.795081
 282.000007 -1.741454
 282.509032 -1.803792
 283.018058 -1.774020
 283.527083 -1.765014
 284.036108 -1.733269
 284.545134 -1.790231
 285.054159 -1.807072
 285.563184 -1.807504
 286.072209 -1.769511
 286.581235 -1.724343
 287.090260 -1.763330
 287.599285 -1.824258
 288.108310 -1.751413
 288.617336 -1.722923
 289.126361 -1.829761
 289.635386 -1.732345
 290.144412 -1.732146
 290.653437 -1.738561
 291.162462 -1.743143
 291.671487 -1.831029
 292.180513 -1.787834
 292.689538 -1.751282
 293.198563 -1.788449
 293.707589 -1.729276
 294.216614 -1.749986
 294.725639 -1.757459
 295.234664 -1.804599
 295.743690 -1.793721
 296.252715 -1.800864
 296.761740 -1.768646
 297.270766 -1.712574
 297.779791 -1.759269
 298.288816 -1.801067
 298.797841 -1.821957
 299.306867 -1.745909
 299.815892 -1.726555
 300.324917 -1.813314
 300.833943 -1.827964
 301.342968 -1.753472
 301.851993 -1.753873
 302.361018 -1.773853
 302.870044 -1.787136
 303.379069 -1.801790
 303.888094 -1.789793
 304.397120 -1.708770
 304.906145 -1.707971
 305.415170 -1.738473
 305.924195 -1.851963
 306.433221 -1.869922
 306.942246 -1.719269
 307.451271 -1.702922
 307.960297 -1.793728
 308.469322 -1.815481
 308.978347 -1.753344
 309.487372 -1.739059
 309.996398 -1.723694
 310.505423 -1.800670
 311.014448 -1.774094
 311.523474 -1.748843
 312.032499 -1.749237
 312.541524 -1.776094
 313.050549 -1.771367
 313.559575 -1.834575
 314.068600 -1.760091
 314.577625 -1.775566
 315.086651 -1.824670
 315.595676 -1.774541
 316.104701 -1.697014
 316.613726 -1.747794
 317.122752 -1.797600
 317.631777 -1.806838
 318.140802 -1.704899
 318.649828 -1.768289
 319.158853 -1.757744
 319.667878 -1.782412
 320.176903 -1.738871
 320.685929 -1.772046
 321.194954 -1.742830
 321.703979 -1.723141
 322.213004 -1.802546
 322.722030 -1.750166
 323.231055 -1.822876
 323.740080 -1.796650
 324.249106 -1.880953
 324.758131 -1.823135
 325.267156 -1.731983
 325.776181 -1.699707
 326.285207 -1.835465
 326.794232 -1.789862
 327.303257 -1.749010
 327.812283 -1.706703
 328.321308 -1.753792
 328.830333 -1.787501
 329.339358 -1.823085
 329.848384 -1.721179
 330.357409 -1.682117
 330.866434 -1.760499
 331.375460 -1.820297
 331.884485 -1.793628
 332.393510 -1.746400
 332.902535 -1.703914
 333.411561 -1.801780
 333.920586 -1.852451
 334.429611 -1.785500
 334.938637 -1.655527
 335.447662 -1.686896
 335.956687 -1.781057
 336.465712 -1.837892
 336.974738 -1.768275
 337.483763 -1.719119
 337.992788 -1.755826
 338.501814 -1.788066
 339.010839 -1.776437
 339.519864 -1.690871
 340.028889 -1.759067
 340.537915 -1.801807
 341.046940 -1.759908
 341.555965 -1.757329
 342.064991 -1.828029
 342.574016 -1.747999
 343.083041 -1.667114
 343.592066 -1.755299
 344.101092 -1.803590
 344.610117 -1.755265
 345.119142 -1.770965
 345.628168 -1.757030
 346.137193 -1.793331
 346.646218 -1.762494
 347.155243 -1.732501
 347.664269 -1.759514
 348.173294 -1.771398
 348.682319 -1.750175
 349.191345 -1.759901
 349.700370 -1.751839
 350.209395 -1.727370
 350.718420 -1.751633
 351.227446 -1.827327
 351.736471 -1.782104
 352.245496 -1.738971
 352.754522 -1.750800
 353.263547 -1.800028
 353.772572 -1.752898
 354.281597 -1.716215
 354.790623 -1.733518
 355.299648 -1.789555
 355.808673 -1.783493
 356.317698 -1.790283
 356.826724 -1.799650
 357.335749 -1.707875
 357.844774 -1.817360
 358.353800 -1.812915
 358.862825 -1.825944
 359.371850 -1.710680
 359.880875 -1.733073
 360.389901 -1.795803
 360.898926 -1.746983
 361.407951 -1.709756
 361.916977 -1.745049
 362.426002 -1.804572
 362.935027 -1.679654
 363.444052 -1.761314
 363.953078 -1.788031
 364.462103 -1.737295
 364.971128 -1.733534
 365.480154 -1.766271
 365.989179 -1.724935
 366.498204 -1.738277
 367.007229 -1.788240
 367.516255 -1.700459
 368.025280 -1.766608
 368.534305 -1.746183
 369.043331 -1.767768
 369.552356 -1.795716
 370.061381 -1.712956
 370.570406 -1.750456
 371.079432 -1.807466
 371.588457 -1.743752
 372.097482 -1.765886
 372.606508 -1.785691
 373.115533 -1.822879
 373.624558 -1.775903
 374.133583 -1.653411
 374.642609 -1.777186
 375.151634 -1.768905
 375.660659 -1.755331
 376.169685 -1.713740
 376.678710 -1.773227
 377.187735 -1.836459
 377.696760 -1.774562
 378.205786 -1.736785
 378.714811 -1.654655
 379.223836 -1.833714
 379.732862 -1.819374
 380.241887 -1.686041
 380.750912 -1.729928
 381.259937 -1.875550
 381.768963 -1.697504
 382.277988 -1.693584
 382.787013 -1.746352
 383.296039 -1.769852
 383.805064 -1.809583
 384.314089 -1.771743
 384.823114 -1.727925
 385.332140 -1.702291
 385.841165 -1.719332
 386.350190 -1.786537
 386.859216 -1.864784
 387.368241 -1.733279
 387.877266 -1.714079
 388.386291 -1.835242
 388.895317 -1.731218
 389.404342 -1.722023
 389.913367 -1.744827
 390.422392 -1.741913
 390.931418 -1.744301
 391.440443 -1.739476
 391.949468 -1.717180
 392.458494 -1.745289
 392.967519 -1.729098
 393.476544 -1.787461
 393.985569 -1.773285
 394.494595 -1.793013
 395.003620 -1.691741
 395.512645 -1.803702
 396.021671 -1.801296
 396.530696 -1.707566
 397.039721 -1.716277
 397.548746 -1.764337
 398.057772 -1.747255
 398.566797 -1.771351
 399.075822 -1.773659
 399.584848 -1.772725
 400.093873 -1.713010
 400.602898 -1.739497
 401.111923 -1.762740
 401.620949 -1.722831
 402.129974 -1.837930
 402.638999 -1.834404
 403.148025 -1.720506
 403.657050 -1.713359
 404.166075 -1.809336
 404.675100 -1.755991
 405.184126 -1.744064
 405.693151 -1.714364
 406.202176 -1.783796
 406.711202 -1.812052
 407.220227 -1.778998
 407.729252 -1.703283
 408.238277 -1.731730
 408.747303 -1.809041
 409.256328 -1.822442
 409.765353 -1.781464
 410.274379 -1.757466
 410.783404 -1.693361
 411.292429 -1.729834
 411.801454 -1.763194
 412.310480 -1.786379
 412.819505 -1.841259
 413.328530 -1.716592
 413.837556 -1.839092
 414.346581 -1.781260
 414.855606 -1.709779
 415.364631 -1.756550
 415.873657 -1.783348
 416.382682 -1.768055
 416.891707 -1.760145
 417.400733 -1.804050
 417.909758 -1.715535
 418.418783 -1.766043
 418.927808 -1.742192
 419.436834 -1.766277
 419.945859 -1.725198
 420.454884 -1.713976
 420.963910 -1.762296
 421.472935 -1.746274
 421.981960 -1.728259
 422.490985 -1.734826
 423.000011 -1.721480
 423.509036 -1.764730
 424.018061 -1.838615
 424.527086 -1.783606
 425.036112 -1.797390
 425.545137 -1.740879
 426.054162 -1.676841
 426.563188 -1.834382
 427.072213 -1.781328
 427.581238 -1.677674
 428.090263 -1.712311
 428.599289 -1.717260
 429.108314 -1.765633
 429.617339 -1.750690
 430.126365 -1.728690
 430.635390 -1.743630
 431.144415 -1.739696
 431.653440 -1.730280
 432.162466 -1.765648
 432.671491 -1.820424
 433.180516 -1.771316
 433.689542 -1.721141
 434.198567 -1.790343
 434.707592 -1.771136
 435.216617 -1.726741
 435.725643 -1.705815
 436.234668 -1.783405
 436.743693 -1.780299
 437.252719 -1.788931
 437.761744 -1.793909
 438.270769 -1.718125
 438.779794 -1.687088
 439.288820 -1.717957
 439.797845 -1.817839
 440.306870 -1.753415
 440.815896 -1.776043
 441.324921 -1.743561
 441.833946 -1.735480
 442.342971 -1.759330
 442.851997 -1.772181
 443.361022 -1.772536
 443.870047 -1.785268
 444.379073 -1.741705
 444.888098 -1.749344
 445.397123 -1.721126
 445.906148 -1.743565
 446.415174 -1.787905
 446.924199 -1.775798
 447.433224 -1.766361
 447.942250 -1.743247
 448.451275 -1.699246
 448.960300 -1.750696
 449.469325 -1.704762
 449.978351 -1.726857
 450.487376 -1.745045
 450.996401 -1.798224
 451.505427 -1.767678
 452.014452 -1.785879
 452.523477 -1.740109
 453.032502 -1.754319
 453.541528 -1.767411
 454.050553 -1.798848
 454.559578 -1.754110
 455.068604 -1.776794
 455.577629 -1.722529
 456.086654 -1.830992
 456.595679 -1.801857
 457.104705 -1.697096
 457.613730 -1.737498
 458.122755 -1.809638
 458.631780 -1.801065
 459.140806 -1.756775
 459.649831 -1.741943
 460.158856 -1.740069
 460.667882 -1.768756
 461.176907 -1.726142
 461.685932 -1.764224
 462.194957 -1.763868
 462.703983 -1.802736
 463.213008 -1.757090
 463.722033 -1.701493
 464.231059 -1.782759
 464.740084 -1.779697
 465.249109 -1.721205
 465.758134 -1.787877
 466.267160 -1.757771
 466.776185 -1.798701
 467.285210 -1.759982
 467.794236 -1.714524
 468.303261 -1.745901
 468.812286 -1.746374
 469.321311 -1.772708
 469.830337 -1.811029
 470.339362 -1.736701
 470.848387 -1.774274
 471.357413 -1.762976
 471.866438 -1.798566
 472.375463 -1.711940
 472.884488 -1.698958
 473.393514 -1.764630
 473.902539 -1.725472
 474.411564 -1.796744
 474.920590 -1.802224
 475.429615 -1.769274
 475.938640 -1.741561
 476.447665 -1.753651
 476.956691 -1.799937
 477.465716 -1.734854
 477.974741 -1.826302
 478.483767 -1.783091
 478.992792 -1.697509
 479.501817 -1.712016
 480.010842 -1.760472
 480.519868 -1.798377
 481.028893 -1.774035
 481.537918 -1.777053
 482.046944 -1.710965
 482.555969 -1.753976
 483.064994 -1.804266
 483.574019 -1.714352
 484.083045 -1.715076
 484.592070 -1.733715
 485.101095 -1.817035
 485.610121 -1.781055
 486.119146 -1.764223
 486.628171 -1.786105
 487.137196 -1.729841
 487.646222 -1.741240
 488.155247 -1.760749
 488.664272 -1.764837
 489.173297 -1.757141
 489.682323 -1.831124
 490.191348 -1.795028
 490.700373 -1.725171
 491.209399 -1.716427
 491.718424 -1.743590
 492.227449 -1.791678
 492.736474 -1.836492
 493.245500 -1.779539
 493.754525 -1.741803
 494.263550 -1.696984
 494.772576 -1.728384
 495.281601 -1.758268
 495.790626 -1.819240
 496.299651 -1.820774
 496.808677 -1.758606
 497.317702 -1.759244
 497.826727 -1.764851
 498.335753 -1.791755
 498.844778 -1.760782
 499.353803 -1.718922
 499.862828 -1.703318
 500.371854 -1.756283
 500.880879 -1.796813
 501.389904 -1.800665
 501.898930 -1.766853
 502.407955 -1.744480
 502.916980 -1.703248
 503.426005 -1.716247
 503.935031 -1.786686
 504.444056 -1.725875
 504.953081 -1.764062
 505.462107 -1.761858
 505.971132 -1.773559
 506.480157 -1.799123
 506.989182 -1.693764
 507.498208 -1.785117
 508.007233 -1.849403
 508.516258 -1.769525
 509.025284 -1.676628
 509.534309 -1.734372
 510.043334 -1.805044
 510.552359 -1.729918
 511.061385 -1.724921
 511.570410 -1.739390
 512.079435 -1.820294
 512.588461 -1.730603
 513.097486 -1.801073
 513.606511 -1.761617
 514.115536 -1.739518
 514.624562 -1.736282
 515.133587 -1.702485
 515.642612 -1.810305
 516.151638 -1.805365
 516.660663 -1.677634
 517.169688 -1.772640
 517.678713 -1.769052
 518.187739 -1.737674
 518.696764 -1.731524
 519.205789 -1.770510
 519.714815 -1.781488
 520.223840 -1.685990
 520.732865 -1.696824
 521.241890 -1.764873
 521.750916 -1.803253
 522.259941 -1.756462
 522.768966 -1.733171
 523.277991 -1.768452
 523.787017 -1.811698
 524.296042 -1.774772
 524.805067 -1.660770
 525.314093 -1.700125
 525.823118 -1.840016
 526.332143 -1.800570
 526.841168 -1.794262
 527.350194 -1.769853
 527.859219 -1.707176
 528.368244 -1.766336
 528.877270 -1.817413
 529.386295 -1.796052
 529.895320 -1.650072
 530.404345 -1.690376
 530.913371 -1.755701
 531.422396 -1.726566
 531.931421 -1.744992
 532.440447 -1.788562
 532.949472 -1.821333
 533.458497 -1.748934
 533.967522 -1.740912
 534.476548 -1.726563
 534.985573 -1.782626
 535.494598 -1.698043
 536.003624 -1.749329
 536.512649 -1.754626
 537.021674 -1.758142
 537.530699 -1.792096
 538.039725 -1.779623
 538.548750 -1.706634
 539.057775 -1.757748
 539.566801 -1.794862
 540.075826 -1.779013
 540.584851 -1.747530
 541.093876 -1.761469
 541.602902 -1.814159
 542.111927 -1.798999
 542.620952 -1.780468
 543.129978 -1.721070
 543.639003 -1.756489
 544.148028 -1.769246
 544.657053 -1.750063
 545.166079 -1.796978
 545.675104 -1.779769
 546.184129 -1.721341
 546.693155 -1.741423
 547.202180 -1.786167
 547.711205 -1.769137
 548.220230 -1.815346
 548.729256 -1.799432
 549.238281 -1.728721
 549.747306 -1.712209
 550.256332 -1.787728
 550.765357 -1.705774
 551.274382 -1.723119
 551.783407 -1.798077
 552.292433 -1.812786
 552.801458 -1.787841
 553.310483 -1.803146
 553.819509 -1.772745
 554.328534 -1.754805
 554.837559 -1.805779
 555.346584 -1.772638
 555.855610 -1.768162
 556.364635 -1.766566
 556.873660 -1.722121
 557.382685 -1.742432
 557.891711 -1.787641
 558.400736 -1.826892
 558.909761 -1.783463
 559.418787 -1.697463
 559.927812 -1.780915
 560.436837 -1.758662
 560.945862 -1.826453
 561.454888 -1.738580
 561.963913 -1.759991
 562.472938 -1.811221
 562.981964 -1.788551
 563.490989 -1.767177
 564.000014 -1.702008
 564.509039 -1.698622
 565.018065 -1.772138
 565.527090 -1.812441
 566.036115 -1.691136
 566.545141 -1.827194
 567.054166 -1.876041
 567.563191 -1.773883
 568.072216 -1.800879
 568.581242 -1.740378
 569.090267 -1.690769
 569.599292 -1.716712
 570.108318 -1.727165
 570.617343 -1.768342
 571.126368 -1.759594
 571.635393 -1.769733
 572.144419 -1.762742
 572.653444 -1.766424
 573.162469 -1.769407
 573.671495 -1.703279
 574.180520 -1.742543
 574.689545 -1.807981
 575.198570 -1.850326
 575.707596 -1.775108
 576.216621 -1.673007
 576.725646 -1.761376
 577.234672 -1.852532
 577.743697 -1.794853
 578.252722 -1.737816
 578.761747 -1.724592
 579.270773 -1.722879
 579.779798 -1.748320
 580.288823 -1.752961
 580.797849 -1.752922
 581.306874 -1.798274
 581.815899 -1.825516
 582.324924 -1.768728
 582.833950 -1.753322
 583.342975 -1.801188
 583.852000 -1.782029
 584.361026 -1.714720
 584.870051 -1.709022
 585.379076 -1.833701
 585.888101 -1.810255
 586.397127 -1.743661
 586.906152 -1.716938
 587.415177 -1.788988
 587.924203 -1.741722
 588.433228 -1.768948
 588.942253 -1.766602
 589.451278 -1.727660
 589.960304 -1.778532
 590.469329 -1.777798
 590.978354 -1.772540
 591.487379 -1.708296
 591.996405 -1.759510
 592.505430 -1.711280
 593.014455 -1.738478
 593.523481 -1.810097
 594.032506 -1.742059
 594.541531 -1.754682
 595.050556 -1.709165
 595.559582 -1.737876
 596.068607 -1.700041
 596.577632 -1.767851
 597.086658 -1.777255
 597.595683 -1.801601
 598.104708 -1.731540
 598.613733 -1.734597
 599.122759 -1.663670
 599.631784 -1.755596
 600.140809 -1.812206
 600.649835 -1.817682
 601.158860 -1.784208
 601.667885 -1.714853
 602.176910 -1.777141
 602.685936 -1.802783
 603.194961 -1.777079
 603.703986 -1.705076
 604.213012 -1.757238
 604.722037 -1.752861
 605.231062 -1.791381
 605.740087 -1.791086
 606.249113 -1.785997
 606.758138 -1.819318
 607.267163 -1.734917
 607.776189 -1.744449
 608.285214 -1.790689
 608.794239 -1.849288
 609.303264 -1.677188
 609.812290 -1.666258
 610.321315 -1.823944
 610.830340 -1.762904
 611.339366 -1.742689
 611.848391 -1.813339
 612.357416 -1.784709
 612.866441 -1.770350
 613.375467 -1.750749
 613.884492 -1.786266
 614.393517 -1.804153
 614.902543 -1.739457
 615.411568 -1.753165
 615.920593 -1.744342
 616.429618 -1.793053
 616.938644 -1.796002
 617.447669 -1.718189
 617.956694 -1.674851
 618.465720 -1.835273
 618.974745 -1.806928
 619.483770 -1.659783
 619.992795 -1.741987
 620.501821 -1.769418
 621.010846 -1.760640
 621.519871 -1.751758
 622.028897 -1.833730
 622.537922 -1.768401
 623.046947 -1.731502
 623.555972 -1.776045
 624.064998 -1.749885
 624.574023 -1.767725
 625.083048 -1.719844
 625.592073 -1.669550
 626.101099 -1.688230
 626.610124 -1.805703
 627.119149 -1.782640
 627.628175 -1.745662
 628.137200 -1.718796
 628.646225 -1.773311
 629.155250 -1.755104
 629.664276 -1.805472
 630.173301 -1.813349
 630.682326 -1.794798
 631.191352 -1.754520
 631.700377 -1.713292
 632.209402 -1.733111
 632.718427 -1.755506
 633.227453 -1.782112
 633.736478 -1.773987
 634.245503 -1.785576
 634.754529 -1.662683
 635.263554 -1.767535
 635.772579 -1.818127
 636.281604 -1.722145
 636.790630 -1.678230
 637.299655 -1.841700
 637.808680 -1.694959
 638.317706 -1.730540
 638.826731 -1.775270
 639.335756 -1.771493
 639.844781 -1.799901
 640.353807 -1.811934
 640.862832 -1.761186
 641.371857 -1.660644
 641.880883 -1.709511
 642.389908 -1.849798
 642.898933 -1.764614
 643.407958 -1.715228
 643.916984 -1.676584
 644.426009 -1.712719
 644.935034 -1.754857
 645.444060 -1.787778
 645.953085 -1.821236
 646.462110 -1.820498
 646.971135 -1.780852
 647.480161 -1.730795
 647.989186 -1.818075
 648.498211 -1.806185
 649.007237 -1.716117
 649.516262 -1.764299
 650.025287 -1.763255
 650.534312 -1.682402
 651.043338 -1.804047
 651.552363 -1.762559
 652.061388 -1.709062
 652.570414 -1.739051
 653.079439 -1.735783
 653.588464 -1.748113
 654.097489 -1.864286
 654.606515 -1.794560
 655.115540 -1.685602
 655.624565 -1.778447
 656.133591 -1.786033
 656.642616 -1.791125
 657.151641 -1.743640
 657.660666 -1.664653
 658.169692 -1.776693
 658.678717 -1.864996
 659.187742 -1.734193
 659.696767 -1.792106
 660.205793 -1.818398
 660.714818 -1.729898
 661.223843 -1.699536
 661.732869 -1.672180
 662.241894 -1.727460
 662.750919 -1.827567
 663.259944 -1.765463
 663.768970 -1.715743
 664.277995 -1.747500
 664.787020 -1.754488
 665.296046 -1.745968
 665.805071 -1.761630
 666.314096 -1.757824
 666.823121 -1.733082
 667.332147 -1.811633
 667.841172 -1.754152
 668.350197 -1.746970
 668.859223 -1.730170
 669.368248 -1.775621
 669.877273 -1.763654
 670.386298 -1.698082
 670.895324 -1.750969
 671.404349 -1.736546
 671.913374 -1.783703
 672.422400 -1.763154
 672.931425 -1.751427
 673.440450 -1.746345
 673.949475 -1.765099
 674.458501 -1.757312
 674.967526 -1.719683
 675.476551 -1.800882
 675.985577 -1.763828
 676.494602 -1.764576
 677.003627 -1.756241
 677.512652 -1.754605
 678.021678 -1.778766
 678.530703 -1.784627
 679.039728 -1.782903
 679.548754 -1.789737
 680.057779 -1.735990
 680.566804 -1.726648
 681.075829 -1.735889
 681.584855 -1.844249
 682.093880 -1.751290
 682.602905 -1.705523
 683.111931 -1.768708
 683.620956 -1.838319
 684.129981 -1.755942
 684.639006 -1.746250
 685.148032 -1.736393
 685.657057 -1.779972
 686.166082 -1.790681
 686.675108 -1.830948
 687.184133 -1.836382
 687.693158 -1.793620
 688.202183 -1.716352
 688.711209 -1.757526
 689.220234 -1.771102
 689.729259 -1.752727
 690.238285 -1.753474
 690.747310 -1.708007
 691.256335 -1.767192
 691.765360 -1.730908
 692.274386 -1.761369
 692.783411 -1.760176
 693.292436 -1.741352
 693.801461 -1.738770
 694.310487 -1.770512
 694.819512 -1.822443
 695.328537 -1.806692
 695.837563 -1.675572
 696.346588 -1.646646
 696.855613 -1.673032
 697.364638 -1.824756
 697.873664 -1.806666
 698.382689 -1.675202
 698.891714 -1.750851
 699.400740 -1.792756
 699.909765 -1.758335
 700.418790 -1.770653
 700.927815 -1.761251
 701.436841 -1.759749
 701.945866 -1.778006
 702.454891 -1.778527
 702.963917 -1.728575
 703.472942 -1.764357
 703.981967 -1.803019
 704.490992 -1.739082
 705.000018 -1.761275
 705.509043 -1.809906
 706.018068 -1.728685
 706.527094 -1.718272
 707.036119 -1.699550
 707.545144 -1.743051
 708.054169 -1.786250
 708.563195 -1.803011
 709.072220 -1.733332
 709.581245 -1.726062
 710.090271 -1.785988
 710.599296 -1.803981
 711.108321 -1.762371
 711.617346 -1.718803
 712.126372 -1.744356
 712.635397 -1.770539
 713.144422 -1.783802
 713.653448 -1.708058
 714.162473 -1.735315
 714.671498 -1.827024
 715.180523 -1.731440
 715.689549 -1.724697
 716.198574 -1.742354
 716.707599 -1.801764
 717.216625 -1.822094
 717.725650 -1.734630
 718.234675 -1.662647
 718.743700 -1.786239
 719.252726 -1.839311
 719.761751 -1.755333
 720.270776 -1.709260
 720.779802 -1.702302
 721.288827 -1.722098
 721.797852 -1.736307
 722.306877 -1.856851
 722.815903 -1.785611
 723.324928 -1.701836
 723.833953 -1.782491
 724.342979 -1.787189
 724.852004 -1.736494
 725.361029 -1.745714
 725.870054 -1.743956
 726.379080 -1.801758
 726.888105 -1.750347
 727.397130 -1.742308
 727.906155 -1.757369
 728.415181 -1.765789
 728.924206 -1.740396
 729.433231 -1.766973
 729.942257 -1.785331
 730.451282 -1.698068
 730.960307 -1.753422
 731.469332 -1.736002
 731.978358 -1.785995
 732.487383 -1.772254
 732.996408 -1.691168
 733.505434 -1.756354
 734.014459 -1.842846
 734.523484 -1.736472
 735.032509 -1.719842
 735.541535 -1.780505
 736.050560 -1.698519
 736.559585 -1.767143
 737.068611 -1.756292
 737.577636 -1.713110
 738.086661 -1.670357
 738.595686 -1.799710
 739.104712 -1.830020
 739.613737 -1.832620
 740.122762 -1.772946
 740.631788 -1.719034
 741.140813 -1.784136
 741.649838 -1.766095
 742.158863 -1.731273
 742.667889 -1.704164
 743.176914 -1.818977
 743.685939 -1.745985
 744.194965 -1.805947
 744.703990 -1.735346
 745.213015 -1.713409
 745.722040 -1.730016
 746.231066 -1.764546
 746.740091 -1.819107
 747.249116 -1.733015
 747.758142 -1.736586
 748.267167 -1.762806
 748.776192 -1.698885
 749.285217 -1.724061
 749.794243 -1.713917
 750.303268 -1.692630
 750.812293 -1.768293
 751.321319 -1.783291
 751.830344 -1.795174
 752.339369 -1.717363
 752.848394 -1.706438
 753.357420 -1.730335
 753.866445 -1.776919
 754.375470 -1.808060
 754.884496 -1.731725
 755.393521 -1.741610
 755.902546 -1.806446
 756.411571 -1.778616
 756.920597 -1.734985
 757.429622 -1.712568
 757.938647 -1.698087
 758.447673 -1.747887
 758.956698 -1.868161
 759.465723 -1.771102
 759.974748 -1.744164
 760.483774 -1.658489
 760.992799 -1.709522
 761.501824 -1.784696
 762.010849 -1.796240
 762.519875 -1.723607
 763.028900 -1.706308
 763.537925 -1.751931
 764.046951 -1.792203
 764.555976 -1.748192
 765.065001 -1.806775
 765.574026 -1.760566
 766.083052 -1.808988
 766.592077 -1.786617
 767.101102 -1.753272
 767.610128 -1.768280
 768.119153 -1.766573
 768.628178 -1.829560
 769.137203 -1.726573
 769.646229 -1.711638
 770.155254 -1.777498
 770.664279 -1.812046
 771.173305 -1.774562
 771.682330 -1.625127
 772.191355 -1.829108
 772.700380 -1.808098
 773.209406 -1.769676
 773.718431 -1.748622
 774.227456 -1.771240
 774.736482 -1.738271
 775.245507 -1.716992
 775.754532 -1.757549
 776.263557 -1.782806
 776.772583 -1.738781
 777.281608 -1.780063
 777.790633 -1.802606
 778.299659 -1.839628
 778.808684 -1.835192
 779.317709 -1.699297
 779.826734 -1.766948
 780.335760 -1.803293
 780.844785 -1.684134
 781.353810 -1.692009
 781.862836 -1.850980
 782.371861 -1.737521
 782.880886 -1.672686
 783.389911 -1.763850
 783.898937 -1.732213
 784.407962 -1.735007
 784.916987 -1.768628
 785.426013 -1.741708
 785.935038 -1.738610
 786.444063 -1.769763
 786.953088 -1.755700
 787.462114 -1.807339
 787.971139 -1.761418
 788.480164 -1.705143
 788.989190 -1.853587
 789.498215 -1.791679
 790.007240 -1.688295
 790.516265 -1.682334
 791.025291 -1.800917
 791.534316 -1.804099
 792.043341 -1.723038
 792.552366 -1.711095
 793.061392 -1.780218
 793.570417 -1.774625
 794.079442 -1.797554
 794.588468 -1.831741
 795.097493 -1.751795
 795.606518 -1.753030
 796.115543 -1.697482
 796.624569 -1.623792
 797.133594 -1.706152
 797.642619 -1.814945
 798.151645 -1.764988
 798.660670 -1.730409
 799.169695 -1.764928
 799.678720 -1.791602
 800.187746 -1.710706
 800.696771 -1.706839
 801.205796 -1.690218
 801.714822 -1.734542
 802.223847 -1.802499
 802.732872 -1.842361
 803.241897 -1.777669
 803.750923 -1.777662
 804.259948 -1.777835
 804.768973 -1.724018
 805.277999 -1.722783
 805.787024 -1.802184
 806.296049 -1.773869
 806.805074 -1.719598
 807.314100 -1.711444
 807.823125 -1.726593
 808.332150 -1.796501
 808.841176 -1.777276
 809.350201 -1.742938
 809.859226 -1.758757
 810.368251 -1.800582
 810.877277 -1.755800
 811.386302 -1.718919
 811.895327 -1.732955
 812.404353 -1.762045
 812.913378 -1.793119
 813.422403 -1.751675
 813.931428 -1.744776
 814.440454 -1.775860
 814.949479 -1.774683
 815.458504 -1.745086
 815.967530 -1.767116
 816.476555 -1.794927
 816.985580 -1.802523
 817.494605 -1.750153
 818.003631 -1.755010
 818.512656 -1.708024
 819.021681 -1.699537
 819.530707 -1.803666
 820.039732 -1.763834
 820.548757 -1.739519
 821.057782 -1.733992
 821.566808 -1.732081
 822.075833 -1.757643
 822.584858 -1.732617
 823.093884 -1.758485
 823.602909 -1.756193
 824.111934 -1.716449
 824.620959 -1.664855
 825.129985 -1.727051
 825.639010 -1.819475
 826.148035 -1.784935
 826.657060 -1.756934
 827.166086 -1.824473
 827.675111 -1.811832
 828.184136 -1.781160
 828.693162 -1.741838
 829.202187 -1.816618
 829.711212 -1.795770
 830.220237 -1.805810
 830.729263 -1.782920
 831.238288 -1.793808
 831.747313 -1.792119
 832.256339 -1.761520
 832.765364 -1.718280
 833.274389 -1.723548
 833.783414 -1.781289
 834.292440 -1.731179
 834.801465 -1.713830
 835.310490 -1.764868
 835.819516 -1.780451
 836.328541 -1.727738
 836.837566 -1.750438
 837.346591 -1.746921
 837.855617 -1.753470
 838.364642 -1.769943
 838.873667 -1.696726
 839.382693 -1.764713
 839.891718 -1.798936
 840.400743 -1.801795
 840.909768 -1.716612
 841.418794 -1.686850
 841.927819 -1.697238
 842.436844 -1.764652
 842.945870 -1.795109
 843.454895 -1.789658
 843.963920 -1.789917
 844.472945 -1.763407
 844.981971 -1.690564
 845.490996 -1.743305
 846.000021 -1.775984
 846.509047 -1.800421
 847.018072 -1.775449
 847.527097 -1.766588
 848.036122 -1.750697
 848.545148 -1.759755
 849.054173 -1.773252
 849.563198 -1.695889
 850.072224 -1.698892
 850.581249 -1.754393
 851.090274 -1.783194
 851.599299 -1.705600
 852.108325 -1.797958
 852.617350 -1.758340
 853.126375 -1.693911
 853.635401 -1.815289
 854.144426 -1.805999
 854.653451 -1.681935
 855.162476 -1.750490
 855.671502 -1.779504
 856.180527 -1.784093
 856.689552 -1.760735
 857.198578 -1.816399
 857.707603 -1.743688
 858.216628 -1.725298
 858.725653 -1.796101
 859.234679 -1.762969
 859.743704 -1.685943
 860.252729 -1.722324
 860.761754 -1.796939
 861.270780 -1.784706
 861.779805 -1.725851
 862.288830 -1.733106
 862.797856 -1.820836
 863.306881 -1.752577
 863.815906 -1.707829
 864.324931 -1.785594
 864.833957 -1.777891
 865.342982 -1.719812
 865.852007 -1.719747
 866.361033 -1.762709
 866.870058 -1.781213
 867.379083 -1.732958
 867.888108 -1.716144
 868.397134 -1.748593
 868.906159 -1.766844
 869.415184 -1.754168
 869.924210 -1.746363
 870.433235 -1.802805
 870.942260 -1.785401
 871.451285 -1.723211
 871.960311 -1.800296
 872.469336 -1.781136
 872.978361 -1.738897
 873.487387 -1.735463
 873.996412 -1.686511
 874.505437 -1.789390
 875.014462 -1.787127
 875.523488 -1.773471
 876.032513 -1.732954
 876.541538 -1.692414
 877.050564 -1.734178
 877.559589 -1.812800
 878.068614 -1.814118
 878.577639 -1.771367
 879.086665 -1.766759
 879.595690 -1.754423
 880.104715 -1.752023
 880.613741 -1.806497
 881.122766 -1.770439
 881.631791 -1.743685
 882.140816 -1.780628
 882.649842 -1.739137
 883.158867 -1.743279
 883.667892 -1.739961
 884.176918 -1.754408
 884.685943 -1.798180
 885.194968 -1.754735
 885.703993 -1.790424
 886.213019 -1.724488
 886.722044 -1.737094
 887.231069 -1.799254
 887.740095 -1.758311
 888.249120 -1.702544
 888.758145 -1.765071
 889.267170 -1.805683
 889.776196 -1.698531
 890.285221 -1.736669
 890.794246 -1.779442
 891.303272 -1.765334
 891.812297 -1.723885
 892.321322 -1.782696
 892.830347 -1.793109
 893.339373 -1.775603
 893.848398 -1.738219
 894.357423 -1.709798
 894.866448 -1.742323
 895.375474 -1.785809
 895.884499 -1.746127
 896.393524 -1.803571
 896.902550 -1.812555
 897.411575 -1.797106
 897.920600 -1.714842
 898.429625 -1.649466
 898.938651 -1.834199
 899.447676 -1.788231
 899.956701 -1.746137
 900.465727 -1.691342
 900.974752 -1.789840
 901.483777 -1.800284
 901.992802 -1.773472
 902.501828 -1.766088
 903.010853 -1.774968
 903.519878 -1.763492
 904.028904 -1.745445
 904.537929 -1.688370
 905.046954 -1.742691
 905.555979 -1.824728
 906.065005 -1.741993
 906.574030 -1.722859
 907.083055 -1.790347
 907.592081 -1.693242
 908.101106 -1.736225
 908.610131 -1.817050
 909.119156 -1.776480
 909.628182 -1.749642
 910.137207 -1.720482
 910.646232 -1.753360
 911.155258 -1.713562
 911.664283 -1.719106
 912.173308 -1.752330
 912.682333 -1.785918
 913.191359 -1.765376
 913.700384 -1.735218
 914.209409 -1.736093
 914.718435 -1.765933
 915.227460 -1.802240
 915.736485 -1.728333
 916.245510 -1.711939
 916.754536 -1.756569
 917.263561 -1.768410
 917.772586 -1.795209
 918.281612 -1.678514
 918.790637 -1.753425
 919.299662 -1.854673
 919.808687 -1.696129
 920.317713 -1.681449
 920.826738 -1.750388
 921.335763 -1.866490
 921.844789 -1.758677
 922.353814 -1.666393
 922.862839 -1.750340
 923.371864 -1.805908
 923.880890 -1.764821
 924.389915 -1.706927
 924.898940 -1.744969
 925.407966 -1.852910
 925.916991 -1.790256
 926.426016 -1.704395
 926.935041 -1.672981
 927.444067 -1.728373
 927.953092 -1.824162
 928.462117 -1.785555
 928.971142 -1.735301
 929.480168 -1.714558
 929.989193 -1.746125
 930.498218 -1.781423
 931.007244 -1.717266
 931.516269 -1.752583
 932.025294 -1.749215
 932.534319 -1.759024
 933.043345 -1.688104
 933.552370 -1.808605
 934.061395 -1.792734
 934.570421 -1.737825
 935.079446 -1.686047
 935.588471 -1.734668
 936.097496 -1.778421
 936.606522 -1.783897
 937.115547 -1.774557
 937.624572 -1.769615
 938.133598 -1.710378
 938.642623 -1.810697
 939.151648 -1.809410
 939.660673 -1.775117
 940.169699 -1.769497
 940.678724 -1.755010
 941.187749 -1.682567
 941.696775 -1.701279
 942.205800 -1.853664
 942.714825 -1.818772
 943.223850 -1.751710
 943.732876 -1.735292
 944.241901 -1.742747
 944.750926 -1.749546
 945.259952 -1.813319
 945.768977 -1.828150
 946.278002 -1.719649
 946.787027 -1.710960
 947.296053 -1.747523
 947.805078 -1.765395
 948.314103 -1.801794
 948.823129 -1.766119
 949.332154 -1.731513
 949.841179 -1.751346
 950.350204 -1.742994
 950.859230 -1.803753
 951.368255 -1.701195
 951.877280 -1.768847
 952.386306 -1.798062
 952.895331 -1.667675
 953.404356 -1.716532
 953.913381 -1.762578
 954.422407 -1.757888
 954.931432 -1.712280
 955.440457 -1.738349
 955.949483 -1.725987
 956.458508 -1.755582
 956.967533 -1.728755
 957.476558 -1.772685
 957.985584 -1.800625
 958.494609 -1.728665
 959.003634 -1.721317
 959.512660 -1.787351
 960.021685 -1.831812
 960.530710 -1.682787
 961.039735 -1.698231
 961.548761 -1.825673
 962.057786 -1.769166
 962.566811 -1.766774
 963.075836 -1.759864
 963.584862 -1.751339
 964.093887 -1.731707
 964.602912 -1.750037
 965.111938 -1.750546
 965.620963 -1.705718
 966.129988 -1.778740
 966.639013 -1.777498
 967.148039 -1.761720
 967.657064 -1.781215
 968.166089 -1.714220
 968.675115 -1.827533
 969.184140 -1.793018
 969.693165 -1.804362
 970.202190 -1.742480
 970.711216 -1.733385
 971.220241 -1.752589
 971.729266 -1.756721
 972.238292 -1.763641
 972.747317 -1.711943
 973.256342 -1.783229
 973.765367 -1.739599
 974.274393 -1.765650
 974.783418 -1.753789
 975.292443 -1.799601
 975.801469 -1.784769
 976.310494 -1.773557
 976.819519 -1.745830
 977.328544 -1.731948
 977.837570 -1.727393
 978.346595 -1.752153
 978.855620 -1.751521
 979.364646 -1.744093
 979.873671 -1.743828
 980.382696 -1.747787
 980.891721 -1.711637
 981.400747 -1.799731
 981.909772 -1.736553
 982.418797 -1.746967
 982.927823 -1.817298
 983.436848 -1.810631
 983.945873 -1.709073
 984.454898 -1.721313
 984.963924 -1.755680
 985.472949 -1.798266
 985.981974 -1.754822
 986.491000 -1.707749
 987.000025 -1.731172
 987.509050 -1.727665
 988.018075 -1.695030
 988.527101 -1.714493
 989.036126 -1.780595
 989.545151 -1.807959
 990.054177 -1.732103
 990.563202 -1.726397
 991.072227 -1.774520
 991.581252 -1.796034
 992.090278 -1.748435
 992.599303 -1.740700
 993.108328 -1.737369
 993.617354 -1.753083
 994.126379 -1.825276
 994.635404 -1.820297
 995.144429 -1.800991
 995.653455 -1.741910
 996.162480 -1.803574
 996.671505 -1.777495
 997.180530 -1.694738
 997.689556 -1.702677
 998.198581 -1.784799
 998.707606 -1.760355
 999.216632 -1.761190
 999.725657 -1.753035
 1000.234682 -1.663225
 1000.743707 -1.771308
 1001.252733 -1.690321
 1001.761758 -1.730133
 1002.270783 -1.807676
 1002.779809 -1.770098
 1003.288834 -1.737896
 1003.797859 -1.740728
 1004.306884 -1.725647
 1004.815910 -1.771542
 1005.324935 -1.756110
 1005.833960 -1.776724
 1006.342986 -1.793829
 1006.852011 -1.752735
 1007.361036 -1.798052
 1007.870061 -1.733628
 1008.379087 -1.706675
 1008.888112 -1.734435
 1009.397137 -1.765250
 1009.906163 -1.813260
 1010.415188 -1.688199
 1010.924213 -1.710434
 1011.433238 -1.780440
 1011.942264 -1.788495
 1012.451289 -1.757987
 1012.960314 -1.762047
 1013.469340 -1.785334
 1013.978365 -1.778713
 1014.487390 -1.713379
 1014.996415 -1.772491
 1015.505441 -1.753712
 1016.014466 -1.741983
 1016.523491 -1.745429
 1017.032517 -1.781552
 1017.541542 -1.749933
 1018.050567 -1.768045
