#! FIELDS time cv
 0.000000 -1.033126
 0.509025 -1.035044
 1.018051 -1.139665
 1.527076 -1.183790
 2.036101 -1.160205
 2.545126 -1.112660
 3.054152 -1.079008
 3.563177 -1.164304
 4.072202 -1.086452
 4.581228 -1.105688
 5.090253 -1.123427
 5.599278 -1.091607
 6.108303 -1.142154
 6.617329 -1.087764
 7.126354 -1.112564
 7.635379 -1.122783
 8.144405 -1.153952
 8.653430 -1.159436
 9.162455 -1.103037
 9.671480 -1.155490
 10.180506 -1.149506
 10.689531 -1.123018
 11.198556 -1.084821
 11.707582 -1.099504
 12.216607 -1.131843
 12.725632 -1.117555
 13.234657 -1.111308
 13.743683 -1.108582
 14.252708 -1.092853
 14.761733 -1.105636
 15.270759 -1.110757
 15.779784 -1.092815
 16.288809 -1.130047
 16.797834 -1.020146
 17.306860 -1.057741
 17.815885 -1.118936
 18.324910 -1.134006
 18.833935 -1.084068
 19.342961 -1.056554
 19.851986 -1.132883
 20.361011 -1.077889
 20.870037 -1.089643
 21.379062 -1.036180
 21.888087 -1.081709
 22.397112 -1.046679
 22.906138 -1.095068
 23.415163 -1.133139
 23.924188 -1.149256
 24.433214 -1.085673
 24.942239 -1.086784
 25.451264 -1.092403
 25.960289 -1.141246
 26.469315 -1.138201
 26.978340 -1.099968
 27.487365 -1.131958
 27.996391 -1.133159
 28.505416 -1.149533
 29.014441 -1.085311
 29.523466 -1.125305
 30.032492 -1.144239
 30.541517 -1.099984
 31.050542 -1.095683
 31.559568 -1.072244
 32.068593 -1.124095
 32.577618 -1.164640
 33.086643 -1.081973
 33.595669 -1.106003
 34.104694 -1.189588
 34.613719 -1.061346
 35.122745 -1.042822
 35.631770 -1.096154
 36.140795 -1.095802
 36.649820 -1.062167
 37.158846 -1.069423
 37.667871 -1.128017
 38.176896 -1.030775
 38.685922 -1.093365
 39.194947 -1.156620
 39.703972 -1.136459
 40.212997 -1.084882
 40.722023 -1.134159
 41.231048 -1.160640
 41.740073 -1.114416
 42.249099 -1.084581
 42.758124 -1.066752
 43.267149 -1.100620
 43.776174 -1.071911
 44.285200 -1.103345
 44.794225 -1.133610
 45.303250 -1.115977
 45.812276 -1.007559
 46.321301 -1.065675
 46.830326 -1.115840
 47.339351 -1.175317
 47.848377 -1.150974
 48.357402 -1.111120
 48.866427 -1.111843
 49.375453 -1.141944
 49.884478 -1.127826
 50.393503 -1.068882
 50.902528 -1.103638
 51.411554 -1.094711
 51.920579 -1.166689
 52.429604 -1.115766
 52.938629 -1.097054
 53.447655 -1.119604
 53.956680 -1.083172
 54.465705 -1.072864
 54.974731 -1.056173
 55.483756 -1.106229
 55.992781 -1.125910
 56.501806 -1.124312
 57.010832 -1.138272
 57.519857 -1.071632
 58.028882 -1.119504
 58.537908 -1.181497
 59.046933 -1.118574
 59.555958 -1.098077
 60.064983 -1.058595
 60.574009 -1.052589
 61.083034 -1.090303
 61.592059 -1.131920
 62.101085 -1.069093
 62.610110 -1.097346
 63.119135 -1.069109
 63.628160 -1.038243
 64.137186 -1.125188
 64.646211 -1.107068
 65.155236 -1.124013
 65.664262 -1.086339
 66.173287 -1.112785
 66.682312 -1.089986
 67.191337 -1.094987
 67.700363 -1.080053
 68.209388 -1.102133
 68.718413 -1.154610
 69.227439 -1.138447
 69.736464 -1.107833
 70.245489 -1.084805
 70.754514 -1.118677
 71.263540 -1.070984
 71.772565 -1.136015
 72.281590 -1.083856
 72.790616 -1.112136
 73.299641 -1.129406
 73.808666 -1.091175
 74.317691 -1.155229
 74.826717 -1.095114
 75.335742 -1.108238
 75.844767 -1.061040
 76.353793 -1.157412
 76.862818 -1.200282
 77.371843 -1.135083
 77.880868 -1.056741
 78.389894 -1.065138
 78.898919 -1.125600
 79.407944 -1.123189
 79.916970 -1.080266
 80.425995 -1.097420
 80.935020 -1.078649
 81.444045 -1.056945
 81.953071 -1.140611
 82.462096 -1.063723
 82.971121 -1.117363
 83.480147 -1.087317
 83.989172 -1.054851
 84.498197 -1.108438
 85.007222 -1.162231
 85.516248 -1.072606
 86.025273 -1.077522
 86.534298 -1.125417
 87.043323 -1.096575
 87.552349 -1.054946
 88.061374 -1.102048
 88.570399 -1.087182
 89.079425 -1.094368
 89.588450 -1.156866
 90.097475 -1.115754
 90.606500 -1.120179
 91.115526 -1.110614
 91.624551 -1.134054
 92.133576 -1.133056
 92.642602 -1.081593
 93.151627 -1.135511
 93.660652 -1.099205
 94.169677 -1.061340
 94.678703 -1.115606
 95.187728 -1.150625
 95.696753 -1.160136
 96.205779 -1.151141
 96.714804 -1.142201
 97.223829 -1.129050
 97.732854 -1.102919
 98.241880 -1.105430
 98.750905 -1.038713
 99.259930 -1.039692
 99.768956 -1.101593
 100.277981 -1.192496
 100.787006 -1.119322
 101.296031 -1.054374
 101.805057 -1.123276
 102.314082 -1.152410
 102.823107 -1.123736
 103.332133 -1.084228
 103.841158 -1.067244
 104.350183 -1.087448
 104.859208 -1.143463
 105.368234 -1.165863
 105.877259 -1.137068
 106.386284 -1.081953
 106.895310 -1.094496
 107.404335 -1.086370
 107.913360 -1.074889
 108.422385 -1.089656
 108.931411 -1.126982
 109.440436 -1.097046
 109.949461 -1.120673
 110.458487 -1.095646
 110.967512 -1.125636
 111.476537 -1.145363
 111.985562 -1.081438
 112.494588 -1.056104
 113.003613 -1.083766
 113.512638 -1.097507
 114.021664 -1.094401
 114.530689 -1.136675
 115.039714 -1.129296
 115.548739 -1.103295
 116.057765 -1.048389
 116.566790 -1.146065
 117.075815 -1.137060
 117.584841 -1.129956
 118.093866 -1.078546
 118.602891 -1.084608
 119.111916 -1.118715
 119.620942 -1.167949
 120.129967 -1.156235
 120.638992 -1.072322
 121.148017 -1.066638
 121.657043 -1.132823
 122.166068 -1.117405
 122.675093 -1.096082
 123.184119 -1.077811
 123.693144 -1.086230
 124.202169 -1.152464
 124.711194 -1.156625
 125.220220 -1.058191
 125.729245 -1.080031
 126.238270 -1.128125
 126.747296 -1.108938
 127.256321 -1.105276
 127.765346 -1.148409
 128.274371 -1.069778
 128.783397 -1.047003
 129.292422 -1.157672
 129.801447 -1.084953
 130.310473 -1.113564
 130.819498 -1.117842
 131.328523 -1.138008
 131.837548 -1.131289
 132.346574 -1.127054
 132.855599 -1.157787
 133.364624 -1.130851
 133.873650 -1.024511
 134.382675 -1.063008
 134.891700 -1.159208
 135.400725 -1.069077
 135.909751 -1.102585
 136.418776 -1.094557
 136.927801 -1.079821
 137.436827 -1.140365
 137.945852 -1.116215
 138.454877 -1.107329
 138.963902 -1.087749
 139.472928 -1.101279
 139.981953 -1.159212
 140.490978 -1.064237
 141.000004 -1.156269
 141.509029 -1.115040
 142.018054 -1.145358
 142.527079 -1.091209
 143.036105 -1.036335
 143.545130 -1.163693
 144.054155 -1.144961
 144.563181 -1.090532
 145.072206 -1.133994
 145.581231 -1.137475
 146.090256 -1.141584
 146.599282 -1.117327
 147.108307 -1.100646
 147.617332 -1.097644
 148.126358 -1.097474
 148.635383 -1.112433
 149.144408 -1.110831
 149.653433 -1.052617
 150.162459 -1.124032
 150.671484 -1.110401
 151.180509 -1.090887
 151.689535 -1.067161
 152.198560 -1.111915
 152.707585 -1.056398
 153.216610 -1.079330
 153.725636 -1.100638
 154.234661 -1.140542
 154.743686 -1.095234
 155.252711 -1.125373
 155.761737 -1.126437
 156.270762 -1.100813
 156.779787 -1.093357
 157.288813 -1.190300
 157.797838 -1.101874
 158.306863 -1.014283
 158.815888 -1.097048
 159.324914 -1.165278
 159.833939 -1.136908
 160.342964 -1.194127
 160.851990 -1.085200
 161.361015 -1.117808
 161.870040 -1.139006
 162.379065 -1.159521
 162.888091 -1.068182
 163.397116 -1.145844
 163.906141 -1.082915
 164.415167 -1.122140
 164.924192 -1.083432
 165.433217 -1.124692
 165.942242 -1.140389
 166.451268 -1.150510
 166.960293 -1.149389
 167.469318 -1.131034
 167.978344 -1.057772
 168.487369 -1.027655
 168.996394 -1.081661
 169.505419 -1.078841
 170.014445 -1.111067
 170.523470 -1.144871
 171.032495 -1.118683
 171.541521 -1.107604
 172.050546 -1.067252
 172.559571 -1.124080
 173.068596 -1.142930
 173.577622 -1.126600
 174.086647 -1.153208
 174.595672 -1.112615
 175.104698 -1.106062
 175.613723 -1.069888
 176.122748 -1.099915
 176.631773 -1.082583
 177.140799 -1.094898
 177.649824 -1.114290
 178.158849 -1.105691
 178.667875 -1.093397
 179.176900 -1.073149
 179.685925 -1.092754
 180.194950 -1.139544
 180.703976 -1.156795
 181.213001 -1.126765
 181.722026 -1.096188
 182.231052 -1.101108
 182.740077 -1.085231
 183.249102 -1.085343
 183.758127 -1.089914
 184.267153 -1.148921
 184.776178 -1.079269
 185.285203 -1.067601
 185.794228 -1.097772
 186.303254 -1.115520
 186.812279 -1.128229
 187.321304 -1.127713
 187.830330 -1.103783
 188.339355 -1.076954
 188.848380 -1.116254
 189.357405 -1.113816
 189.866431 -1.056831
 190.375456 -1.127173
 190.884481 -1.134776
 191.393507 -1.077031
 191.902532 -1.102697
 192.411557 -1.046512
 192.920582 -1.065351
 193.429608 -1.151047
 193.938633 -1.153402
 194.447658 -1.096156
 194.956684 -1.088016
 195.465709 -1.096793
 195.974734 -1.091660
 196.483759 -1.161718
 196.992785 -1.122517
 197.501810 -1.013892
 198.010835 -1.064139
 198.519861 -1.134635
 199.028886 -1.096868
 199.537911 -1.136050
 200.046936 -1.041729
 200.555962 -1.117667
 201.064987 -1.111330
 201.574012 -1.098049
 202.083038 -1.134774
 202.592063 -1.071417
 203.101088 -1.088454
 203.610113 -1.171846
 204.119139 -1.087203
 204.628164 -1.115097
 205.137189 -1.057234
 205.646215 -1.102695
 206.155240 -1.109874
 206.664265 -1.099041
 207.173290 -1.113472
 207.682316 -1.103537
 208.191341 -1.105559
 208.700366 -1.124635
 209.209392 -1.143695
 209.718417 -1.188669
 210.227442 -1.177631
 210.736467 -1.145143
 211.245493 -1.037859
 211.754518 -1.052915
 212.263543 -1.079328
 212.772569 -1.103864
 213.281594 -1.160589
 213.790619 -1.107456
 214.299644 -1.079512
 214.808670 -1.108181
 215.317695 -1.176388
 215.826720 -1.123367
 216.335746 -1.075719
 216.844771 -1.102143
 217.353796 -1.128220
 217.862821 -1.187937
 218.371847 -1.139436
 218.880872 -1.129095
 219.389897 -1.139206
 219.898922 -1.117017
 220.407948 -1.167225
 220.916973 -1.171428
 221.425998 -1.084480
 221.935024 -1.053592
 222.444049 -1.117829
 222.953074 -1.177350
 223.462099 -1.158189
 223.971125 -1.090709
 224.480150 -1.115686
 224.989175 -1.119043
 225.498201 -1.040786
 226.007226 -1.044866
 226.516251 -1.097625
 227.025276 -1.104655
 227.534302 -1.085764
 228.043327 -1.063795
 228.552352 -1.114590
 229.061378 -1.194247
 229.570403 -1.108114
 230.079428 -1.144179
 230.588453 -1.138786
 231.097479 -1.096248
 231.606504 -1.062740
 232.115529 -1.102722
 232.624555 -1.136432
 233.133580 -1.109495
 233.642605 -1.061381
 234.151630 -1.062545
 234.660656 -1.084212
 235.169681 -1.127505
 235.678706 -1.150582
 236.187732 -1.047996
 236.696757 -1.095268
 237.205782 -1.108613
 237.714807 -1.137071
 238.223833 -1.114494
 238.732858 -1.036645
 239.241883 -1.114773
 239.750909 -1.110037
 240.259934 -1.134753
 240.768959 -1.099263
 241.277984 -1.082268
 241.787010 -1.082106
 242.296035 -1.128287
 242.805060 -1.122008
 243.314086 -1.132011
 243.823111 -1.092017
 244.332136 -1.113383
 244.841161 -1.079354
 245.350187 -1.098758
 245.859212 -1.132262
 246.368237 -1.103243
 246.877263 -1.072671
 247.386288 -1.025885
 247.895313 -1.116692
 248.404338 -1.160335
 248.913364 -1.141238
 249.422389 -1.125143
 249.931414 -1.090401
 250.440440 -1.135125
 250.949465 -1.079171
 251.458490 -1.104670
 251.967515 -1.047556
 252.476541 -1.149180
 252.985566 -1.144531
 253.494591 -1.042253
 254.003616 -1.088572
 254.512642 -1.115622
 255.021667 -1.185871
 255.530692 -1.171302
 256.039718 -1.096239
 256.548743 -1.098675
 257.057768 -1.099170
 257.566793 -1.009462
 258.075819 -1.098154
 258.584844 -1.147631
 259.093869 -1.078966
 259.602895 -1.092329
 260.111920 -1.108157
 260.620945 -1.110036
 261.129970 -1.109787
 261.638996 -1.128623
 262.148021 -1.129627
 262.657046 -1.077761
 263.166072 -1.044475
 263.675097 -1.141077
 264.184122 -1.136571
 264.693147 -1.074759
 265.202173 -1.072217
 265.711198 -1.139237
 266.220223 -1.131954
 266.729249 -1.101743
 267.238274 -1.128098
 267.747299 -1.106645
 268.256324 -1.105973
 268.765350 -1.111385
 269.274375 -1.097644
 269.783400 -1.018089
 270.292426 -1.127182
 270.801451 -1.146826
 271.310476 -1.021325
 271.819501 -1.073335
 272.328527 -1.171462
 272.837552 -1.161362
 273.346577 -1.068733
 273.855603 -1.051552
 274.364628 -1.153863
 274.873653 -1.155769
 275.382678 -1.046341
 275.891704 -1.067434
 276.400729 -1.071534
 276.909754 -1.116342
 277.418780 -1.164142
 277.927805 -1.133686
 278.436830 -1.114770
 278.945855 -1.026388
 279.454881 -1.082406
 279.963906 -1.116217
 280.472931 -1.090070
 280.981957 -1.058958
 281.490982 -1.147694
 282.000007 -1.147117
 282.509032 -1.084739
 283.018058 -1.111909
 283.527083 -1.127236
 284.036108 -1.146970
 284.545134 -1.116246
 285.054159 -1.081844
 285.563184 -1.114318
 286.072209 -1.112246
 286.581235 -1.106528
 287.090260 -1.120633
 287.599285 -1.145881
 288.108310 -1.125367
 288.617336 -1.050872
 289.126361 -1.070277
 289.635386 -1.166911
 290.144412 -1.136799
 290.653437 -1.054972
 291.162462 -1.064382
 291.671487 -1.193334
 292.180513 -1.138971
 292.689538 -1.075977
 293.198563 -1.084795
 293.707589 -1.130746
 294.216614 -1.103890
 294.725639 -1.087628
 295.234664 -1.120545
 295.743690 -1.078852
 296.252715 -1.089629
 296.761740 -1.132399
 297.270766 -1.072580
 297.779791 -1.138428
 298.288816 -1.168271
 298.797841 -1.059340
 299.306867 -1.082006
 299.815892 -1.127994
 300.324917 -1.128141
 300.833943 -1.162717
 301.342968 -1.132791
 301.851993 -1.006878
 302.361018 -1.106743
 302.870044 -1.093981
 303.379069 -1.076689
 303.888094 -1.100298
 304.397120 -1.120676
 304.906145 -1.167425
 305.415170 -1.153647
 305.924195 -1.106019
 306.433221 -1.112106
 306.942246 -1.136838
 307.451271 -1.117469
 307.960297 -1.105147
 308.469322 -1.128155
 308.978347 -1.044853
 309.487372 -1.062930
 309.996398 -1.135789
 310.505423 -1.153887
 311.014448 -1.101572
 311.523474 -1.086342
 312.032499 -1.053025
 312.541524 -1.039863
 313.050549 -1.146407
 313.559575 -1.132367
 314.068600 -1.113102
 314.577625 -1.146305
 315.086651 -1.052284
 315.595676 -1.083403
 316.104701 -1.141570
 316.613726 -1.118145
 317.122752 -1.084325
 317.631777 -1.091946
 318.140802 -1.062525
 318.649828 -1.110833
 319.158853 -1.184382
 319.667878 -1.154290
 320.176903 -1.098893
 320.685929 -1.077008
 321.194954 -1.143006
 321.703979 -1.109407
 322.213004 -1.130861
 322.722030 -1.093538
 323.231055 -1.097448
 323.740080 -1.111781
 324.249106 -1.116762
 324.758131 -1.124057
 325.267156 -1.093007
 325.776181 -1.125017
 326.285207 -1.114282
 326.794232 -1.109740
 327.303257 -1.098139
 327.812283 -1.083150
 328.321308 -0.995548
 328.830333 -1.071860
 329.339358 -1.153017
 329.848384 -1.152008
 330.357409 -1.131531
 330.866434 -1.074151
 331.375460 -1.067055
 331.884485 -1.081668
 332.393510 -1.040240
 332.902535 -1.162383
 333.411561 -1.143185
 333.920586 -1.111382
 334.429611 -1.161186
 334.938637 -1.139431
 335.447662 -1.105816
 335.956687 -1.123810
 336.465712 -1.132212
 336.974738 -1.079794
 337.483763 -1.109515
 337.992788 -1.110128
 338.501814 -1.164480
 339.010839 -1.080601
 339.519864 -1.122721
 340.028889 -1.130327
 340.537915 -1.084452
 341.046940 -1.099392
 341.555965 -1.116747
 342.064991 -1.148266
 342.574016 -1.121076
 343.083041 -1.139508
 343.592066 -1.106190
 344.101092 -1.089341
 344.610117 -1.130395
 345.119142 -1.108388
 345.628168 -1.073534
 346.137193 -1.088779
 346.646218 -1.123978
 347.155243 -1.156988
 347.664269 -1.101669
 348.173294 -1.113156
 348.682319 -1.077666
 349.191345 -1.081430
 349.700370 -1.168086
 350.209395 -1.161946
 350.718420 -1.136942
 351.227446 -1.110139
 351.736471 -1.105859
 352.245496 -1.155860
 352.754522 -1.145324
 353.263547 -1.079491
 353.772572 -1.107114
 354.281597 -1.088500
 354.790623 -1.096849
 355.299648 -1.123026
 355.808673 -1.114956
 356.317698 -1.114240
 356.826724 -1.151437
 357.335749 -1.134223
 357.844774 -1.135805
 358.353800 -1.119763
 358.862825 -1.112606
 359.371850 -1.102060
 359.880875 -1.138474
 360.389901 -1.096941
 360.898926 -1.093260
 361.407951 -1.120385
 361.916977 -1.167988
 362.426002 -1.104658
 362.935027 -1.099103
 363.444052 -1.138463
 363.953078 -1.138760
 364.462103 -1.106713
 364.971128 -1.089903
 365.480154 -1.139153
 365.989179 -1.158619
 366.498204 -1.135074
 367.007229 -1.061529
 367.516255 -1.109137
 368.025280 -1.105359
 368.534305 -1.160548
 369.043331 -1.152098
 369.552356 -1.133792
 370.061381 -1.070415
 370.570406 -1.113530
 371.079432 -1.115402
 371.588457 -1.083188
 372.097482 -1.030127
 372.606508 -1.083391
 373.115533 -1.171573
 373.624558 -1.138740
 374.133583 -1.103750
 374.642609 -1.062778
 375.151634 -1.067597
 375.660659 -1.089985
 376.169685 -1.126227
 376.678710 -1.170359
 377.187735 -1.102802
 377.696760 -1.072708
 378.205786 -1.111790
 378.714811 -1.128286
 379.223836 -1.064883
 379.732862 -1.067965
 380.241887 -1.135177
 380.750912 -1.127538
 381.259937 -1.092259
 381.768963 -1.002057
 382.277988 -1.086555
 382.787013 -1.167417
 383.296039 -1.118364
 383.805064 -1.079708
 384.314089 -1.074899
 384.823114 -1.145085
 385.332140 -1.147189
 385.841165 -1.091641
 386.350190 -1.110090
 386.859216 -1.148962
 387.368241 -1.081296
 387.877266 -1.139536
 388.386291 -1.118517
 388.895317 -1.113370
 389.404342 -1.084264
 389.913367 -1.039961
 390.422392 -1.138805
 390.931418 -1.148257
 391.440443 -1.118051
 391.949468 -1.164304
 392.458494 -1.104795
 392.967519 -1.054520
 393.476544 -1.046681
 393.985569 -1.142031
 394.494595 -1.112781
 395.003620 -1.127377
 395.512645 -1.112695
 396.021671 -1.097911
 396.530696 -1.146348
 397.039721 -1.111907
 397.548746 -1.023521
 398.057772 -1.117614
 398.566797 -1.155770
 399.075822 -1.181619
 399.584848 -1.052930
 400.093873 -1.095063
 400.602898 -1.121830
 401.111923 -1.142045
 401.620949 -1.108460
 402.129974 -1.117955
 402.638999 -1.087986
 403.148025 -1.188236
 403.657050 -1.167996
 404.166075 -1.126505
 404.675100 -1.121400
 405.184126 -1.115095
 405.693151 -1.147701
 406.202176 -1.151870
 406.711202 -1.019912
 407.220227 -1.045652
 407.729252 -1.105905
 408.238277 -1.104391
 408.747303 -1.063578
 409.256328 -1.112594
 409.765353 -1.100650
 410.274379 -1.061923
 410.783404 -1.067814
 411.292429 -1.128587
 411.801454 -1.068762
 412.310480 -1.102165
 412.819505 -1.134352
 413.328530 -1.075403
 413.837556 -1.076527
 414.346581 -1.086507
 414.855606 -1.128431
 415.364631 -1.129818
 415.873657 -1.097383
 416.382682 -1.037562
 416.891707 -1.101620
 417.400733 -1.200982
 417.909758 -1.150693
 418.418783 -1.081766
 418.927808 -1.062342
 419.436834 -1.087583
 419.945859 -1.113957
 420.454884 -1.122209
 420.963910 -1.113497
 421.472935 -1.039441
 421.981960 -1.101750
 422.490985 -1.103655
 423.000011 -1.132826
 423.509036 -1.135480
 424.018061 -1.091638
 424.527086 -1.109658
 425.036112 -1.095923
 425.545137 -1.135928
 426.054162 -1.072789
 426.563188 -1.066247
 427.072213 -1.103467
 427.581238 -1.115735
 428.090263 -1.114013
 428.599289 -1.168022
 429.108314 -1.061621
 429.617339 -1.080188
 430.126365 -1.139478
 430.635390 -1.104932
 431.144415 -1.082308
 431.653440 -1.125360
 432.162466 -1.116403
 432.671491 -1.133521
 433.180516 -1.093706
 433.689542 -1.097785
 434.198567 -1.104736
 434.707592 -1.157524
 435.216617 -1.127555
 435.725643 -1.110530
 436.234668 -1.048823
 436.743693 -1.100617
 437.252719 -1.069295
 437.761744 -1.125216
 438.270769 -1.142494
 438.779794 -1.153022
 439.288820 -1.130767
 439.797845 -1.082651
 440.306870 -1.080450
 440.815896 -1.063103
 441.324921 -1.067293
 441.833946 -1.123328
 442.342971 -1.123151
 442.851997 -1.057889
 443.361022 -1.150926
 443.870047 -1.124148
 444.379073 -1.109038
 444.888098 -1.124073
 445.397123 -1.122525
 445.906148 -1.038380
 446.415174 -1.058668
 446.924199 -1.130979
 447.433224 -1.162300
 447.942250 -1.161883
 448.451275 -1.095867
 448.960300 -1.115924
 449.469325 -1.102179
 449.978351 -1.095591
 450.487376 -1.073324
 450.996401 -1.048252
 451.505427 -1.131039
 452.014452 -1.168490
 452.523477 -1.146531
 453.032502 -1.009334
 453.541528 -1.074843
 454.050553 -1.152070
 454.559578 -1.139278
 455.068604 -1.082935
 455.577629 -1.042669
 456.086654 -1.140122
 456.595679 -1.162280
 457.104705 -1.131131
 457.613730 -1.098204
 458.122755 -1.061059
 458.631780 -1.072210
 459.140806 -1.145504
 459.649831 -1.121066
 460.158856 -1.080635
 460.667882 -1.071824
 461.176907 -1.141714
 461.685932 -1.104705
 462.194957 -1.073019
 462.703983 -1.109801
 463.213008 -1.136496
 463.722033 -1.115838
 464.231059 -1.099254
 464.740084 -1.085238
 465.249109 -1.024007
 465.758134 -1.095689
 466.267160 -1.200163
 466.776185 -1.132677
 467.285210 -1.043603
 467.794236 -1.048618
 468.303261 -1.139073
 468.812286 -1.085670
 469.321311 -1.089636
 469.830337 -1.104183
 470.339362 -1.106767
 470.848387 -1.085466
 471.357413 -1.145192
 471.866438 -1.082669
 472.375463 -1.045248
 472.884488 -1.123533
 473.393514 -1.113805
 473.902539 -1.106188
 474.411564 -1.048232
 474.920590 -1.148636
 475.429615 -1.166213
 475.938640 -1.088065
 476.447665 -1.059280
 476.956691 -1.158843
 477.465716 -1.105318
 477.974741 -1.089778
 478.483767 -1.086578
 478.992792 -1.063866
 479.501817 -1.093405
 480.010842 -1.119003
 480.519868 -1.129053
 481.028893 -1.132397
 481.537918 -1.120000
 482.046944 -1.027411
 482.555969 -1.101701
 483.064994 -1.089595
 483.574019 -1.126348
 484.083045 -1.121026
 484.592070 -1.086533
 485.101095 -1.078903
 485.610121 -1.090274
 486.119146 -1.065581
 486.628171 -1.096810
 487.137196 -1.149540
 487.646222 -1.170887
 488.155247 -1.168869
 488.664272 -1.096647
 489.173297 -1.128371
 489.682323 -1.071397
 490.191348 -1.101292
 490.700373 -1.148375
 491.209399 -1.029212
 491.718424 -1.104817
 492.227449 -1.169966
 492.736474 -1.115079
 493.245500 -1.072356
 493.754525 -1.093067
 494.263550 -1.137958
 494.772576 -1.110749
 495.281601 -1.085634
 495.790626 -1.114547
 496.299651 -1.045299
 496.808677 -1.108772
 497.317702 -1.124078
 497.826727 -1.128844
 498.335753 -1.153097
 498.844778 -1.120478
 499.353803 -1.050949
 499.862828 -1.100528
 500.371854 -1.140677
 500.880879 -1.092104
 501.389904 -1.105006
 501.898930 -1.196831
 502.407955 -1.183062
 502.916980 -1.097153
 503.426005 -1.015986
 503.935031 -1.026404
 504.444056 -1.114480
 504.953081 -1.162087
 505.462107 -1.138474
 505.971132 -1.114523
 506.480157 -1.111009
 506.989182 -1.132802
 507.498208 -1.117051
 508.007233 -1.111022
 508.516258 -1.110523
 509.025284 -1.073017
 509.534309 -1.092102
 510.043334 -1.105478
 510.552359 -1.094916
 511.061385 -1.151932
 511.570410 -1.132714
 512.079435 -1.114642
 512.588461 -1.039584
 513.097486 -1.102082
 513.606511 -1.135207
 514.115536 -1.048590
 514.624562 -1.110263
 515.133587 -1.144424
 515.642612 -1.140710
 516.151638 -1.141745
 516.660663 -1.106867
 517.169688 -1.088803
 517.678713 -1.073276
 518.187739 -1.132227
 518.696764 -1.103690
 519.205789 -1.106848
 519.714815 -1.087765
 520.223840 -1.086073
 520.732865 -1.119510
 521.241890 -1.079492
 521.750916 -1.042509
 522.259941 -1.091902
 522.768966 -1.117306
 523.277991 -1.083887
 523.787017 -1.041270
 524.296042 -1.090998
 524.805067 -1.159121
 525.314093 -1.173661
 525.823118 -1.113595
 526.332143 -1.103027
 526.841168 -1.055040
 527.350194 -1.062570
 527.859219 -1.139285
 528.368244 -1.082733
 528.877270 -1.113180
 529.386295 -1.127429
 529.895320 -1.079424
 530.404345 -1.148923
 530.913371 -1.080412
 531.422396 -1.121904
 531.931421 -1.110764
 532.440447 -1.097448
 532.949472 -1.107356
 533.458497 -1.116807
 533.967522 -1.064772
 534.476548 -1.094129
 534.985573 -1.108221
 535.494598 -1.104058
 536.003624 -1.095500
 536.512649 -1.092562
 537.021674 -1.111517
 537.530699 -1.169823
 538.039725 -1.134917
 538.548750 -1.119963
 539.057775 -1.087353
 539.566801 -1.117661
 540.075826 -1.172296
 540.584851 -1.101288
 541.093876 -1.100499
 541.602902 -1.148704
 542.111927 -1.050933
 542.620952 -1.050197
 543.129978 -1.091920
 543.639003 -1.081165
 544.148028 -1.159587
 544.657053 -1.038318
 545.166079 -1.080938
 545.675104 -1.160827
 546.184129 -1.104875
 546.693155 -1.138830
 547.202180 -1.100237
 547.711205 -1.092829
 548.220230 -1.118169
 548.729256 -1.153024
 549.238281 -1.118820
 549.747306 -1.060306
 550.256332 -1.062688
 550.765357 -1.147197
 551.274382 -1.144931
 551.783407 -1.078177
 552.292433 -1.115958
 552.801458 -1.073773
 553.310483 -1.068353
 553.819509 -1.107844
 554.328534 -1.142365
 554.837559 -1.036764
 555.346584 -1.150222
 555.855610 -1.117390
 556.364635 -1.189979
 556.873660 -1.061717
 557.382685 -1.031633
 557.891711 -1.109023
 558.400736 -1.127106
 558.909761 -1.172487
 559.418787 -1.108622
 559.927812 -1.022481
 560.436837 -1.060962
 560.945862 -1.166404
 561.454888 -1.100750
 561.963913 -1.082133
 562.472938 -1.120098
 562.981964 -1.120889
 563.490989 -1.050986
 564.000014 -1.101176
 564.509039 -1.118431
 565.018065 -1.124321
 565.527090 -1.092696
 566.036115 -1.090286
 566.545141 -1.115015
 567.054166 -1.096475
 567.563191 -1.084394
 568.072216 -1.108560
 568.581242 -1.094786
 569.090267 -1.080671
 569.599292 -1.080300
 570.108318 -1.129019
 570.617343 -1.108391
 571.126368 -1.140391
 571.635393 -1.151684
 572.144419 -1.119223
 572.653444 -1.102596
 573.162469 -1.163597
 573.671495 -1.114222
 574.180520 -1.057408
 574.689545 -1.113067
 575.198570 -1.103272
 575.707596 -1.096214
 576.216621 -1.107893
 576.725646 -1.056864
 577.234672 -1.106365
 577.743697 -1.174835
 578.252722 -1.100667
 578.761747 -1.136655
 579.270773 -1.099305
 579.779798 -1.094796
 580.288823 -1.158450
 580.797849 -1.152668
 581.306874 -1.112118
 581.815899 -1.057969
 582.324924 -1.078199
 582.833950 -1.137809
 583.342975 -1.132086
 583.852000 -1.074365
 584.361026 -1.138013
 584.870051 -1.124221
 585.379076 -1.101324
 585.888101 -1.092170
 586.397127 -1.086838
 586.906152 -1.110966
 587.415177 -1.111462
 587.924203 -1.094640
 588.433228 -1.162653
 588.942253 -1.174145
 589.451278 -1.114504
 589.960304 -1.224582
 590.469329 -1.123732
 590.978354 -1.050200
 591.487379 -1.052239
 591.996405 -1.080776
 592.505430 -1.137990
 593.014455 -1.116661
 593.523481 -1.103824
 594.032506 -1.077018
 594.541531 -1.111122
 595.050556 -1.146662
 595.559582 -1.061230
 596.068607 -1.114016
 596.577632 -1.074661
 597.086658 -1.125048
 597.595683 -1.162359
 598.104708 -1.072025
 598.613733 -1.047049
 599.122759 -1.107610
 599.631784 -1.031670
 600.140809 -1.093121
 600.649835 -1.107035
 601.158860 -1.101193
 601.667885 -1.034760
 602.176910 -1.060571
 602.685936 -1.137062
 603.194961 -1.142894
 603.703986 -1.143922
 604.213012 -1.154463
 604.722037 -1.135891
 605.231062 -1.090961
 605.740087 -1.103321
 606.249113 -1.114022
 606.758138 -1.063341
 607.267163 -1.098302
 607.776189 -1.089026
 608.285214 -1.105265
 608.794239 -1.066918
 609.303264 -1.102455
 609.812290 -1.120978
 610.321315 -1.070625
 610.830340 -1.098137
 611.339366 -1.134876
 611.848391 -1.101486
 612.357416 -1.066376
 612.866441 -1.108870
 613.375467 -1.117387
 613.884492 -1.077036
 614.393517 -1.106785
 614.902543 -1.077375
 615.411568 -1.100812
 615.920593 -1.097521
 616.429618 -1.133014
 616.938644 -1.166482
 617.447669 -1.064801
 617.956694 -1.159547
 618.465720 -1.076217
 618.974745 -1.061417
 619.483770 -1.110767
 619.992795 -1.165582
 620.501821 -1.128323
 621.010846 -1.093100
 621.519871 -1.096602
 622.028897 -1.153952
 622.537922 -1.143485
 623.046947 -1.090007
 623.555972 -1.108806
 624.064998 -1.138710
 624.574023 -1.121063
 625.083048 -1.039894
 625.592073 -1.091721
 626.101099 -1.143370
 626.610124 -1.138349
 627.119149 -1.116201
 627.628175 -1.045286
 628.137200 -1.094405
 628.646225 -1.142822
 629.155250 -1.099341
 629.664276 -1.048378
 630.173301 -1.176133
 630.682326 -1.103929
 631.191352 -1.082446
 631.700377 -1.134307
 632.209402 -1.108939
 632.718427 -1.122637
 633.227453 -1.107531
 633.736478 -1.115195
 634.245503 -1.109840
 634.754529 -1.126145
 635.263554 -1.172798
 635.772579 -1.150683
 636.281604 -1.055518
 636.790630 -1.104394
 637.299655 -1.160428
 637.808680 -1.128174
 638.317706 -1.087585
 638.826731 -1.118406
 639.335756 -1.130835
 639.844781 -1.136970
 640.353807 -1.158482
 640.862832 -1.110730
 641.371857 -1.072735
 641.880883 -1.080025
 642.389908 -1.061568
 642.898933 -1.138031
 643.407958 -1.147114
 643.916984 -1.091466
 644.426009 -1.102065
 644.935034 -1.121238
 645.444060 -1.059500
 645.953085 -1.131890
 646.462110 -1.115937
 646.971135 -1.109534
 647.480161 -1.081050
 647.989186 -1.079829
 648.498211 -1.088733
 649.007237 -1.127360
 649.516262 -1.109083
 650.025287 -1.139150
 650.534312 -1.105248
 651.043338 -1.160898
 651.552363 -1.082016
 652.061388 -1.121702
 652.570414 -1.131140
 653.079439 -1.146258
 653.588464 -1.082306
 654.097489 -1.067618
 654.606515 -1.114897
 655.115540 -1.241206
 655.624565 -1.090608
 656.133591 -1.061791
 656.642616 -1.114068
 657.151641 -1.134733
 657.660666 -1.088027
 658.169692 -1.100912
 658.678717 -1.047712
 659.187742 -1.160596
 659.696767 -1.170594
 660.205793 -1.072745
 660.714818 -1.056307
 661.223843 -1.077074
 661.732869 -1.116688
 662.241894 -1.155044
 662.750919 -1.113883
 663.259944 -1.137419
 663.768970 -1.191690
 664.277995 -1.117006
 664.787020 -1.012287
 665.296046 -1.121745
 665.805071 -1.070338
 666.314096 -1.086790
 666.823121 -1.085312
 667.332147 -1.145131
 667.841172 -1.107746
 668.350197 -1.126113
 668.859223 -1.120414
 669.368248 -1.049621
 669.877273 -1.089530
 670.386298 -1.169812
 670.895324 -1.099759
 671.404349 -1.130121
 671.913374 -1.086742
 672.422400 -1.114651
 672.931425 -1.119166
 673.440450 -1.099628
 673.949475 -1.154233
 674.458501 -1.135547
 674.967526 -1.075679
 675.476551 -1.079814
 675.985577 -1.098607
 676.494602 -1.100895
 677.003627 -1.119867
 677.512652 -1.173984
 678.021678 -1.183728
 678.530703 -1.097175
 679.039728 -1.100392
 679.548754 -1.138469
 680.057779 -1.129578
 680.566804 -1.129453
 681.075829 -1.185376
 681.584855 -1.111356
 682.093880 -1.071833
 682.602905 -1.123959
 683.111931 -1.130889
 683.620956 -1.151668
 684.129981 -1.065997
 684.639006 -1.103244
 685.148032 -1.175868
 685.657057 -1.102244
 686.166082 -1.113983
 686.675108 -1.092198
 687.184133 -1.080117
 687.693158 -1.129219
 688.202183 -1.117686
 688.711209 -1.143619
 689.220234 -1.116963
 689.729259 -1.102945
 690.238285 -1.121637
 690.747310 -1.090161
 691.256335 -1.109023
 691.765360 -1.127093
 692.274386 -1.112892
 692.783411 -1.136330
 693.292436 -1.120909
 693.801461 -1.092380
 694.310487 -1.082672
 694.819512 -1.148403
 695.328537 -1.143012
 695.837563 -1.114532
 696.346588 -1.119585
 696.855613 -1.115711
 697.364638 -1.087278
 697.873664 -1.141291
 698.382689 -1.181359
 698.891714 -1.197028
 699.400740 -1.043804
 699.909765 -1.045047
 700.418790 -1.109731
 700.927815 -1.142726
 701.436841 -1.152347
 701.945866 -1.090141
 702.454891 -1.093150
 702.963917 -1.129327
 703.472942 -1.106583
 703.981967 -1.054769
 704.490992 -1.118674
 705.000018 -1.130911
 705.509043 -1.144863
 706.018068 -1.099424
 706.527094 -1.083720
 707.036119 -1.142423
 707.545144 -1.093497
 708.054169 -1.096270
 708.563195 -1.079506
 709.072220 -1.122163
 709.581245 -1.129982
 710.090271 -1.155921
 710.599296 -1.111159
 711.108321 -1.073170
 711.617346 -1.091474
 712.126372 -1.095368
 712.635397 -1.153612
 713.144422 -1.134137
 713.653448 -1.116878
 714.162473 -1.098887
 714.671498 -1.052508
 715.180523 -1.082973
 715.689549 -1.116470
 716.198574 -1.115420
 716.707599 -1.149057
 717.216625 -1.139486
 717.725650 -1.104991
 718.234675 -1.054336
 718.743700 -1.078463
 719.252726 -1.113996
 719.761751 -1.180383
 720.270776 -1.196199
 720.779802 -1.179228
 721.288827 -1.071810
 721.797852 -1.050119
 722.306877 -1.069099
 722.815903 -1.141425
 723.324928 -1.103762
 723.833953 -1.161189
 724.342979 -1.104869
 724.852004 -1.056536
 725.361029 -1.126975
 725.870054 -1.101544
 726.379080 -1.126147
 726.888105 -1.132257
 727.397130 -1.150346
 727.906155 -1.069879
 728.415181 -1.053908
 728.924206 -1.090953
 729.433231 -1.161497
 729.942257 -1.165088
 730.451282 -1.133853
 730.960307 -1.099107
 731.469332 -1.039921
 731.978358 -1.111214
 732.487383 -1.099835
 732.996408 -1.060062
 733.505434 -1.148277
 734.014459 -1.122717
 734.523484 -1.112647
 735.032509 -1.060246
 735.541535 -1.126989
 736.050560 -1.091481
 736.559585 -1.086817
 737.068611 -1.107885
 737.577636 -1.123511
 738.086661 -1.101799
 738.595686 -1.087993
 739.104712 -1.075501
 739.613737 -1.136719
 740.122762 -1.128181
 740.631788 -1.140876
 741.140813 -1.104134
 741.649838 -1.066389
 742.158863 -1.105112
 742.667889 -1.138973
 743.176914 -1.121937
 743.685939 -1.089580
 744.194965 -1.069859
 744.703990 -1.105651
 745.213015 -1.133237
 745.722040 -1.141665
 746.231066 -1.078358
 746.740091 -1.080934
 747.249116 -1.076533
 747.758142 -1.191310
 748.267167 -1.118632
 748.776192 -1.056963
 749.285217 -1.064881
 749.794243 -1.138099
 750.303268 -1.071855
 750.812293 -1.099302
 751.321319 -1.113483
 751.830344 -1.095608
 752.339369 -1.067809
 752.848394 -1.116449
 753.357420 -1.109207
 753.866445 -1.095980
 754.375470 -1.101260
 754.884496 -1.130039
 755.393521 -1.136405
 755.902546 -1.144123
 756.411571 -1.092121
 756.920597 -1.077942
 757.429622 -1.094331
 757.938647 -1.098302
 758.447673 -1.122355
 758.956698 -1.035642
 759.465723 -1.095926
 759.974748 -1.101358
 760.483774 -1.202377
 760.992799 -1.150369
 761.501824 -1.009772
 762.010849 -1.121328
 762.519875 -1.132874
 763.028900 -1.121320
 763.537925 -1.125978
 764.046951 -1.146764
 764.555976 -1.079804
 765.065001 -1.080470
 765.574026 -1.090826
 766.083052 -1.093701
 766.592077 -1.064855
 767.101102 -1.117626
 767.610128 -1.192429
 768.119153 -1.105336
 768.628178 -1.089631
 769.137203 -1.085144
 769.646229 -1.101171
 770.155254 -1.114733
 770.664279 -1.079169
 771.173305 -1.069308
 771.682330 -1.099573
 772.191355 -1.093662
 772.700380 -1.089532
 773.209406 -1.152678
 773.718431 -1.135353
 774.227456 -1.141482
 774.736482 -1.094145
 775.245507 -1.097286
 775.754532 -1.074980
 776.263557 -1.119241
 776.772583 -1.136466
 777.281608 -1.146768
 777.790633 -1.138537
 778.299659 -1.084690
 778.808684 -1.063862
 779.317709 -1.108946
 779.826734 -1.076731
 780.335760 -1.133453
 780.844785 -1.223915
 781.353810 -1.080350
 781.862836 -1.100674
 782.371861 -1.099276
 782.880886 -1.104270
 783.389911 -1.026815
 783.898937 -1.100262
 784.407962 -1.119896
 784.916987 -1.083356
 785.426013 -1.102789
 785.935038 -1.127282
 786.444063 -1.113022
 786.953088 -1.068266
 787.462114 -1.049839
 787.971139 -1.072667
 788.480164 -1.120198
 788.989190 -1.159125
 789.498215 -1.171338
 790.007240 -1.085933
 790.516265 -1.083359
 791.025291 -1.089769
 791.534316 -1.103232
 792.043341 -1.061550
 792.552366 -1.113059
 793.061392 -1.132189
 793.570417 -1.142476
 794.079442 -1.120331
 794.588468 -1.042546
 795.097493 -1.074546
 795.606518 -1.144652
 796.115543 -1.142316
 796.624569 -1.137753
 797.133594 -1.153606
 797.642619 -1.113152
 798.151645 -1.117265
 798.660670 -1.094963
 799.169695 -1.083745
 799.678720 -1.109568
 800.187746 -1.102907
 800.696771 -1.152196
 801.205796 -1.076943
 801.714822 -1.070499
 802.223847 -1.112516
 802.732872 -1.163978
 803.241897 -1.118070
 803.750923 -1.065450
 804.259948 -1.138660
 804.768973 -1.082556
 805.277999 -1.097322
 805.787024 -1.103376
 806.296049 -1.066407
 806.805074 -1.132515
 807.314100 -1.061651
 807.823125 -1.122719
 808.332150 -1.080468
 808.841176 -1.115582
 809.350201 -1.110284
 809.859226 -1.086822
 810.368251 -1.124874
 810.877277 -1.137270
 811.386302 -1.106614
 811.895327 -1.128038
 812.404353 -1.141173
 812.913378 -1.126888
 813.422403 -1.115581
 813.931428 -1.110706
 814.440454 -1.021225
 814.949479 -1.116506
 815.458504 -1.119902
 815.967530 -1.143995
 816.476555 -1.095111
 816.985580 -1.130178
 817.494605 -1.065288
 818.003631 -1.098632
 818.512656 -1.096249
 819.021681 -1.123836
 819.530707 -1.130538
 820.039732 -1.140782
 820.548757 -1.054443
 821.057782 -1.110258
 821.566808 -1.135607
 822.075833 -1.108537
 822.584858 -1.088509
 823.093884 -1.127274
 823.602909 -1.137761
 824.111934 -1.065765
 824.620959 -1.043539
 825.129985 -1.137750
 825.639010 -1.120536
 826.148035 -1.116178
 826.657060 -1.120905
 827.166086 -1.101291
 827.675111 -1.089045
 828.184136 -1.134044
 828.693162 -1.114597
 829.202187 -1.137855
 829.711212 -1.167442
 830.220237 -1.097269
 830.729263 -1.059180
 831.238288 -1.086205
 831.747313 -1.065092
 832.256339 -1.126109
 832.765364 -1.178729
 833.274389 -1.075931
 833.783414 -1.079432
 834.292440 -1.123993
 834.801465 -1.126287
 835.310490 -1.102745
 835.819516 -1.138556
 836.328541 -1.134353
 836.837566 -1.113835
 837.346591 -1.111444
 837.855617 -1.061057
 838.364642 -1.119338
 838.873667 -1.124980
 839.382693 -1.116258
 839.891718 -1.060697
 840.400743 -1.117816
 840.909768 -1.127017
 841.418794 -1.081536
 841.927819 -1.096078
 842.436844 -1.152943
 842.945870 -1.105892
 843.454895 -1.123493
 843.963920 -1.121607
 844.472945 -1.069498
 844.981971 -1.193784
 845.490996 -1.169103
 846.000021 -1.147925
 846.509047 -1.122003
 847.018072 -1.075141
 847.527097 -1.064169
 848.036122 -1.139565
 848.545148 -1.062501
 849.054173 -1.080202
 849.563198 -1.088040
 850.072224 -1.128421
 850.581249 -1.170130
 851.090274 -1.095458
 851.599299 -1.088988
 852.108325 -1.174163
 852.617350 -1.116726
 853.126375 -1.050130
 853.635401 -1.128425
 854.144426 -1.143038
 854.653451 -1.128035
 855.162476 -1.132578
 855.671502 -1.055591
 856.180527 -1.097210
 856.689552 -1.099196
 857.198578 -1.130639
 857.707603 -1.148375
 858.216628 -1.076955
 858.725653 -1.068599
 859.234679 -1.135368
 859.743704 -1.143215
 860.252729 -1.122072
 860.761754 -1.071960
 861.270780 -1.108824
 861.779805 -1.091149
 862.288830 -1.095286
 862.797856 -1.140164
 863.306881 -1.096741
 863.815906 -1.161480
 864.324931 -1.149177
 864.833957 -1.081694
 865.342982 -1.071466
 865.852007 -1.087920
 866.361033 -1.112589
 866.870058 -1.098851
 867.379083 -1.076466
 867.888108 -1.083780
 868.397134 -1.145765
 868.906159 -1.128903
 869.415184 -1.122977
 869.924210 -1.133159
 870.433235 -1.104248
 870.942260 -1.057645
 871.451285 -1.151768
 871.960311 -1.129768
 872.469336 -1.089733
 872.978361 -1.098594
 873.487387 -1.099438
 873.996412 -1.088157
 874.505437 -1.138938
 875.014462 -1.138722
 875.523488 -1.092562
 876.032513 -1.107971
 876.541538 -1.081184
 877.050564 -1.092834
 877.559589 -1.121128
 878.068614 -1.116986
 878.577639 -1.114385
 879.086665 -1.066127
 879.595690 -1.067362
 880.104715 -1.128382
 880.613741 -1.084660
 881.122766 -1.081789
 881.631791 -1.149570
 882.140816 -1.131434
 882.649842 -1.081486
 883.158867 -1.104282
 883.667892 -1.105222
 884.176918 -1.147854
 884.685943 -1.084290
 885.194968 -1.103581
 885.703993 -1.096927
 886.213019 -1.097720
 886.722044 -1.168063
 887.231069 -1.133420
 887.740095 -1.108725
 888.249120 -1.055678
 888.758145 -1.171955
 889.267170 -1.122419
 889.776196 -1.079504
 890.285221 -1.105608
 890.794246 -1.082204
 891.303272 -1.136251
 891.812297 -1.119324
 892.321322 -1.114343
 892.830347 -1.139011
 893.339373 -1.123911
 893.848398 -1.092920
 894.357423 -1.110401
 894.866448 -1.087779
 895.375474 -1.086583
 895.884499 -1.100113
 896.393524 -1.090924
 896.902550 -1.137076
 897.411575 -1.142725
 897.920600 -1.082401
 898.429625 -1.074351
 898.938651 -1.115803
 899.447676 -1.076362
 899.956701 -1.104950
 900.465727 -1.131197
 900.974752 -1.104441
 901.483777 -1.085581
 901.992802 -1.098797
 902.501828 -1.192814
 903.010853 -1.117656
 903.519878 -1.098397
 904.028904 -1.085129
 904.537929 -1.164981
 905.046954 -1.134818
 905.555979 -1.047299
 906.065005 -1.059372
 906.574030 -1.104253
 907.083055 -1.153096
 907.592081 -1.102907
 908.101106 -1.098552
 908.610131 -1.121484
 909.119156 -1.121409
 909.628182 -1.159938
 910.137207 -1.026254
 910.646232 -1.122794
 911.155258 -1.137006
 911.664283 -1.122397
 912.173308 -1.141094
 912.682333 -1.131693
 913.191359 -1.095855
 913.700384 -1.093315
 914.209409 -1.117051
 914.718435 -1.173886
 915.227460 -1.118699
 915.736485 -1.115345
 916.245510 -1.150707
 916.754536 -1.137682
 917.263561 -1.121148
 917.772586 -1.126487
 918.281612 -1.132965
 918.790637 -1.130640
 919.299662 -1.090112
 919.808687 -1.074407
 920.317713 -1.122586
 920.826738 -1.070375
 921.335763 -1.171202
 921.844789 -1.125922
 922.353814 -1.115694
 922.862839 -1.094122
 923.371864 -1.111663
 923.880890 -1.083603
 924.389915 -1.144206
 924.898940 -1.089489
 925.407966 -1.079702
 925.916991 -1.102404
 926.426016 -1.044781
 926.935041 -1.120623
 927.444067 -1.134899
 927.953092 -1.081561
 928.462117 -1.074641
 928.971142 -1.150520
 929.480168 -1.127475
 929.989193 -1.064919
 930.498218 -1.096921
 931.007244 -1.106754
 931.516269 -1.095417
 932.025294 -1.117600
 932.534319 -1.141263
 933.043345 -1.145207
 933.552370 -1.083779
 934.061395 -1.031732
 934.570421 -1.074386
 935.079446 -1.125991
 935.588471 -1.117335
 936.097496 -1.141528
 936.606522 -1.108734
 937.115547 -1.079122
 937.624572 -1.062292
 938.133598 -1.090622
 938.642623 -1.134086
 939.151648 -1.122245
 939.660673 -1.139620
 940.169699 -1.091132
 940.678724 -1.123788
 941.187749 -1.080676
 941.696775 -1.130577
 942.205800 -1.075022
 942.714825 -1.117439
 943.223850 -1.091769
 943.732876 -1.109369
 944.241901 -1.079609
 944.750926 -1.114158
 945.259952 -1.180574
 945.768977 -1.110166
 946.278002 -1.017701
 946.787027 -1.121486
 947.296053 -1.105405
 947.805078 -1.071829
 948.314103 -1.089368
 948.823129 -1.186121
 949.332154 -1.165605
 949.841179 -1.030308
 950.350204 -1.070434
 950.859230 -1.129094
 951.368255 -1.088427
 951.877280 -1.071015
 952.386306 -1.149312
 952.895331 -1.072179
 953.404356 -1.089399
 953.913381 -1.127345
 954.422407 -1.086150
 954.931432 -1.146714
 955.440457 -1.144837
 955.949483 -1.120833
 956.458508 -1.066885
 956.967533 -1.070401
 957.476558 -1.085480
 957.985584 -1.142110
 958.494609 -1.095916
 959.003634 -1.059640
 959.512660 -1.168774
 960.021685 -1.126979
 960.530710 -1.137749
 961.039735 -1.101308
 961.548761 -1.106249
 962.057786 -1.082637
 962.566811 -1.145069
 963.075836 -1.146313
 963.584862 -1.105411
 964.093887 -1.120493
 964.602912 -1.080854
 965.111938 -1.112147
 965.620963 -1.127706
 966.129988 -1.154529
 966.639013 -1.172263
 967.148039 -1.082164
 967.657064 -1.071433
 968.166089 -1.094743
 968.675115 -1.056406
 969.184140 -1.078311
 969.693165 -1.128022
 970.202190 -1.121128
 970.711216 -1.108104
 971.220241 -1.125616
 971.729266 -1.123100
 972.238292 -1.117345
 972.747317 -1.132746
 973.256342 -1.067509
 973.765367 -1.133495
 974.274393 -1.156517
 974.783418 -1.093244
 975.292443 -1.130401
 975.801469 -1.151364
 976.310494 -1.132057
 976.819519 -1.063481
 977.328544 -1.082402
 977.837570 -1.106237
 978.346595 -1.123882
 978.855620 -1.148198
 979.364646 -1.113767
 979.873671 -1.130473
 980.382696 -1.090078
 980.891721 -1.121788
 981.400747 -1.060961
 981.909772 -1.063527
 982.418797 -1.157858
 982.927823 -1.107044
 983.436848 -1.067692
 983.945873 -1.073636
 984.454898 -1.097466
 984.963924 -1.162727
 985.472949 -1.101301
 985.981974 -1.043225
 986.491000 -1.116448
 987.000025 -1.129829
 987.509050 -1.077475
 988.018075 -1.097679
 988.527101 -1.114995
 989.036126 -1.128756
 989.545151 -1.086113
 990.054177 -1.024455
 990.563202 -1.117084
 991.072227 -1.087538
 991.581252 -1.083333
 992.090278 -1.116672
 992.599303 -1.095829
 993.108328 -1.085898
 993.617354 -1.049447
 994.126379 -1.124798
 994.635404 -1.104797
 995.144429 -1.132872
 995.653455 -1.134758
 996.162480 -1.141881
 996.671505 -1.116238
 997.180530 -1.069702
 997.689556 -1.052335
 998.198581 -1.088654
 998.707606 -1.131747
 999.216632 -1.118722
 999.725657 -1.065037
 1000.234682 -1.094467
 1000.743707 -1.144160
 1001.252733 -1.157493
 1001.761758 -1.175112
 1002.270783 -1.103400
 1002.779809 -1.032295
 1003.288834 -1.070836
 1003.797859 -1.123068
 1004.306884 -1.127008
 1004.815910 -1.118160
 1005.324935 -1.111202
 1005.833960 -1.112274
 1006.342986 -1.069080
 1006.852011 -1.075567
 1007.361036 -1.176241
 1007.870061 -1.075360
 1008.379087 -1.056302
 1008.888112 -1.044959
 1009.397137 -1.108293
 1009.906163 -1.132181
 1010.415188 -1.098672
 1010.924213 -1.078013
 1011.433238 -1.127649
 1011.942264 -1.132025
 1012.451289 -1.098265
 1012.960314 -1.135534
 1013.469340 -1.148376
 1013.978365 -1.104465
 1014.487390 -1.063070
 1014.996415 -1.061823
 1015.505441 -1.140746
 1016.014466 -1.069917
 1016.523491 -1.090966
 1017.032517 -1.108183
 1017.541542 -1.032675
 1018.050567 -1.090633
