#! FIELDS time cv
 0.000000 -0.899951
 0.509025 -0.924529
 1.018051 -0.909706
 1.527076 -0.958020
 2.036101 -0.904473
 2.545126 -0.874271
 3.054152 -0.886629
 3.563177 -0.869609
 4.072202 -0.887812
 4.581228 -0.942468
 5.090253 -0.882034
 5.599278 -0.966123
 6.108303 -0.922089
 6.617329 -1.003440
 7.126354 -0.900289
 7.635379 -0.915757
 8.144405 -0.919520
 8.653430 -0.875583
 9.162455 -0.911582
 9.671480 -0.837009
 10.180506 -0.890674
 10.689531 -0.941297
 11.198556 -1.004903
 11.707582 -0.916955
 12.216607 -0.888273
 12.725632 -0.966916
 13.234657 -0.892215
 13.743683 -0.917780
 14.252708 -0.905356
 14.761733 -0.882549
 15.270759 -0.902724
 15.779784 -0.893072
 16.288809 -0.870179
 16.797834 -0.891311
 17.306860 -0.964558
 17.815885 -0.916631
 18.324910 -0.900329
 18.833935 -0.902504
 19.342961 -0.969671
 19.851986 -0.921129
 20.361011 -0.868429
 20.870037 -0.846880
 21.379062 -0.862115
 21.888087 -0.858112
 22.397112 -0.849915
 22.906138 -0.925216
 23.415163 -0.960826
 23.924188 -0.820038
 24.433214 -0.941155
 24.942239 -0.885544
 25.451264 -0.880776
 25.960289 -0.953544
 26.469315 -0.924143
 26.978340 -0.888061
 27.487365 -0.929348
 27.996391 -0.939676
 28.505416 -0.895181
 29.014441 -0.841573
 29.523466 -0.941067
 30.032492 -0.893323
 30.541517 -0.854619
 31.050542 -0.860580
 31.559568 -0.911234
 32.068593 -0.919820
 32.577618 -0.929433
 33.086643 -0.900068
 33.595669 -0.975345
 34.104694 -0.920044
 34.613719 -0.897603
 35.122745 -0.913116
 35.631770 -0.951635
 36.140795 -0.908871
 36.649820 -0.861446
 37.158846 -0.868284
 37.667871 -0.923831
 38.176896 -0.880390
 38.685922 -0.925898
 39.194947 -0.920343
 39.703972 -0.900002
 40.212997 -0.909063
 40.722023 -0.892295
 41.231048 -0.895714
 41.740073 -0.881952
 42.249099 -0.873498
 42.758124 -0.894193
 43.267149 -0.957338
 43.776174 -0.938185
 44.285200 -0.909371
 44.794225 -0.888905
 45.303250 -0.910359
 45.812276 -0.899208
 46.321301 -0.910987
 46.830326 -0.938903
 47.339351 -0.909485
 47.848377 -0.894475
 48.357402 -0.910043
 48.866427 -0.868283
 49.375453 -0.924902
 49.884478 -0.901326
 50.393503 -0.928651
 50.902528 -0.920761
 51.411554 -0.875690
 51.920579 -0.945785
 52.429604 -0.873376
 52.938629 -0.899816
 53.447655 -0.850088
 53.956680 -0.974512
 54.465705 -0.940749
 54.974731 -0.894185
 55.483756 -0.908139
 55.992781 -0.937197
 56.501806 -0.796238
 57.010832 -0.896829
 57.519857 -0.839360
 58.028882 -0.877765
 58.537908 -0.921205
 59.046933 -0.940761
 59.555958 -0.894240
 60.064983 -0.905086
 60.574009 -0.915532
 61.083034 -0.885448
 61.592059 -0.916185
 62.101085 -0.870387
 62.610110 -0.855543
 63.119135 -0.907290
 63.628160 -0.912001
 64.137186 -0.894813
 64.646211 -0.930565
 65.155236 -0.871745
 65.664262 -0.873578
 66.173287 -0.937158
 66.682312 -0.899090
 67.191337 -0.837366
 67.700363 -0.890863
 68.209388 -0.866645
 68.718413 -0.951201
 69.227439 -0.878459
 69.736464 -0.931294
 70.245489 -0.853739
 70.754514 -0.929565
 71.263540 -0.948762
 71.772565 -0.859881
 72.281590 -0.933878
 72.790616 -0.854589
 73.299641 -0.910464
 73.808666 -0.865156
 74.317691 -0.836978
 74.826717 -0.928541
 75.335742 -0.868390
 75.844767 -0.949918
 76.353793 -0.984590
 76.862818 -0.876989
 77.371843 -0.919599
 77.880868 -0.942064
 78.389894 -0.906702
 78.898919 -0.877666
 79.407944 -0.854721
 79.916970 -0.902271
 80.425995 -0.873059
 80.935020 -0.957305
 81.444045 -0.887621
 81.953071 -0.857926
 82.462096 -0.840698
 82.971121 -0.907579
 83.480147 -0.861896
 83.989172 -0.900355
 84.498197 -0.936690
 85.007222 -0.960953
 85.516248 -0.835670
 86.025273 -0.896541
 86.534298 -0.911285
 87.043323 -0.917556
 87.552349 -0.912188
 88.061374 -0.976107
 88.570399 -0.864242
 89.079425 -0.931290
 89.588450 -0.949876
 90.097475 -1.015281
 90.606500 -0.887301
 91.115526 -0.916794
 91.624551 -0.913889
 92.133576 -0.904200
 92.642602 -0.906194
 93.151627 -0.918365
 93.660652 -0.838928
 94.169677 -0.841701
 94.678703 -0.929451
 95.187728 -0.912267
 95.696753 -0.899113
 96.205779 -0.863181
 96.714804 -0.905761
 97.223829 -0.886010
 97.732854 -0.949743
 98.241880 -0.925233
 98.750905 -0.871717
 99.259930 -0.889160
 99.768956 -0.942836
 100.277981 -0.921503
 100.787006 -0.840862
 101.296031 -0.875552
 101.805057 -0.950080
 102.314082 -0.885758
 102.823107 -0.898978
 103.332133 -0.915499
 103.841158 -0.974111
 104.350183 -0.949578
 104.859208 -0.925544
 105.368234 -0.837117
 105.877259 -0.924824
 106.386284 -0.904442
 106.895310 -0.917084
 107.404335 -0.913494
 107.913360 -0.852497
 108.422385 -0.877608
 108.931411 -0.975831
 109.440436 -0.872857
 109.949461 -0.891677
 110.458487 -0.893331
 110.967512 -0.874386
 111.476537 -0.916472
 111.985562 -0.956198
 112.494588 -0.856953
 113.003613 -0.854014
 113.512638 -0.882128
 114.021664 -0.868506
 114.530689 -0.972442
 115.039714 -0.913520
 115.548739 -0.870365
 116.057765 -0.916229
 116.566790 -0.898465
 117.075815 -0.908865
 117.584841 -0.945927
 118.093866 -0.908882
 118.602891 -0.811913
 119.111916 -0.930959
 119.620942 -0.871747
 120.129967 -0.840405
 120.638992 -0.905849
 121.148017 -0.926649
 121.657043 -0.886773
 122.166068 -0.897305
 122.675093 -0.911338
 123.184119 -0.900932
 123.693144 -0.904330
 124.202169 -0.841341
 124.711194 -0.897280
 125.220220 -0.956996
 125.729245 -0.917127
 126.238270 -0.896031
 126.747296 -0.869597
 127.256321 -0.921454
 127.765346 -0.913998
 128.274371 -0.879662
 128.783397 -0.918450
 129.292422 -0.937997
 129.801447 -0.880256
 130.310473 -0.887974
 130.819498 -0.894016
 131.328523 -0.879909
 131.837548 -0.857447
 132.346574 -0.867603
 132.855599 -0.860867
 133.364624 -0.961288
 133.873650 -0.966230
 134.382675 -0.889705
 134.891700 -0.955179
 135.400725 -0.891801
 135.909751 -0.953837
 136.418776 -0.890844
 136.927801 -0.821568
 137.436827 -0.910333
 137.945852 -0.915997
 138.454877 -0.856253
 138.963902 -0.936844
 139.472928 -0.879749
 139.981953 -0.930360
 140.490978 -0.900287
 141.000004 -0.833346
 141.509029 -0.897547
 142.018054 -0.941801
 142.527079 -0.921102
 143.036105 -0.903176
 143.545130 -0.926816
 144.054155 -0.858272
 144.563181 -0.850995
 145.072206 -0.908108
 145.581231 -0.868592
 146.090256 -0.862735
 146.599282 -0.889018
 147.108307 -0.853209
 147.617332 -0.915227
 148.126358 -0.917418
 148.635383 -0.883617
 149.144408 -0.899092
 149.653433 -0.847075
 150.162459 -0.910285
 150.671484 -0.931622
 151.180509 -0.906328
 151.689535 -0.896473
 152.198560 -0.857700
 152.707585 -0.893502
 153.216610 -0.976643
 153.725636 -0.896774
 154.234661 -0.862448
 154.743686 -0.927008
 155.252711 -0.878326
 155.761737 -0.859853
 156.270762 -0.921577
 156.779787 -0.979493
 157.288813 -0.925092
 157.797838 -0.907532
 158.306863 -0.903002
 158.815888 -0.841994
 159.324914 -0.901607
 159.833939 -0.936077
 160.342964 -0.883640
 160.851990 -0.896585
 161.361015 -0.920280
 161.870040 -0.855991
 162.379065 -0.841650
 162.888091 -0.914593
 163.397116 -0.898841
 163.906141 -0.915740
 164.415167 -0.910328
 164.924192 -0.841405
 165.433217 -0.861024
 165.942242 -0.906085
 166.451268 -0.936783
 166.960293 -0.932401
 167.469318 -0.899388
 167.978344 -0.895010
 168.487369 -0.860497
 168.996394 -1.024394
 169.505419 -0.892724
 170.014445 -0.891385
 170.523470 -0.939931
 171.032495 -0.911782
 171.541521 -0.882400
 172.050546 -0.898728
 172.559571 -0.953737
 173.068596 -0.829285
 173.577622 -0.823741
 174.086647 -0.937502
 174.595672 -0.908490
 175.104698 -0.872190
 175.613723 -0.862538
 176.122748 -0.897794
 176.631773 -0.912826
 177.140799 -0.896082
 177.649824 -0.817232
 178.158849 -0.948271
 178.667875 -0.935438
 179.176900 -0.864796
 179.685925 -0.916912
 180.194950 -0.952172
 180.703976 -0.903526
 181.213001 -0.900324
 181.722026 -0.918852
 182.231052 -0.913704
 182.740077 -0.936447
 183.249102 -0.953792
 183.758127 -0.864316
 184.267153 -0.907046
 184.776178 -0.946680
 185.285203 -0.897109
 185.794228 -0.863118
 186.303254 -0.882668
 186.812279 -0.918189
 187.321304 -0.908736
 187.830330 -0.882669
 188.339355 -0.922602
 188.848380 -0.880801
 189.357405 -0.883881
 189.866431 -0.877661
 190.375456 -0.905294
 190.884481 -0.894379
 191.393507 -0.905967
 191.902532 -0.881889
 192.411557 -0.924459
 192.920582 -0.947166
 193.429608 -0.857040
 193.938633 -0.871769
 194.447658 -0.837603
 194.956684 -0.850763
 195.465709 -0.925071
 195.974734 -0.964003
 196.483759 -0.901406
 196.992785 -0.794335
 197.501810 -0.918755
 198.010835 -0.882942
 198.519861 -0.946576
 199.028886 -0.846239
 199.537911 -0.827615
 200.046936 -0.899909
 200.555962 -0.899931
 201.064987 -0.872436
 201.574012 -0.930319
 202.083038 -0.938663
 202.592063 -0.887355
 203.101088 -0.971918
 203.610113 -0.896040
 204.119139 -0.935652
 204.628164 -0.908015
 205.137189 -1.027463
 205.646215 -0.866033
 206.155240 -0.843545
 206.664265 -0.978375
 207.173290 -0.963937
 207.682316 -0.858763
 208.191341 -0.952395
 208.700366 -0.955996
 209.209392 -0.892517
 209.718417 -0.922321
 210.227442 -0.959408
 210.736467 -0.848705
 211.245493 -0.870766
 211.754518 -0.887996
 212.263543 -0.819059
 212.772569 -0.936023
 213.281594 -0.908228
 213.790619 -0.892453
 214.299644 -0.957944
 214.808670 -0.955937
 215.317695 -0.841122
 215.826720 -0.895237
 216.335746 -0.942005
 216.844771 -0.875573
 217.353796 -0.872073
 217.862821 -0.885911
 218.371847 -0.959073
 218.880872 -0.918981
 219.389897 -0.928042
 219.898922 -0.847147
 220.407948 -0.896369
 220.916973 -0.926655
 221.425998 -0.867447
 221.935024 -0.885222
 222.444049 -0.894617
 222.953074 -0.942760
 223.462099 -0.894345
 223.971125 -0.865636
 224.480150 -0.919920
 224.989175 -0.923977
 225.498201 -0.876696
 226.007226 -0.884479
 226.516251 -0.928426
 227.025276 -0.966684
 227.534302 -0.885832
 228.043327 -0.936560
 228.552352 -0.943726
 229.061378 -0.812014
 229.570403 -0.894520
 230.079428 -0.910384
 230.588453 -0.877693
 231.097479 -0.931319
 231.606504 -0.928829
 232.115529 -0.895763
 232.624555 -0.944327
 233.133580 -0.893782
 233.642605 -0.834850
 234.151630 -0.924968
 234.660656 -0.894941
 235.169681 -0.899611
 235.678706 -0.887354
 236.187732 -0.952226
 236.696757 -0.867375
 237.205782 -0.843115
 237.714807 -0.873492
 238.223833 -0.909100
 238.732858 -0.923123
 239.241883 -0.908824
 239.750909 -0.873574
 240.259934 -0.877359
 240.768959 -0.899306
 241.277984 -0.886712
 241.787010 -0.931929
 242.296035 -0.878115
 242.805060 -0.890414
 243.314086 -0.904613
 243.823111 -0.864619
 244.332136 -0.848565
 244.841161 -0.868421
 245.350187 -0.922017
 245.859212 -0.877738
 246.368237 -0.871650
 246.877263 -0.910545
 247.386288 -0.911813
 247.895313 -0.888994
 248.404338 -0.900437
 248.913364 -0.919942
 249.422389 -0.893944
 249.931414 -0.916751
 250.440440 -0.922307
 250.949465 -0.926579
 251.458490 -0.854214
 251.967515 -0.909091
 252.476541 -0.901032
 252.985566 -0.862090
 253.494591 -0.900971
 254.003616 -0.876091
 254.512642 -0.927487
 255.021667 -0.943938
 255.530692 -0.902618
 256.039718 -0.953909
 256.548743 -0.958331
 257.057768 -0.838926
 257.566793 -0.836529
 258.075819 -0.925060
 258.584844 -0.871246
 259.093869 -0.875723
 259.602895 -0.961012
 260.111920 -0.901185
 260.620945 -0.894908
 261.129970 -0.829179
 261.638996 -0.878672
 262.148021 -0.956722
 262.657046 -0.941370
 263.166072 -0.951474
 263.675097 -0.945244
 264.184122 -0.864469
 264.693147 -0.943386
 265.202173 -0.862368
 265.711198 -0.851520
 266.220223 -0.899279
 266.729249 -0.882078
 267.238274 -0.903267
 267.747299 -0.884905
 268.256324 -0.922106
 268.765350 -0.913206
 269.274375 -0.913165
 269.783400 -0.866085
 270.292426 -0.890990
 270.801451 -0.929326
 271.310476 -0.923278
 271.819501 -0.931773
 272.328527 -0.870997
 272.837552 -0.876847
 273.346577 -0.870730
 273.855603 -0.896523
 274.364628 -0.899686
 274.873653 -0.879177
 275.382678 -0.867994
 275.891704 -0.882607
 276.400729 -0.959053
 276.909754 -0.882449
 277.418780 -0.932119
 277.927805 -0.927584
 278.436830 -0.857564
 278.945855 -0.841343
 279.454881 -0.896891
 279.963906 -0.936691
 280.472931 -0.926327
 280.981957 -0.910234
 281.490982 -0.943717
 282.000007 -0.907608
 282.509032 -0.961407
 283.018058 -0.908860
 283.527083 -0.841992
 284.036108 -0.923755
 284.545134 -0.917464
 285.054159 -0.883628
 285.563184 -0.937695
 286.072209 -0.947613
 286.581235 -0.895114
 287.090260 -0.891771
 287.599285 -0.951600
 288.108310 -0.936090
 288.617336 -0.885873
 289.126361 -0.925416
 289.635386 -0.929391
 290.144412 -0.896314
 290.653437 -0.945243
 291.162462 -0.930999
 291.671487 -0.886927
 292.180513 -0.882349
 292.689538 -0.901971
 293.198563 -0.862261
 293.707589 -0.863230
 294.216614 -0.869031
 294.725639 -0.894436
 295.234664 -0.951548
 295.743690 -0.945200
 296.252715 -0.872877
 296.761740 -0.955641
 297.270766 -0.950100
 297.779791 -0.908783
 298.288816 -0.926020
 298.797841 -0.835297
 299.306867 -0.854341
 299.815892 -0.917835
 300.324917 -0.960654
 300.833943 -0.882956
 301.342968 -0.893258
 301.851993 -0.879767
 302.361018 -0.859839
 302.870044 -0.951700
 303.379069 -0.953142
 303.888094 -0.834008
 304.397120 -0.921798
 304.906145 -0.925523
 305.415170 -0.945585
 305.924195 -0.944495
 306.433221 -0.938887
 306.942246 -0.907384
 307.451271 -0.854163
 307.960297 -0.957902
 308.469322 -0.906355
 308.978347 -0.920679
 309.487372 -0.840665
 309.996398 -0.930718
 310.505423 -0.864697
 311.014448 -0.879422
 311.523474 -0.952261
 312.032499 -0.871967
 312.541524 -0.880326
 313.050549 -0.925735
 313.559575 -0.930035
 314.068600 -0.906846
 314.577625 -0.889220
 315.086651 -0.929644
 315.595676 -0.981854
 316.104701 -0.948324
 316.613726 -0.884297
 317.122752 -0.871152
 317.631777 -0.877510
 318.140802 -0.934179
 318.649828 -0.945743
 319.158853 -0.855527
 319.667878 -0.896305
 320.176903 -0.887369
 320.685929 -0.893138
 321.194954 -0.863293
 321.703979 -0.909608
 322.213004 -0.880056
 322.722030 -0.892095
 323.231055 -0.896440
 323.740080 -0.972968
 324.249106 -0.877534
 324.758131 -0.902988
 325.267156 -0.909383
 325.776181 -0.906077
 326.285207 -0.864118
 326.794232 -0.941460
 327.303257 -0.891246
 327.812283 -0.975825
 328.321308 -0.917984
 328.830333 -0.862925
 329.339358 -0.918540
 329.848384 -0.930451
 330.357409 -0.909471
 330.866434 -0.911140
 331.375460 -0.904302
 331.884485 -0.887731
 332.393510 -0.875397
 332.902535 -0.927146
 333.411561 -0.949212
 333.920586 -0.883389
 334.429611 -0.933186
 334.938637 -0.953103
 335.447662 -0.892751
 335.956687 -0.917987
 336.465712 -0.904104
 336.974738 -0.903462
 337.483763 -0.883298
 337.992788 -0.822667
 338.501814 -0.948517
 339.010839 -0.918260
 339.519864 -0.898424
 340.028889 -0.866688
 340.537915 -0.940905
 341.046940 -0.869138
 341.555965 -0.898982
 342.064991 -0.922852
 342.574016 -0.947075
 343.083041 -0.901930
 343.592066 -0.876023
 344.101092 -0.891919
 344.610117 -0.929672
 345.119142 -0.913821
 345.628168 -0.885053
 346.137193 -0.959462
 346.646218 -0.919868
 347.155243 -0.904881
 347.664269 -0.863604
 348.173294 -0.946404
 348.682319 -0.847853
 349.191345 -0.906657
 349.700370 -0.878897
 350.209395 -0.902899
 350.718420 -0.894988
 351.227446 -0.866911
 351.736471 -0.927421
 352.245496 -0.905097
 352.754522 -0.919503
 353.263547 -0.835199
 353.772572 -0.860302
 354.281597 -0.880544
 354.790623 -0.896335
 355.299648 -0.854327
 355.808673 -0.895881
 356.317698 -0.960989
 356.826724 -0.956259
 357.335749 -0.900497
 357.844774 -0.868455
 358.353800 -0.948370
 358.862825 -0.896359
 359.371850 -0.881722
 359.880875 -0.900367
 360.389901 -0.866079
 360.898926 -0.916493
 361.407951 -0.879772
 361.916977 -0.902409
 362.426002 -0.960478
 362.935027 -0.947845
 363.444052 -0.841365
 363.953078 -0.918628
 364.462103 -0.918709
 364.971128 -0.914147
 365.480154 -0.887805
 365.989179 -0.851388
 366.498204 -0.914885
 367.007229 -0.867171
 367.516255 -0.908640
 368.025280 -0.882353
 368.534305 -0.910784
 369.043331 -0.898419
 369.552356 -0.928214
 370.061381 -0.907951
 370.570406 -0.921250
 371.079432 -0.905525
 371.588457 -0.931247
 372.097482 -0.818413
 372.606508 -0.896479
 373.115533 -0.878935
 373.624558 -0.882645
 374.133583 -0.841172
 374.642609 -0.924924
 375.151634 -0.915364
 375.660659 -0.882823
 376.169685 -0.948024
 376.678710 -0.909889
 377.187735 -0.931399
 377.696760 -0.927541
 378.205786 -0.936536
 378.714811 -0.894757
 379.223836 -0.916252
 379.732862 -0.905336
 380.241887 -0.915379
 380.750912 -0.865449
 381.259937 -0.891263
 381.768963 -0.880494
 382.277988 -0.942655
 382.787013 -0.908589
 383.296039 -0.859682
 383.805064 -0.942131
 384.314089 -0.891172
 384.823114 -0.847805
 385.332140 -0.936835
 385.841165 -0.895084
 386.350190 -0.901767
 386.859216 -0.851371
 387.368241 -0.906292
 387.877266 -0.847171
 388.386291 -1.005474
 388.895317 -0.906849
 389.404342 -0.852933
 389.913367 -0.897141
 390.422392 -0.876433
 390.931418 -0.920905
 391.440443 -0.930567
 391.949468 -0.848278
 392.458494 -0.877449
 392.967519 -0.909465
 393.476544 -0.879114
 393.985569 -0.882146
 394.494595 -0.904229
 395.003620 -0.918921
 395.512645 -0.923661
 396.021671 -0.894074
 396.530696 -0.889781
 397.039721 -0.863289
 397.548746 -0.881353
 398.057772 -0.910267
 398.566797 -0.855022
 399.075822 -0.857095
 399.584848 -0.909201
 400.093873 -0.855193
 400.602898 -0.816606
 401.111923 -0.895096
 401.620949 -0.943072
 402.129974 -0.920517
 402.638999 -0.938668
 403.148025 -0.868941
 403.657050 -0.860721
 404.166075 -0.935316
 404.675100 -0.926557
 405.184126 -0.939447
 405.693151 -0.920349
 406.202176 -0.828991
 406.711202 -0.887008
 407.220227 -0.956950
 407.729252 -0.869312
 408.238277 -0.873469
 408.747303 -0.927408
 409.256328 -0.939219
 409.765353 -0.931039
 410.274379 -0.894932
 410.783404 -0.905728
 411.292429 -0.951245
 411.801454 -0.869239
 412.310480 -0.898321
 412.819505 -0.930780
 413.328530 -0.875664
 413.837556 -0.899429
 414.346581 -0.899876
 414.855606 -0.870726
 415.364631 -0.880608
 415.873657 -0.915849
 416.382682 -0.923745
 416.891707 -0.845684
 417.400733 -0.920340
 417.909758 -0.886011
 418.418783 -0.878528
 418.927808 -0.862009
 419.436834 -0.904437
 419.945859 -0.946583
 420.454884 -0.912620
 420.963910 -0.936011
 421.472935 -0.882654
 421.981960 -0.934970
 422.490985 -0.975895
 423.000011 -0.895825
 423.509036 -0.899802
 424.018061 -0.900089
 424.527086 -0.924173
 425.036112 -0.964899
 425.545137 -0.945304
 426.054162 -0.902631
 426.563188 -0.853023
 427.072213 -0.918034
 427.581238 -0.899972
 428.090263 -0.905632
 428.599289 -0.901141
 429.108314 -0.942243
 429.617339 -0.880476
 430.126365 -0.861349
 430.635390 -0.935256
 431.144415 -0.917213
 431.653440 -0.867539
 432.162466 -0.917377
 432.671491 -0.937144
 433.180516 -0.944761
 433.689542 -0.884776
 434.198567 -0.858098
 434.707592 -0.928534
 435.216617 -0.961343
 435.725643 -0.935393
 436.234668 -0.931558
 436.743693 -0.816184
 437.252719 -0.878035
 437.761744 -0.931563
 438.270769 -0.927295
 438.779794 -0.900641
 439.288820 -0.939952
 439.797845 -0.893575
 440.306870 -0.975002
 440.815896 -0.892431
 441.324921 -0.897887
 441.833946 -0.849094
 442.342971 -0.901285
 442.851997 -0.938934
 443.361022 -0.935248
 443.870047 -0.937891
 444.379073 -0.962317
 444.888098 -0.878212
 445.397123 -0.879441
 445.906148 -0.866231
 446.415174 -0.938052
 446.924199 -0.940858
 447.433224 -0.910680
 447.942250 -0.880710
 448.451275 -0.913358
 448.960300 -0.869713
 449.469325 -0.939424
 449.978351 -0.905595
 450.487376 -0.841971
 450.996401 -0.914127
 451.505427 -0.921594
 452.014452 -0.945633
 452.523477 -0.882551
 453.032502 -0.872319
 453.541528 -0.937379
 454.050553 -0.889916
 454.559578 -0.891251
 455.068604 -0.906732
 455.577629 -0.868872
 456.086654 -0.905260
 456.595679 -0.941093
 457.104705 -0.862320
 457.613730 -0.816616
 458.122755 -0.888769
 458.631780 -0.903942
 459.140806 -0.910346
 459.649831 -0.869745
 460.158856 -0.913138
 460.667882 -0.890584
 461.176907 -0.970393
 461.685932 -0.898859
 462.194957 -0.831973
 462.703983 -0.887487
 463.213008 -0.896408
 463.722033 -0.929442
 464.231059 -0.865412
 464.740084 -0.888489
 465.249109 -0.865851
 465.758134 -0.908865
 466.267160 -0.807219
 466.776185 -0.866210
 467.285210 -0.909840
 467.794236 -0.840618
 468.303261 -0.897375
 468.812286 -0.895031
 469.321311 -0.865237
 469.830337 -0.968318
 470.339362 -0.916122
 470.848387 -0.911197
 471.357413 -0.886884
 471.866438 -0.903330
 472.375463 -0.898253
 472.884488 -0.869535
 473.393514 -0.953423
 473.902539 -0.900250
 474.411564 -0.845896
 474.920590 -0.906514
 475.429615 -0.913659
 475.938640 -0.883695
 476.447665 -0.919084
 476.956691 -0.900112
 477.465716 -0.928847
 477.974741 -0.882567
 478.483767 -0.866488
 478.992792 -0.883272
 479.501817 -0.901917
 480.010842 -0.887198
 480.519868 -0.896062
 481.028893 -0.902553
 481.537918 -0.866805
 482.046944 -0.926305
 482.555969 -0.942997
 483.064994 -0.970088
 483.574019 -0.860790
 484.083045 -0.956270
 484.592070 -0.894707
 485.101095 -0.878162
 485.610121 -0.923337
 486.119146 -0.931446
 486.628171 -0.884025
 487.137196 -0.838496
 487.646222 -0.926313
 488.155247 -0.908968
 488.664272 -0.965577
 489.173297 -0.887552
 489.682323 -0.908691
 490.191348 -0.845433
 490.700373 -0.919693
 491.209399 -0.949407
 491.718424 -0.923066
 492.227449 -0.782927
 492.736474 -0.838742
 493.245500 -0.913812
 493.754525 -0.881935
 494.263550 -0.900793
 494.772576 -0.878404
 495.281601 -0.899117
 495.790626 -0.914006
 496.299651 -0.969058
 496.808677 -0.934844
 497.317702 -0.897774
 497.826727 -0.851723
 498.335753 -1.015946
 498.844778 -0.856908
 499.353803 -0.979836
 499.862828 -0.889189
 500.371854 -0.957501
 500.880879 -0.996059
 501.389904 -0.854657
 501.898930 -0.866932
 502.407955 -0.854233
 502.916980 -0.924667
 503.426005 -0.965950
 503.935031 -0.931026
 504.444056 -0.931332
 504.953081 -0.948354
 505.462107 -0.922977
 505.971132 -0.855153
 506.480157 -0.907637
 506.989182 -0.891793
 507.498208 -0.884670
 508.007233 -0.874257
 508.516258 -0.870823
 509.025284 -0.940550
 509.534309 -0.920978
 510.043334 -0.883908
 510.552359 -0.876226
 511.061385 -0.904837
 511.570410 -0.878862
 512.079435 -0.911355
 512.588461 -0.894773
 513.097486 -0.961708
 513.606511 -0.933803
 514.115536 -0.909114
 514.624562 -0.925502
 515.133587 -0.921629
 515.642612 -0.914793
 516.151638 -0.893860
 516.660663 -0.870867
 517.169688 -0.894481
 517.678713 -0.950984
 518.187739 -0.909054
 518.696764 -0.905392
 519.205789 -0.917272
 519.714815 -0.874524
 520.223840 -0.804621
 520.732865 -0.917606
 521.241890 -0.883680
 521.750916 -0.883244
 522.259941 -0.934194
 522.768966 -0.949101
 523.277991 -0.935320
 523.787017 -0.919424
 524.296042 -0.844535
 524.805067 -0.900630
 525.314093 -0.885113
 525.823118 -0.897663
 526.332143 -0.942790
 526.841168 -0.884330
 527.350194 -0.907262
 527.859219 -0.914892
 528.368244 -0.915787
 528.877270 -0.951569
 529.386295 -0.882427
 529.895320 -0.884464
 530.404345 -0.903001
 530.913371 -0.873272
 531.422396 -0.914925
 531.931421 -0.879771
 532.440447 -0.879426
 532.949472 -0.907165
 533.458497 -0.884276
 533.967522 -0.865552
 534.476548 -0.884405
 534.985573 -0.907420
 535.494598 -0.973436
 536.003624 -0.900450
 536.512649 -0.889238
 537.021674 -0.840761
 537.530699 -0.987499
 538.039725 -0.856035
 538.548750 -0.921437
 539.057775 -0.872730
 539.566801 -0.852687
 540.075826 -0.964166
 540.584851 -0.940700
 541.093876 -0.918550
 541.602902 -0.918181
 542.111927 -0.916262
 542.620952 -0.911112
 543.129978 -0.887148
 543.639003 -0.918737
 544.148028 -0.943750
 544.657053 -0.949249
 545.166079 -0.863079
 545.675104 -0.910881
 546.184129 -0.907872
 546.693155 -0.952320
 547.202180 -0.913944
 547.711205 -0.896240
 548.220230 -0.884864
 548.729256 -0.993574
 549.238281 -0.940356
 549.747306 -0.873325
 550.256332 -0.964229
 550.765357 -0.917680
 551.274382 -0.912530
 551.783407 -0.896269
 552.292433 -0.877566
 552.801458 -0.959798
 553.310483 -0.897558
 553.819509 -0.882872
 554.328534 -0.950436
 554.837559 -0.878789
 555.346584 -0.821613
 555.855610 -0.966268
 556.364635 -0.942701
 556.873660 -0.853199
 557.382685 -0.953882
 557.891711 -0.910801
 558.400736 -0.872066
 558.909761 -0.911632
 559.418787 -0.906798
 559.927812 -0.877548
 560.436837 -0.911198
 560.945862 -0.900271
 561.454888 -0.906582
 561.963913 -0.929715
 562.472938 -0.939768
 562.981964 -0.892042
 563.490989 -0.859509
 564.000014 -0.934228
 564.509039 -0.930214
 565.018065 -0.887277
 565.527090 -0.820873
 566.036115 -0.863733
 566.545141 -0.976340
 567.054166 -0.879805
 567.563191 -0.882379
 568.072216 -0.914462
 568.581242 -0.957901
 569.090267 -0.944220
 569.599292 -0.863660
 570.108318 -0.854117
 570.617343 -0.914614
 571.126368 -0.887492
 571.635393 -0.849857
 572.144419 -0.861190
 572.653444 -0.896112
 573.162469 -0.872937
 573.671495 -0.922290
 574.180520 -0.909533
 574.689545 -0.927030
 575.198570 -0.897717
 575.707596 -0.887978
 576.216621 -0.946950
 576.725646 -0.936814
 577.234672 -0.910360
 577.743697 -0.900719
 578.252722 -0.892299
 578.761747 -0.869242
 579.270773 -0.876715
 579.779798 -0.932249
 580.288823 -0.970811
 580.797849 -0.851392
 581.306874 -0.886541
 581.815899 -0.948020
 582.324924 -0.860448
 582.833950 -0.930697
 583.342975 -0.971394
 583.852000 -0.898853
 584.361026 -0.849702
 584.870051 -0.925182
 585.379076 -0.906240
 585.888101 -0.862871
 586.397127 -0.957060
 586.906152 -0.863177
 587.415177 -0.953212
 587.924203 -0.957864
 588.433228 -0.837692
 588.942253 -0.905895
 589.451278 -0.889871
 589.960304 -0.955504
 590.469329 -0.955405
 590.978354 -0.840345
 591.487379 -0.975943
 591.996405 -0.980801
 592.505430 -0.988333
 593.014455 -0.872978
 593.523481 -0.835075
 594.032506 -0.848805
 594.541531 -0.888024
 595.050556 -0.915533
 595.559582 -0.935824
 596.068607 -0.970214
 596.577632 -0.825771
 597.086658 -0.847917
 597.595683 -0.901554
 598.104708 -0.939236
 598.613733 -0.943972
 599.122759 -0.946452
 599.631784 -0.925457
 600.140809 -0.870000
 600.649835 -0.924731
 601.158860 -0.905565
 601.667885 -0.922648
 602.176910 -0.922889
 602.685936 -0.846451
 603.194961 -0.831834
 603.703986 -0.863830
 604.213012 -0.878091
 604.722037 -0.887066
 605.231062 -0.870812
 605.740087 -0.970380
 606.249113 -0.933535
 606.758138 -0.898677
 607.267163 -0.953187
 607.776189 -0.913400
 608.285214 -0.856432
 608.794239 -0.927989
 609.303264 -0.969869
 609.812290 -0.872253
 610.321315 -0.924186
 610.830340 -0.930686
 611.339366 -0.936182
 611.848391 -0.818574
 612.357416 -0.868034
 612.866441 -0.905720
 613.375467 -0.899285
 613.884492 -0.825515
 614.393517 -0.930323
 614.902543 -0.908953
 615.411568 -0.914132
 615.920593 -0.842588
 616.429618 -0.854077
 616.938644 -0.928023
 617.447669 -0.926540
 617.956694 -0.855029
 618.465720 -0.944790
 618.974745 -0.915294
 619.483770 -0.938314
 619.992795 -0.908295
 620.501821 -0.901737
 621.010846 -0.911118
 621.519871 -0.867143
 622.028897 -0.937086
 622.537922 -0.980165
 623.046947 -0.932013
 623.555972 -0.838289
 624.064998 -0.931017
 624.574023 -0.916216
 625.083048 -0.900869
 625.592073 -0.899390
 626.101099 -0.920424
 626.610124 -0.888022
 627.119149 -0.866660
 627.628175 -0.895800
 628.137200 -0.871347
 628.646225 -0.886242
 629.155250 -0.916883
 629.664276 -0.983164
 630.173301 -0.855112
 630.682326 -0.923289
 631.191352 -0.846129
 631.700377 -0.892862
 632.209402 -0.924125
 632.718427 -0.975709
 633.227453 -0.881009
 633.736478 -0.828607
 634.245503 -0.919022
 634.754529 -0.891884
 635.263554 -0.920856
 635.772579 -0.899111
 636.281604 -0.928926
 636.790630 -0.822263
 637.299655 -0.886466
 637.808680 -0.957087
 638.317706 -0.947944
 638.826731 -0.793416
 639.335756 -0.886462
 639.844781 -0.959588
 640.353807 -0.900842
 640.862832 -0.908587
 641.371857 -0.893378
 641.880883 -0.871593
 642.389908 -0.923815
 642.898933 -0.895078
 643.407958 -0.895342
 643.916984 -0.877878
 644.426009 -0.841420
 644.935034 -0.904488
 645.444060 -0.926510
 645.953085 -0.990354
 646.462110 -0.903804
 646.971135 -0.879858
 647.480161 -0.856629
 647.989186 -0.876167
 648.498211 -0.933954
 649.007237 -0.895772
 649.516262 -0.851220
 650.025287 -0.913076
 650.534312 -0.919030
 651.043338 -0.898195
 651.552363 -0.868803
 652.061388 -0.846587
 652.570414 -0.941515
 653.079439 -0.949312
 653.588464 -0.939549
 654.097489 -0.840913
 654.606515 -0.837937
 655.115540 -0.836901
 655.624565 -0.857897
 656.133591 -0.904663
 656.642616 -0.955558
 657.151641 -0.920340
 657.660666 -0.921015
 658.169692 -0.914346
 658.678717 -0.932930
 659.187742 -0.925946
 659.696767 -0.917879
 660.205793 -0.865708
 660.714818 -0.944439
 661.223843 -0.889355
 661.732869 -0.883443
 662.241894 -0.923824
 662.750919 -0.890267
 663.259944 -0.872825
 663.768970 -0.923214
 664.277995 -0.913449
 664.787020 -0.907265
 665.296046 -0.857374
 665.805071 -0.948496
 666.314096 -0.937312
 666.823121 -0.926906
 667.332147 -0.883928
 667.841172 -0.900921
 668.350197 -0.954171
 668.859223 -0.897242
 669.368248 -0.857558
 669.877273 -0.885383
 670.386298 -0.919047
 670.895324 -0.929887
 671.404349 -0.912598
 671.913374 -0.848819
 672.422400 -0.915605
 672.931425 -0.846783
 673.440450 -0.912799
 673.949475 -0.849765
 674.458501 -0.905473
 674.967526 -0.943266
 675.476551 -0.941913
 675.985577 -0.948373
 676.494602 -0.914883
 677.003627 -0.913487
 677.512652 -0.924878
 678.021678 -0.852295
 678.530703 -0.857278
 679.039728 -0.900595
 679.548754 -0.874693
 680.057779 -0.966385
 680.566804 -0.923315
 681.075829 -0.880341
 681.584855 -0.810462
 682.093880 -0.936273
 682.602905 -0.986502
 683.111931 -0.895396
 683.620956 -0.853644
 684.129981 -0.928268
 684.639006 -0.913676
 685.148032 -0.879952
 685.657057 -0.927576
 686.166082 -0.948846
 686.675108 -0.834169
 687.184133 -0.867162
 687.693158 -0.846865
 688.202183 -0.872037
 688.711209 -0.913945
 689.220234 -0.929533
 689.729259 -0.853694
 690.238285 -0.931978
 690.747310 -0.918158
 691.256335 -0.859388
 691.765360 -0.899470
 692.274386 -0.923901
 692.783411 -0.888602
 693.292436 -0.935485
 693.801461 -0.922287
 694.310487 -0.957842
 694.819512 -0.942693
 695.328537 -0.859437
 695.837563 -0.941042
 696.346588 -0.871959
 696.855613 -0.842192
 697.364638 -0.972627
 697.873664 -0.929441
 698.382689 -0.929462
 698.891714 -0.902179
 699.400740 -0.912293
 699.909765 -0.871055
 700.418790 -0.900131
 700.927815 -0.881811
 701.436841 -0.906021
 701.945866 -0.870538
 702.454891 -0.877501
 702.963917 -0.903852
 703.472942 -0.945401
 703.981967 -0.889464
 704.490992 -0.882187
 705.000018 -0.918571
 705.509043 -0.869363
 706.018068 -0.963797
 706.527094 -0.906868
 707.036119 -0.947212
 707.545144 -0.921834
 708.054169 -0.828066
 708.563195 -0.877518
 709.072220 -0.857662
 709.581245 -0.952831
 710.090271 -0.889182
 710.599296 -0.891840
 711.108321 -0.935933
 711.617346 -0.916598
 712.126372 -0.883121
 712.635397 -0.873247
 713.144422 -0.894788
 713.653448 -0.962185
 714.162473 -0.888325
 714.671498 -0.928883
 715.180523 -0.917013
 715.689549 -0.889245
 716.198574 -0.869617
 716.707599 -0.884254
 717.216625 -0.884803
 717.725650 -0.901042
 718.234675 -0.919762
 718.743700 -0.892305
 719.252726 -0.841967
 719.761751 -0.910784
 720.270776 -0.891728
 720.779802 -0.938206
 721.288827 -0.913269
 721.797852 -0.898259
 722.306877 -0.886113
 722.815903 -0.894717
 723.324928 -0.965010
 723.833953 -0.975923
 724.342979 -0.898600
 724.852004 -0.810760
 725.361029 -0.903861
 725.870054 -0.916070
 726.379080 -0.883114
 726.888105 -0.880197
 727.397130 -0.931247
 727.906155 -0.894274
 728.415181 -0.903116
 728.924206 -0.897357
 729.433231 -0.884857
 729.942257 -0.910687
 730.451282 -0.914688
 730.960307 -0.952439
 731.469332 -0.906400
 731.978358 -0.809384
 732.487383 -0.969060
 732.996408 -0.956624
 733.505434 -0.902677
 734.014459 -0.918713
 734.523484 -0.912357
 735.032509 -0.945072
 735.541535 -0.925400
 736.050560 -0.844621
 736.559585 -0.917978
 737.068611 -0.936430
 737.577636 -0.872285
 738.086661 -0.940220
 738.595686 -0.904966
 739.104712 -0.953037
 739.613737 -0.889996
 740.122762 -0.917710
 740.631788 -0.879279
 741.140813 -0.893424
 741.649838 -0.892260
 742.158863 -0.969777
 742.667889 -0.888386
 743.176914 -0.876771
 743.685939 -0.906926
 744.194965 -0.878055
 744.703990 -0.889333
 745.213015 -0.934992
 745.722040 -0.926479
 746.231066 -0.932927
 746.740091 -0.916120
 747.249116 -0.888427
 747.758142 -0.899403
 748.267167 -0.952143
 748.776192 -0.887028
 749.285217 -0.889470
 749.794243 -0.874504
 750.303268 -0.973182
 750.812293 -0.911500
 751.321319 -0.888198
 751.830344 -0.869853
 752.339369 -0.857772
 752.848394 -0.854620
 753.357420 -0.930264
 753.866445 -0.853039
 754.375470 -0.920014
 754.884496 -0.948197
 755.393521 -0.893325
 755.902546 -0.894316
 756.411571 -0.894483
 756.920597 -0.952841
 757.429622 -0.919196
 757.938647 -0.965591
 758.447673 -0.896247
 758.956698 -0.893897
 759.465723 -0.904496
 759.974748 -0.926410
 760.483774 -0.935997
 760.992799 -0.873519
 761.501824 -0.903770
 762.010849 -0.886621
 762.519875 -0.957699
 763.028900 -0.927363
 763.537925 -0.908083
 764.046951 -0.869918
 764.555976 -0.888643
 765.065001 -0.924676
 765.574026 -0.948312
 766.083052 -0.887152
 766.592077 -0.869028
 767.101102 -0.910196
 767.610128 -0.908736
 768.119153 -0.943521
 768.628178 -0.877915
 769.137203 -0.833389
 769.646229 -0.894701
 770.155254 -0.887634
 770.664279 -0.956313
 771.173305 -0.936655
 771.682330 -0.862627
 772.191355 -0.881375
 772.700380 -0.897529
 773.209406 -0.944794
 773.718431 -0.876456
 774.227456 -0.894911
 774.736482 -0.860506
 775.245507 -0.804127
 775.754532 -0.903874
 776.263557 -0.960839
 776.772583 -0.873287
 777.281608 -0.873194
 777.790633 -0.940557
 778.299659 -0.929447
 778.808684 -0.886886
 779.317709 -0.886521
 779.826734 -0.981858
 780.335760 -0.964745
 780.844785 -0.864369
 781.353810 -0.897555
 781.862836 -0.967371
 782.371861 -0.912638
 782.880886 -0.869500
 783.389911 -0.837866
 783.898937 -0.907399
 784.407962 -0.888042
 784.916987 -0.972743
 785.426013 -0.912877
 785.935038 -0.878149
 786.444063 -0.889878
 786.953088 -0.948733
 787.462114 -0.808156
 787.971139 -0.946319
 788.480164 -0.951615
 788.989190 -0.886695
 789.498215 -0.866767
 790.007240 -0.887753
 790.516265 -0.950880
 791.025291 -0.891126
 791.534316 -0.882557
 792.043341 -0.891335
 792.552366 -0.849556
 793.061392 -0.910318
 793.570417 -0.923490
 794.079442 -0.904755
 794.588468 -0.904052
 795.097493 -0.905425
 795.606518 -0.855341
 796.115543 -0.873544
 796.624569 -0.929587
 797.133594 -0.861236
 797.642619 -0.894755
 798.151645 -0.955381
 798.660670 -0.899882
 799.169695 -0.888408
 799.678720 -0.890130
 800.187746 -0.889963
 800.696771 -0.890109
 801.205796 -0.992019
 801.714822 -0.875393
 802.223847 -0.817381
 802.732872 -0.956982
 803.241897 -0.921435
 803.750923 -0.867180
 804.259948 -0.898893
 804.768973 -0.872797
 805.277999 -0.959835
 805.787024 -0.863390
 806.296049 -0.931163
 806.805074 -0.888188
 807.314100 -0.935348
 807.823125 -0.897154
 808.332150 -0.921632
 808.841176 -0.917979
 809.350201 -0.880768
 809.859226 -0.928200
 810.368251 -0.968844
 810.877277 -0.870407
 811.386302 -0.851653
 811.895327 -0.916109
 812.404353 -0.932781
 812.913378 -0.912522
 813.422403 -0.899162
 813.931428 -0.904104
 814.440454 -0.910705
 814.949479 -0.905692
 815.458504 -0.830220
 815.967530 -0.890748
 816.476555 -0.848964
 816.985580 -0.902139
 817.494605 -0.930293
 818.003631 -0.915177
 818.512656 -0.897893
 819.021681 -0.922364
 819.530707 -0.995888
 820.039732 -0.991349
 820.548757 -0.870002
 821.057782 -0.860731
 821.566808 -0.911886
 822.075833 -0.923368
 822.584858 -0.969031
 823.093884 -0.918942
 823.602909 -0.890267
 824.111934 -0.893068
 824.620959 -0.898687
 825.129985 -0.897138
 825.639010 -0.905003
 826.148035 -0.979276
 826.657060 -0.935928
 827.166086 -0.913789
 827.675111 -0.898035
 828.184136 -0.875225
 828.693162 -0.941691
 829.202187 -0.894230
 829.711212 -0.917626
 830.220237 -0.891436
 830.729263 -0.862628
 831.238288 -0.988633
 831.747313 -0.942727
 832.256339 -0.816888
 832.765364 -0.855835
 833.274389 -0.990924
 833.783414 -0.900654
 834.292440 -0.890142
 834.801465 -0.880623
 835.310490 -0.904215
 835.819516 -0.909797
 836.328541 -0.893056
 836.837566 -0.861129
 837.346591 -0.930368
 837.855617 -0.917268
 838.364642 -0.941129
 838.873667 -0.906151
 839.382693 -0.891983
 839.891718 -0.977237
 840.400743 -0.901403
 840.909768 -0.915748
 841.418794 -0.906354
 841.927819 -0.942653
 842.436844 -0.895929
 842.945870 -0.902044
 843.454895 -0.940182
 843.963920 -0.906065
 844.472945 -0.910851
 844.981971 -0.853142
 845.490996 -0.862738
 846.000021 -0.966725
 846.509047 -0.852025
 847.018072 -0.906641
 847.527097 -0.855196
 848.036122 -0.863342
 848.545148 -0.909708
 849.054173 -0.951132
 849.563198 -0.879323
 850.072224 -0.879848
 850.581249 -0.827184
 851.090274 -0.875720
 851.599299 -0.902078
 852.108325 -0.929558
 852.617350 -0.921422
 853.126375 -0.829510
 853.635401 -0.903337
 854.144426 -0.904338
 854.653451 -0.918312
 855.162476 -0.878574
 855.671502 -0.926371
 856.180527 -0.836359
 856.689552 -0.883976
 857.198578 -0.934264
 857.707603 -0.845172
 858.216628 -0.869989
 858.725653 -0.909559
 859.234679 -0.879082
 859.743704 -0.848947
 860.252729 -0.875848
 860.761754 -1.011443
 861.270780 -0.944680
 861.779805 -0.852207
 862.288830 -0.913147
 862.797856 -0.917067
 863.306881 -0.925271
 863.815906 -0.945358
 864.324931 -0.896389
 864.833957 -0.891574
 865.342982 -0.882735
 865.852007 -0.852554
 866.361033 -0.889495
 866.870058 -0.951967
 867.379083 -0.903059
 867.888108 -0.892319
 868.397134 -0.910774
 868.906159 -0.930593
 869.415184 -0.905441
 869.924210 -0.914369
 870.433235 -0.813420
 870.942260 -0.928163
 871.451285 -0.932741
 871.960311 -0.851721
 872.469336 -0.914590
 872.978361 -0.871005
 873.487387 -0.892378
 873.996412 -0.933652
 874.505437 -0.882042
 875.014462 -0.825605
 875.523488 -0.951879
 876.032513 -0.858530
 876.541538 -0.897873
 877.050564 -0.927976
 877.559589 -0.899941
 878.068614 -0.908225
 878.577639 -0.862492
 879.086665 -0.906709
 879.595690 -0.946890
 880.104715 -0.895998
 880.613741 -0.897222
 881.122766 -0.950525
 881.631791 -0.880618
 882.140816 -0.953730
 882.649842 -0.933871
 883.158867 -0.889399
 883.667892 -0.894245
 884.176918 -0.842777
 884.685943 -0.885934
 885.194968 -0.868531
 885.703993 -0.883077
 886.213019 -0.885508
 886.722044 -0.928757
 887.231069 -0.868749
 887.740095 -0.829125
 888.249120 -0.951274
 888.758145 -0.924142
 889.267170 -0.894119
 889.776196 -0.892363
 890.285221 -0.887839
 890.794246 -0.954225
 891.303272 -0.934647
 891.812297 -0.960514
 892.321322 -0.872651
 892.830347 -0.878026
 893.339373 -0.894516
 893.848398 -0.887265
 894.357423 -0.883294
 894.866448 -0.923693
 895.375474 -0.901803
 895.884499 -0.923846
 896.393524 -0.955601
 896.902550 -0.886883
 897.411575 -0.863868
 897.920600 -0.904948
 898.429625 -0.861850
 898.938651 -0.877296
 899.447676 -0.922459
 899.956701 -1.003299
 900.465727 -0.876424
 900.974752 -0.920299
 901.483777 -0.921189
 901.992802 -0.904711
 902.501828 -0.946777
 903.010853 -0.901662
 903.519878 -0.893360
 904.028904 -0.933346
 904.537929 -0.869077
 905.046954 -0.905130
 905.555979 -0.865976
 906.065005 -0.877344
 906.574030 -0.951327
 907.083055 -0.902218
 907.592081 -0.915533
 908.101106 -0.917349
 908.610131 -0.890703
 909.119156 -0.871213
 909.628182 -0.889186
 910.137207 -0.960128
 910.646232 -0.883344
 911.155258 -0.916811
 911.664283 -0.894627
 912.173308 -0.892995
 912.682333 -0.945902
 913.191359 -0.882109
 913.700384 -0.920653
 914.209409 -0.920923
 914.718435 -0.890462
 915.227460 -0.881805
 915.736485 -0.905521
 916.245510 -0.865556
 916.754536 -0.933218
 917.263561 -0.896571
 917.772586 -0.915010
 918.281612 -0.926032
 918.790637 -0.929856
 919.299662 -0.970875
 919.808687 -0.936567
 920.317713 -0.885876
 920.826738 -0.888139
 921.335763 -0.893419
 921.844789 -0.894528
 922.353814 -0.883182
 922.862839 -0.928787
 923.371864 -0.959756
 923.880890 -0.849357
 924.389915 -0.869244
 924.898940 -0.904809
 925.407966 -0.885392
 925.916991 -0.899738
 926.426016 -0.904418
 926.935041 -0.930117
 927.444067 -0.950880
 927.953092 -0.848799
 928.462117 -0.853689
 928.971142 -0.970504
 929.480168 -0.873971
 929.989193 -0.834975
 930.498218 -0.834494
 931.007244 -0.881283
 931.516269 -0.924940
 932.025294 -0.968789
 932.534319 -0.915969
 933.043345 -0.894727
 933.552370 -0.917301
 934.061395 -0.928837
 934.570421 -0.926845
 935.079446 -0.913107
 935.588471 -0.916885
 936.097496 -0.845825
 936.606522 -0.888302
 937.115547 -0.912227
 937.624572 -0.935739
 938.133598 -0.903283
 938.642623 -0.912976
 939.151648 -0.926603
 939.660673 -0.904103
 940.169699 -0.952144
 940.678724 -0.940709
 941.187749 -0.867313
 941.696775 -0.915946
 942.205800 -0.888052
 942.714825 -0.928166
 943.223850 -0.904456
 943.732876 -0.932180
 944.241901 -0.906603
 944.750926 -0.910191
 945.259952 -0.880743
 945.768977 -0.859128
 946.278002 -0.868788
 946.787027 -0.923417
 947.296053 -0.982728
 947.805078 -0.917775
 948.314103 -0.913577
 948.823129 -0.955049
 949.332154 -0.845002
 949.841179 -0.874566
 950.350204 -0.944399
 950.859230 -0.956477
 951.368255 -0.990311
 951.877280 -0.866047
 952.386306 -0.816702
 952.895331 -0.908238
 953.404356 -0.852901
 953.913381 -0.941218
 954.422407 -0.843944
 954.931432 -0.922013
 955.440457 -0.895785
 955.949483 -0.866279
 956.458508 -0.865160
 956.967533 -0.948502
 957.476558 -0.855340
 957.985584 -0.888311
 958.494609 -0.967376
 959.003634 -0.891152
 959.512660 -0.938294
 960.021685 -0.885802
 960.530710 -0.935000
 961.039735 -0.877466
 961.548761 -0.907103
 962.057786 -0.936935
 962.566811 -0.992810
 963.075836 -0.915103
 963.584862 -0.895092
 964.093887 -0.882594
 964.602912 -0.929836
 965.111938 -0.937461
 965.620963 -0.843426
 966.129988 -0.906642
 966.639013 -0.905596
 967.148039 -0.905514
 967.657064 -0.907159
 968.166089 -0.907083
 968.675115 -0.880633
 969.184140 -0.905117
 969.693165 -0.915463
 970.202190 -0.840007
 970.711216 -0.852035
 971.220241 -0.915894
 971.729266 -0.883913
 972.238292 -0.925026
 972.747317 -0.862558
 973.256342 -0.886304
 973.765367 -0.916081
 974.274393 -0.903338
 974.783418 -0.846057
 975.292443 -0.943218
 975.801469 -0.926318
 976.310494 -0.846053
 976.819519 -0.880399
 977.328544 -0.867258
 977.837570 -0.938163
 978.346595 -0.880051
 978.855620 -0.896696
 979.364646 -0.898870
 979.873671 -0.921904
 980.382696 -0.880257
 980.891721 -0.891889
 981.400747 -0.895042
 981.909772 -0.914495
 982.418797 -0.861052
 982.927823 -0.925469
 983.436848 -0.905568
 983.945873 -0.965887
 984.454898 -0.842786
 984.963924 -0.870588
 985.472949 -0.942893
 985.981974 -0.858336
 986.491000 -0.893324
 987.000025 -0.892227
 987.509050 -0.856959
 988.018075 -0.940644
 988.527101 -0.896302
 989.036126 -0.836672
 989.545151 -0.911327
 990.054177 -0.866570
 990.563202 -0.932813
 991.072227 -0.981487
 991.581252 -0.947863
 992.090278 -0.916122
 992.599303 -0.857026
 993.108328 -0.866492
 993.617354 -0.958701
 994.126379 -0.922641
 994.635404 -0.883805
 995.144429 -0.858419
 995.653455 -0.908407
 996.162480 -0.885819
 996.671505 -0.918940
 997.180530 -0.929704
 997.689556 -0.868077
 998.198581 -0.938480
 998.707606 -0.870811
 999.216632 -0.882285
 999.725657 -0.892363
 1000.234682 -0.886933
 1000.743707 -0.896106
 1001.252733 -0.910856
 1001.761758 -0.888942
 1002.270783 -0.881862
 1002.779809 -0.917058
 1003.288834 -0.914643
 1003.797859 -0.927455
 1004.306884 -0.928328
 1004.815910 -0.893408
 1005.324935 -0.924852
 1005.833960 -0.888308
 1006.342986 -0.902460
 1006.852011 -0.898425
 1007.361036 -0.886968
 1007.870061 -0.924151
 1008.379087 -0.904014
 1008.888112 -0.963516
 1009.397137 -0.925369
 1009.906163 -0.892310
 1010.415188 -0.851083
 1010.924213 -0.950899
 1011.433238 -0.913938
 1011.942264 -0.867990
 1012.451289 -0.842755
 1012.960314 -0.900049
 1013.469340 -0.917593
 1013.978365 -0.848551
 1014.487390 -0.920049
 1014.996415 -0.877666
 1015.505441 -0.855214
 1016.014466 -0.867289
 1016.523491 -0.957797
 1017.032517 -0.951890
 1017.541542 -0.833940
 1018.050567 -0.853825
