#! FIELDS time cv
 0.000000 -1.259603
 0.509025 -1.329034
 1.018051 -1.494344
 1.527076 -1.508990
 2.036101 -1.438868
 2.545126 -1.439450
 3.054152 -1.484320
 3.563177 -1.389226
 4.072202 -1.376694
 4.581228 -1.370455
 5.090253 -1.387309
 5.599278 -1.351727
 6.108303 -1.446919
 6.617329 -1.343335
 7.126354 -1.330016
 7.635379 -1.339872
 8.144405 -1.414657
 8.653430 -1.448397
 9.162455 -1.309517
 9.671480 -1.379813
 10.180506 -1.404492
 10.689531 -1.404445
 11.198556 -1.366767
 11.707582 -1.317563
 12.216607 -1.427864
 12.725632 -1.435830
 13.234657 -1.355249
 13.743683 -1.411407
 14.252708 -1.348624
 14.761733 -1.495698
 15.270759 -1.398392
 15.779784 -1.306824
 16.288809 -1.378520
 16.797834 -1.367927
 17.306860 -1.318972
 17.815885 -1.369938
 18.324910 -1.414335
 18.833935 -1.403446
 19.342961 -1.459834
 19.851986 -1.371022
 20.361011 -1.361589
 20.870037 -1.396905
 21.379062 -1.432529
 21.888087 -1.351880
 22.397112 -1.331002
 22.906138 -1.434988
 23.415163 -1.367227
 23.924188 -1.422038
 24.433214 -1.398625
 24.942239 -1.353476
 25.451264 -1.355429
 25.960289 -1.326436
 26.469315 -1.385467
 26.978340 -1.382529
 27.487365 -1.392658
 27.996391 -1.402396
 28.505416 -1.366861
 29.014441 -1.413933
 29.523466 -1.430105
 30.032492 -1.363046
 30.541517 -1.396084
 31.050542 -1.436837
 31.559568 -1.389226
 32.068593 -1.385457
 32.577618 -1.379603
 33.086643 -1.371902
 33.595669 -1.438377
 34.104694 -1.387042
 34.613719 -1.394998
 35.122745 -1.379152
 35.631770 -1.397840
 36.140795 -1.433970
 36.649820 -1.392227
 37.158846 -1.318484
 37.667871 -1.421985
 38.176896 -1.416607
 38.685922 -1.391532
 39.194947 -1.371518
 39.703972 -1.409721
 40.212997 -1.444979
 40.722023 -1.388750
 41.231048 -1.318659
 41.740073 -1.415915
 42.249099 -1.352772
 42.758124 -1.346955
 43.267149 -1.355208
 43.776174 -1.450863
 44.285200 -1.348562
 44.794225 -1.425400
 45.303250 -1.424294
 45.812276 -1.351104
 46.321301 -1.358241
 46.830326 -1.422597
 47.339351 -1.368910
 47.848377 -1.405064
 48.357402 -1.384288
 48.866427 -1.350200
 49.375453 -1.379696
 49.884478 -1.329315
 50.393503 -1.376944
 50.902528 -1.395863
 51.411554 -1.366974
 51.920579 -1.394377
 52.429604 -1.422528
 52.938629 -1.354075
 53.447655 -1.361397
 53.956680 -1.394032
 54.465705 -1.349324
 54.974731 -1.384357
 55.483756 -1.397715
 55.992781 -1.330759
 56.501806 -1.334945
 57.010832 -1.416960
 57.519857 -1.438300
 58.028882 -1.335225
 58.537908 -1.412217
 59.046933 -1.448153
 59.555958 -1.393609
 60.064983 -1.346365
 60.574009 -1.408046
 61.083034 -1.428275
 61.592059 -1.338810
 62.101085 -1.419509
 62.610110 -1.437857
 63.119135 -1.347133
 63.628160 -1.358070
 64.137186 -1.418852
 64.646211 -1.384905
 65.155236 -1.375434
 65.664262 -1.359683
 66.173287 -1.411130
 66.682312 -1.403826
 67.191337 -1.413337
 67.700363 -1.354512
 68.209388 -1.385278
 68.718413 -1.386516
 69.227439 -1.424937
 69.736464 -1.357430
 70.245489 -1.354694
 70.754514 -1.408764
 71.263540 -1.367606
 71.772565 -1.396558
 72.281590 -1.406074
 72.790616 -1.382006
 73.299641 -1.330144
 73.808666 -1.453399
 74.317691 -1.390549
 74.826717 -1.353969
 75.335742 -1.413736
 75.844767 -1.412433
 76.353793 -1.409895
 76.862818 -1.332635
 77.371843 -1.369652
 77.880868 -1.425999
 78.389894 -1.348792
 78.898919 -1.408072
 79.407944 -1.429605
 79.916970 -1.310162
 80.425995 -1.384411
 80.935020 -1.382801
 81.444045 -1.436104
 81.953071 -1.336407
 82.462096 -1.299036
 82.971121 -1.376325
 83.480147 -1.408154
 83.989172 -1.332054
 84.498197 -1.333964
 85.007222 -1.430317
 85.516248 -1.345160
 86.025273 -1.318056
 86.534298 -1.397077
 87.043323 -1.410664
 87.552349 -1.436797
 88.061374 -1.393863
 88.570399 -1.377526
 89.079425 -1.416284
 89.588450 -1.357098
 90.097475 -1.362061
 90.606500 -1.400252
 91.115526 -1.366933
 91.624551 -1.339446
 92.133576 -1.385782
 92.642602 -1.405408
 93.151627 -1.428758
 93.660652 -1.350848
 94.169677 -1.379189
 94.678703 -1.411868
 95.187728 -1.359192
 95.696753 -1.352014
 96.205779 -1.389541
 96.714804 -1.392501
 97.223829 -1.401975
 97.732854 -1.384002
 98.241880 -1.377054
 98.750905 -1.384684
 99.259930 -1.391696
 99.768956 -1.404917
 100.277981 -1.421866
 100.787006 -1.368047
 101.296031 -1.374349
 101.805057 -1.419980
 102.314082 -1.420340
 102.823107 -1.298430
 103.332133 -1.483229
 103.841158 -1.463209
 104.350183 -1.420681
 104.859208 -1.385048
 105.368234 -1.379584
 105.877259 -1.368216
 106.386284 -1.422047
 106.895310 -1.421512
 107.404335 -1.422897
 107.913360 -1.419600
 108.422385 -1.340263
 108.931411 -1.357783
 109.440436 -1.433404
 109.949461 -1.402138
 110.458487 -1.438555
 110.967512 -1.414297
 111.476537 -1.377626
 111.985562 -1.362586
 112.494588 -1.452306
 113.003613 -1.398100
 113.512638 -1.352646
 114.021664 -1.413426
 114.530689 -1.449556
 115.039714 -1.356412
 115.548739 -1.343567
 116.057765 -1.390127
 116.566790 -1.401384
 117.075815 -1.352715
 117.584841 -1.333933
 118.093866 -1.379880
 118.602891 -1.386455
 119.111916 -1.441373
 119.620942 -1.407695
 120.129967 -1.393832
 120.638992 -1.337986
 121.148017 -1.385329
 121.657043 -1.383997
 122.166068 -1.390503
 122.675093 -1.388266
 123.184119 -1.366243
 123.693144 -1.443570
 124.202169 -1.434332
 124.711194 -1.289748
 125.220220 -1.413598
 125.729245 -1.476158
 126.238270 -1.363060
 126.747296 -1.297371
 127.256321 -1.422265
 127.765346 -1.421119
 128.274371 -1.293509
 128.783397 -1.356547
 129.292422 -1.457712
 129.801447 -1.420476
 130.310473 -1.343824
 130.819498 -1.319818
 131.328523 -1.379135
 131.837548 -1.401485
 132.346574 -1.361685
 132.855599 -1.393860
 133.364624 -1.391533
 133.873650 -1.411241
 134.382675 -1.401118
 134.891700 -1.418183
 135.400725 -1.431112
 135.909751 -1.326611
 136.418776 -1.359822
 136.927801 -1.427306
 137.436827 -1.400476
 137.945852 -1.365029
 138.454877 -1.370587
 138.963902 -1.456566
 139.472928 -1.400369
 139.981953 -1.344150
 140.490978 -1.403944
 141.000004 -1.410541
 141.509029 -1.378921
 142.018054 -1.397080
 142.527079 -1.342540
 143.036105 -1.416931
 143.545130 -1.375468
 144.054155 -1.380060
 144.563181 -1.362818
 145.072206 -1.411210
 145.581231 -1.381314
 146.090256 -1.398709
 146.599282 -1.370995
 147.108307 -1.378255
 147.617332 -1.393594
 148.126358 -1.376688
 148.635383 -1.383034
 149.144408 -1.405929
 149.653433 -1.377101
 150.162459 -1.416872
 150.671484 -1.390459
 151.180509 -1.385068
 151.689535 -1.368568
 152.198560 -1.417169
 152.707585 -1.398623
 153.216610 -1.231285
 153.725636 -1.423844
 154.234661 -1.439108
 154.743686 -1.285880
 155.252711 -1.409099
 155.761737 -1.475367
 156.270762 -1.402929
 156.779787 -1.389608
 157.288813 -1.412747
 157.797838 -1.377263
 158.306863 -1.406676
 158.815888 -1.422867
 159.324914 -1.431755
 159.833939 -1.362294
 160.342964 -1.381672
 160.851990 -1.399178
 161.361015 -1.378364
 161.870040 -1.403355
 162.379065 -1.358632
 162.888091 -1.456550
 163.397116 -1.391086
 163.906141 -1.385953
 164.415167 -1.350006
 164.924192 -1.433753
 165.433217 -1.426810
 165.942242 -1.400993
 166.451268 -1.334310
 166.960293 -1.352796
 167.469318 -1.369837
 167.978344 -1.432090
 168.487369 -1.442767
 168.996394 -1.339216
 169.505419 -1.326941
 170.014445 -1.439302
 170.523470 -1.412985
 171.032495 -1.332421
 171.541521 -1.386676
 172.050546 -1.412514
 172.559571 -1.413361
 173.068596 -1.392415
 173.577622 -1.363723
 174.086647 -1.389194
 174.595672 -1.400706
 175.104698 -1.335661
 175.613723 -1.373806
 176.122748 -1.425275
 176.631773 -1.354234
 177.140799 -1.319771
 177.649824 -1.438389
 178.158849 -1.369976
 178.667875 -1.373703
 179.176900 -1.388328
 179.685925 -1.352397
 180.194950 -1.398194
 180.703976 -1.436583
 181.213001 -1.431297
 181.722026 -1.359408
 182.231052 -1.399813
 182.740077 -1.494875
 183.249102 -1.331638
 183.758127 -1.320041
 184.267153 -1.434039
 184.776178 -1.501870
 185.285203 -1.370134
 185.794228 -1.324712
 186.303254 -1.366024
 186.812279 -1.367761
 187.321304 -1.353979
 187.830330 -1.408740
 188.339355 -1.418343
 188.848380 -1.316177
 189.357405 -1.392542
 189.866431 -1.392046
 190.375456 -1.369240
 190.884481 -1.401679
 191.393507 -1.450005
 191.902532 -1.362042
 192.411557 -1.392250
 192.920582 -1.340199
 193.429608 -1.365002
 193.938633 -1.389222
 194.447658 -1.386392
 194.956684 -1.428578
 195.465709 -1.418990
 195.974734 -1.370944
 196.483759 -1.362171
 196.992785 -1.383435
 197.501810 -1.371648
 198.010835 -1.412062
 198.519861 -1.381108
 199.028886 -1.338057
 199.537911 -1.478230
 200.046936 -1.404107
 200.555962 -1.323538
 201.064987 -1.343362
 201.574012 -1.439257
 202.083038 -1.363362
 202.592063 -1.352825
 203.101088 -1.424052
 203.610113 -1.396815
 204.119139 -1.338943
 204.628164 -1.327370
 205.137189 -1.410315
 205.646215 -1.411909
 206.155240 -1.338785
 206.664265 -1.361566
 207.173290 -1.401643
 207.682316 -1.375434
 208.191341 -1.339720
 208.700366 -1.411683
 209.209392 -1.468863
 209.718417 -1.416512
 210.227442 -1.368867
 210.736467 -1.347540
 211.245493 -1.373816
 211.754518 -1.340687
 212.263543 -1.367797
 212.772569 -1.436979
 213.281594 -1.384869
 213.790619 -1.334385
 214.299644 -1.353654
 214.808670 -1.411750
 215.317695 -1.345081
 215.826720 -1.323378
 216.335746 -1.377873
 216.844771 -1.401128
 217.353796 -1.399778
 217.862821 -1.430186
 218.371847 -1.340934
 218.880872 -1.338257
 219.389897 -1.334471
 219.898922 -1.349507
 220.407948 -1.422060
 220.916973 -1.354547
 221.425998 -1.360672
 221.935024 -1.413922
 222.444049 -1.433851
 222.953074 -1.427177
 223.462099 -1.332263
 223.971125 -1.377420
 224.480150 -1.401444
 224.989175 -1.333447
 225.498201 -1.405355
 226.007226 -1.439842
 226.516251 -1.400753
 227.025276 -1.345388
 227.534302 -1.305880
 228.043327 -1.428115
 228.552352 -1.455718
 229.061378 -1.380620
 229.570403 -1.375036
 230.079428 -1.336283
 230.588453 -1.364606
 231.097479 -1.425228
 231.606504 -1.415154
 232.115529 -1.316807
 232.624555 -1.383152
 233.133580 -1.430741
 233.642605 -1.372105
 234.151630 -1.388167
 234.660656 -1.399574
 235.169681 -1.378732
 235.678706 -1.377858
 236.187732 -1.389197
 236.696757 -1.404186
 237.205782 -1.342033
 237.714807 -1.352471
 238.223833 -1.456283
 238.732858 -1.427635
 239.241883 -1.405700
 239.750909 -1.376155
 240.259934 -1.352553
 240.768959 -1.391955
 241.277984 -1.396494
 241.787010 -1.407153
 242.296035 -1.367355
 242.805060 -1.458402
 243.314086 -1.378215
 243.823111 -1.282565
 244.332136 -1.448155
 244.841161 -1.361804
 245.350187 -1.326553
 245.859212 -1.431588
 246.368237 -1.382975
 246.877263 -1.321655
 247.386288 -1.410564
 247.895313 -1.415598
 248.404338 -1.379998
 248.913364 -1.347044
 249.422389 -1.432950
 249.931414 -1.393490
 250.440440 -1.366237
 250.949465 -1.385822
 251.458490 -1.388623
 251.967515 -1.349680
 252.476541 -1.392846
 252.985566 -1.442264
 253.494591 -1.351543
 254.003616 -1.351944
 254.512642 -1.398464
 255.021667 -1.463531
 255.530692 -1.460702
 256.039718 -1.376004
 256.548743 -1.360139
 257.057768 -1.415479
 257.566793 -1.405666
 258.075819 -1.380132
 258.584844 -1.341888
 259.093869 -1.371857
 259.602895 -1.436740
 260.111920 -1.383111
 260.620945 -1.314732
 261.129970 -1.390100
 261.638996 -1.442481
 262.148021 -1.323479
 262.657046 -1.366014
 263.166072 -1.394092
 263.675097 -1.373804
 264.184122 -1.313593
 264.693147 -1.324999
 265.202173 -1.448539
 265.711198 -1.376133
 266.220223 -1.333441
 266.729249 -1.403063
 267.238274 -1.469714
 267.747299 -1.348400
 268.256324 -1.366001
 268.765350 -1.428036
 269.274375 -1.344763
 269.783400 -1.380506
 270.292426 -1.383488
 270.801451 -1.398182
 271.310476 -1.347160
 271.819501 -1.390954
 272.328527 -1.470789
 272.837552 -1.315408
 273.346577 -1.362234
 273.855603 -1.421940
 274.364628 -1.369718
 274.873653 -1.354572
 275.382678 -1.431730
 275.891704 -1.403316
 276.400729 -1.327368
 276.909754 -1.346207
 277.418780 -1.441151
 277.927805 -1.356747
 278.436830 -1.320043
 278.945855 -1.364136
 279.454881 -1.376044
 279.963906 -1.410700
 280.472931 -1.415205
 280.981957 -1.445170
 281.490982 -1.345937
 282.000007 -1.349931
 282.509032 -1.374208
 283.018058 -1.356896
 283.527083 -1.377263
 284.036108 -1.376192
 284.545134 -1.380257
 285.054159 -1.416167
 285.563184 -1.334418
 286.072209 -1.418206
 286.581235 -1.461364
 287.090260 -1.366954
 287.599285 -1.328380
 288.108310 -1.392726
 288.617336 -1.438241
 289.126361 -1.439497
 289.635386 -1.385045
 290.144412 -1.351694
 290.653437 -1.426733
 291.162462 -1.404965
 291.671487 -1.418481
 292.180513 -1.399405
 292.689538 -1.389752
 293.198563 -1.360821
 293.707589 -1.364027
 294.216614 -1.403309
 294.725639 -1.390082
 295.234664 -1.365546
 295.743690 -1.362066
 296.252715 -1.398842
 296.761740 -1.379339
 297.270766 -1.374190
 297.779791 -1.380453
 298.288816 -1.400431
 298.797841 -1.355952
 299.306867 -1.357759
 299.815892 -1.416068
 300.324917 -1.351698
 300.833943 -1.347176
 301.342968 -1.390868
 301.851993 -1.409248
 302.361018 -1.363056
 302.870044 -1.451381
 303.379069 -1.389324
 303.888094 -1.343782
 304.397120 -1.371125
 304.906145 -1.370366
 305.415170 -1.370508
 305.924195 -1.371534
 306.433221 -1.396838
 306.942246 -1.429294
 307.451271 -1.361306
 307.960297 -1.422263
 308.469322 -1.457683
 308.978347 -1.349532
 309.487372 -1.363399
 309.996398 -1.370880
 310.505423 -1.366932
 311.014448 -1.359296
 311.523474 -1.377487
 312.032499 -1.335009
 312.541524 -1.450941
 313.050549 -1.353075
 313.559575 -1.396031
 314.068600 -1.359835
 314.577625 -1.418082
 315.086651 -1.417581
 315.595676 -1.374050
 316.104701 -1.400158
 316.613726 -1.411459
 317.122752 -1.389146
 317.631777 -1.365787
 318.140802 -1.306573
 318.649828 -1.403430
 319.158853 -1.359179
 319.667878 -1.382665
 320.176903 -1.382393
 320.685929 -1.403223
 321.194954 -1.362787
 321.703979 -1.345640
 322.213004 -1.395412
 322.722030 -1.387655
 323.231055 -1.417114
 323.740080 -1.364085
 324.249106 -1.385697
 324.758131 -1.479800
 325.267156 -1.359261
 325.776181 -1.338348
 326.285207 -1.427374
 326.794232 -1.447070
 327.303257 -1.365554
 327.812283 -1.354756
 328.321308 -1.461985
 328.830333 -1.391878
 329.339358 -1.426988
 329.848384 -1.361965
 330.357409 -1.375176
 330.866434 -1.413374
 331.375460 -1.401139
 331.884485 -1.361028
 332.393510 -1.405828
 332.902535 -1.383237
 333.411561 -1.372610
 333.920586 -1.387730
 334.429611 -1.395582
 334.938637 -1.346688
 335.447662 -1.391823
 335.956687 -1.433214
 336.465712 -1.393957
 336.974738 -1.385703
 337.483763 -1.380132
 337.992788 -1.394127
 338.501814 -1.417412
 339.010839 -1.364728
 339.519864 -1.335365
 340.028889 -1.365307
 340.537915 -1.448494
 341.046940 -1.319713
 341.555965 -1.368959
 342.064991 -1.396005
 342.574016 -1.367906
 343.083041 -1.392735
 343.592066 -1.452125
 344.101092 -1.401038
 344.610117 -1.400937
 345.119142 -1.383297
 345.628168 -1.377399
 346.137193 -1.430710
 346.646218 -1.416431
 347.155243 -1.377809
 347.664269 -1.342584
 348.173294 -1.332558
 348.682319 -1.393372
 349.191345 -1.419995
 349.700370 -1.340212
 350.209395 -1.329282
 350.718420 -1.412728
 351.227446 -1.379682
 351.736471 -1.357338
 352.245496 -1.379855
 352.754522 -1.416252
 353.263547 -1.366821
 353.772572 -1.399546
 354.281597 -1.407003
 354.790623 -1.344823
 355.299648 -1.331133
 355.808673 -1.384980
 356.317698 -1.371379
 356.826724 -1.374783
 357.335749 -1.461147
 357.844774 -1.374621
 358.353800 -1.328263
 358.862825 -1.443712
 359.371850 -1.427962
 359.880875 -1.288591
 360.389901 -1.378727
 360.898926 -1.444443
 361.407951 -1.359119
 361.916977 -1.394488
 362.426002 -1.351209
 362.935027 -1.439681
 363.444052 -1.388301
 363.953078 -1.371252
 364.462103 -1.364310
 364.971128 -1.404364
 365.480154 -1.383933
 365.989179 -1.359352
 366.498204 -1.334031
 367.007229 -1.373495
 367.516255 -1.390054
 368.025280 -1.377531
 368.534305 -1.380918
 369.043331 -1.402317
 369.552356 -1.379519
 370.061381 -1.410865
 370.570406 -1.363892
 371.079432 -1.339579
 371.588457 -1.437461
 372.097482 -1.401047
 372.606508 -1.340479
 373.115533 -1.345505
 373.624558 -1.378161
 374.133583 -1.440694
 374.642609 -1.429143
 375.151634 -1.364608
 375.660659 -1.418724
 376.169685 -1.353805
 376.678710 -1.368869
 377.187735 -1.360726
 377.696760 -1.401202
 378.205786 -1.390077
 378.714811 -1.343851
 379.223836 -1.376193
 379.732862 -1.396740
 380.241887 -1.383788
 380.750912 -1.338439
 381.259937 -1.463873
 381.768963 -1.384551
 382.277988 -1.348663
 382.787013 -1.442891
 383.296039 -1.475794
 383.805064 -1.372632
 384.314089 -1.348437
 384.823114 -1.400535
 385.332140 -1.440384
 385.841165 -1.403860
 386.350190 -1.350645
 386.859216 -1.397764
 387.368241 -1.390781
 387.877266 -1.346465
 388.386291 -1.404939
 388.895317 -1.378500
 389.404342 -1.322479
 389.913367 -1.439627
 390.422392 -1.453088
 390.931418 -1.338285
 391.440443 -1.380697
 391.949468 -1.405301
 392.458494 -1.467946
 392.967519 -1.426692
 393.476544 -1.391402
 393.985569 -1.410160
 394.494595 -1.364561
 395.003620 -1.373037
 395.512645 -1.421357
 396.021671 -1.406687
 396.530696 -1.381107
 397.039721 -1.336945
 397.548746 -1.404283
 398.057772 -1.407363
 398.566797 -1.343334
 399.075822 -1.424762
 399.584848 -1.488581
 400.093873 -1.424775
 400.602898 -1.322820
 401.111923 -1.348829
 401.620949 -1.387856
 402.129974 -1.373543
 402.638999 -1.425787
 403.148025 -1.392816
 403.657050 -1.386020
 404.166075 -1.288079
 404.675100 -1.389770
 405.184126 -1.424515
 405.693151 -1.428062
 406.202176 -1.332125
 406.711202 -1.361072
 407.220227 -1.372046
 407.729252 -1.473865
 408.238277 -1.401338
 408.747303 -1.383795
 409.256328 -1.415056
 409.765353 -1.413546
 410.274379 -1.335842
 410.783404 -1.280317
 411.292429 -1.428154
 411.801454 -1.415491
 412.310480 -1.393948
 412.819505 -1.384896
 413.328530 -1.432095
 413.837556 -1.423155
 414.346581 -1.353714
 414.855606 -1.349080
 415.364631 -1.374164
 415.873657 -1.415806
 416.382682 -1.365960
 416.891707 -1.399154
 417.400733 -1.397000
 417.909758 -1.442597
 418.418783 -1.402610
 418.927808 -1.329002
 419.436834 -1.399672
 419.945859 -1.386809
 420.454884 -1.403593
 420.963910 -1.335730
 421.472935 -1.392701
 421.981960 -1.455299
 422.490985 -1.339155
 423.000011 -1.313112
 423.509036 -1.437052
 424.018061 -1.381423
 424.527086 -1.379423
 425.036112 -1.365468
 425.545137 -1.401393
 426.054162 -1.440666
 426.563188 -1.455717
 427.072213 -1.369341
 427.581238 -1.322050
 428.090263 -1.449511
 428.599289 -1.378093
 429.108314 -1.338631
 429.617339 -1.405940
 430.126365 -1.422701
 430.635390 -1.349547
 431.144415 -1.354543
 431.653440 -1.417151
 432.162466 -1.418356
 432.671491 -1.418373
 433.180516 -1.447416
 433.689542 -1.367066
 434.198567 -1.375333
 434.707592 -1.313961
 435.216617 -1.420233
 435.725643 -1.412288
 436.234668 -1.356999
 436.743693 -1.399742
 437.252719 -1.353329
 437.761744 -1.421840
 438.270769 -1.428457
 438.779794 -1.397099
 439.288820 -1.354604
 439.797845 -1.392730
 440.306870 -1.424521
 440.815896 -1.392218
 441.324921 -1.293595
 441.833946 -1.476957
 442.342971 -1.364229
 442.851997 -1.408082
 443.361022 -1.385616
 443.870047 -1.366584
 444.379073 -1.428245
 444.888098 -1.416150
 445.397123 -1.400975
 445.906148 -1.354129
 446.415174 -1.449897
 446.924199 -1.411515
 447.433224 -1.421462
 447.942250 -1.361853
 448.451275 -1.391757
 448.960300 -1.400638
 449.469325 -1.352325
 449.978351 -1.333365
 450.487376 -1.429884
 450.996401 -1.386728
 451.505427 -1.458190
 452.014452 -1.429320
 452.523477 -1.372474
 453.032502 -1.406472
 453.541528 -1.454288
 454.050553 -1.313054
 454.559578 -1.368797
 455.068604 -1.339217
 455.577629 -1.382923
 456.086654 -1.364477
 456.595679 -1.350468
 457.104705 -1.451552
 457.613730 -1.446846
 458.122755 -1.423024
 458.631780 -1.333759
 459.140806 -1.348136
 459.649831 -1.432589
 460.158856 -1.364065
 460.667882 -1.377003
 461.176907 -1.395745
 461.685932 -1.343016
 462.194957 -1.416272
 462.703983 -1.383780
 463.213008 -1.357139
 463.722033 -1.439814
 464.231059 -1.353067
 464.740084 -1.377559
 465.249109 -1.432735
 465.758134 -1.380767
 466.267160 -1.383784
 466.776185 -1.408493
 467.285210 -1.415168
 467.794236 -1.361233
 468.303261 -1.366856
 468.812286 -1.365131
 469.321311 -1.404753
 469.830337 -1.407557
 470.339362 -1.397633
 470.848387 -1.344587
 471.357413 -1.447655
 471.866438 -1.387953
 472.375463 -1.364781
 472.884488 -1.379934
 473.393514 -1.403499
 473.902539 -1.374818
 474.411564 -1.352621
 474.920590 -1.371652
 475.429615 -1.421000
 475.938640 -1.346788
 476.447665 -1.368309
 476.956691 -1.390885
 477.465716 -1.356142
 477.974741 -1.341913
 478.483767 -1.456582
 478.992792 -1.403508
 479.501817 -1.317098
 480.010842 -1.434100
 480.519868 -1.425485
 481.028893 -1.349853
 481.537918 -1.399315
 482.046944 -1.435695
 482.555969 -1.448236
 483.064994 -1.395210
 483.574019 -1.309374
 484.083045 -1.407870
 484.592070 -1.374748
 485.101095 -1.345308
 485.610121 -1.405793
 486.119146 -1.447208
 486.628171 -1.324898
 487.137196 -1.372930
 487.646222 -1.446950
 488.155247 -1.359077
 488.664272 -1.327187
 489.173297 -1.392075
 489.682323 -1.389046
 490.191348 -1.398802
 490.700373 -1.354306
 491.209399 -1.377611
 491.718424 -1.390063
 492.227449 -1.392616
 492.736474 -1.336465
 493.245500 -1.415221
 493.754525 -1.414158
 494.263550 -1.343754
 494.772576 -1.418431
 495.281601 -1.450788
 495.790626 -1.388039
 496.299651 -1.344192
 496.808677 -1.423257
 497.317702 -1.378052
 497.826727 -1.386506
 498.335753 -1.410631
 498.844778 -1.384330
 499.353803 -1.349569
 499.862828 -1.413783
 500.371854 -1.401741
 500.880879 -1.345487
 501.389904 -1.425972
 501.898930 -1.405134
 502.407955 -1.391953
 502.916980 -1.386581
 503.426005 -1.425906
 503.935031 -1.364284
 504.444056 -1.404963
 504.953081 -1.401474
 505.462107 -1.402341
 505.971132 -1.398360
 506.480157 -1.403815
 506.989182 -1.319725
 507.498208 -1.437848
 508.007233 -1.432868
 508.516258 -1.365606
 509.025284 -1.349571
 509.534309 -1.363286
 510.043334 -1.410989
 510.552359 -1.381095
 511.061385 -1.354014
 511.570410 -1.404095
 512.079435 -1.328514
 512.588461 -1.383822
 513.097486 -1.345707
 513.606511 -1.415594
 514.115536 -1.474549
 514.624562 -1.367579
 515.133587 -1.370619
 515.642612 -1.376278
 516.151638 -1.408289
 516.660663 -1.380639
 517.169688 -1.362083
 517.678713 -1.441947
 518.187739 -1.421699
 518.696764 -1.349048
 519.205789 -1.301210
 519.714815 -1.427436
 520.223840 -1.361189
 520.732865 -1.352257
 521.241890 -1.409585
 521.750916 -1.442012
 522.259941 -1.406583
 522.768966 -1.328492
 523.277991 -1.363101
 523.787017 -1.381190
 524.296042 -1.372943
 524.805067 -1.388580
 525.314093 -1.424910
 525.823118 -1.331582
 526.332143 -1.464996
 526.841168 -1.397701
 527.350194 -1.338558
 527.859219 -1.387850
 528.368244 -1.406536
 528.877270 -1.366932
 529.386295 -1.413033
 529.895320 -1.413166
 530.404345 -1.476286
 530.913371 -1.345534
 531.422396 -1.404100
 531.931421 -1.434208
 532.440447 -1.390627
 532.949472 -1.362817
 533.458497 -1.383821
 533.967522 -1.399484
 534.476548 -1.438447
 534.985573 -1.444743
 535.494598 -1.381796
 536.003624 -1.398327
 536.512649 -1.394140
 537.021674 -1.402284
 537.530699 -1.398162
 538.039725 -1.359398
 538.548750 -1.319752
 539.057775 -1.343263
 539.566801 -1.373753
 540.075826 -1.390434
 540.584851 -1.395062
 541.093876 -1.344723
 541.602902 -1.324613
 542.111927 -1.453177
 542.620952 -1.416036
 543.129978 -1.357376
 543.639003 -1.354293
 544.148028 -1.405716
 544.657053 -1.462714
 545.166079 -1.379257
 545.675104 -1.387416
 546.184129 -1.360518
 546.693155 -1.345799
 547.202180 -1.419624
 547.711205 -1.362421
 548.220230 -1.388965
 548.729256 -1.409407
 549.238281 -1.408113
 549.747306 -1.350810
 550.256332 -1.348805
 550.765357 -1.365668
 551.274382 -1.411377
 551.783407 -1.380815
 552.292433 -1.383170
 552.801458 -1.363840
 553.310483 -1.392351
 553.819509 -1.381029
 554.328534 -1.406092
 554.837559 -1.406609
 555.346584 -1.405828
 555.855610 -1.381437
 556.364635 -1.368442
 556.873660 -1.413839
 557.382685 -1.430341
 557.891711 -1.399577
 558.400736 -1.364606
 558.909761 -1.444778
 559.418787 -1.404054
 559.927812 -1.302423
 560.436837 -1.401790
 560.945862 -1.463501
 561.454888 -1.400794
 561.963913 -1.352487
 562.472938 -1.378256
 562.981964 -1.414059
 563.490989 -1.431401
 564.000014 -1.387563
 564.509039 -1.406485
 565.018065 -1.351030
 565.527090 -1.350914
 566.036115 -1.452760
 566.545141 -1.385876
 567.054166 -1.356415
 567.563191 -1.342167
 568.072216 -1.421041
 568.581242 -1.354925
 569.090267 -1.376028
 569.599292 -1.451462
 570.108318 -1.397935
 570.617343 -1.355332
 571.126368 -1.385670
 571.635393 -1.410974
 572.144419 -1.417782
 572.653444 -1.381797
 573.162469 -1.390057
 573.671495 -1.445530
 574.180520 -1.384049
 574.689545 -1.350426
 575.198570 -1.356840
 575.707596 -1.363296
 576.216621 -1.397433
 576.725646 -1.395100
 577.234672 -1.391394
 577.743697 -1.454254
 578.252722 -1.346416
 578.761747 -1.356392
 579.270773 -1.398004
 579.779798 -1.372641
 580.288823 -1.398854
 580.797849 -1.356346
 581.306874 -1.397224
 581.815899 -1.384067
 582.324924 -1.460348
 582.833950 -1.371810
 583.342975 -1.371527
 583.852000 -1.423578
 584.361026 -1.366646
 584.870051 -1.359816
 585.379076 -1.406006
 585.888101 -1.399522
 586.397127 -1.368233
 586.906152 -1.386173
 587.415177 -1.375164
 587.924203 -1.390980
 588.433228 -1.434758
 588.942253 -1.365861
 589.451278 -1.402924
 589.960304 -1.415659
 590.469329 -1.385271
 590.978354 -1.400485
 591.487379 -1.377630
 591.996405 -1.425688
 592.505430 -1.388497
 593.014455 -1.398754
 593.523481 -1.303297
 594.032506 -1.298206
 594.541531 -1.468093
 595.050556 -1.377372
 595.559582 -1.299594
 596.068607 -1.363637
 596.577632 -1.455244
 597.086658 -1.293360
 597.595683 -1.384190
 598.104708 -1.440778
 598.613733 -1.389658
 599.122759 -1.357859
 599.631784 -1.467382
 600.140809 -1.447054
 600.649835 -1.259296
 601.158860 -1.331023
 601.667885 -1.445422
 602.176910 -1.369626
 602.685936 -1.296606
 603.194961 -1.394697
 603.703986 -1.405384
 604.213012 -1.451308
 604.722037 -1.396716
 605.231062 -1.374851
 605.740087 -1.370594
 606.249113 -1.421069
 606.758138 -1.402261
 607.267163 -1.384875
 607.776189 -1.423887
 608.285214 -1.302941
 608.794239 -1.429281
 609.303264 -1.391236
 609.812290 -1.346811
 610.321315 -1.399761
 610.830340 -1.402482
 611.339366 -1.328693
 611.848391 -1.361656
 612.357416 -1.441387
 612.866441 -1.371228
 613.375467 -1.343725
 613.884492 -1.396240
 614.393517 -1.407685
 614.902543 -1.426211
 615.411568 -1.379320
 615.920593 -1.410852
 616.429618 -1.379742
 616.938644 -1.391060
 617.447669 -1.398179
 617.956694 -1.368812
 618.465720 -1.297133
 618.974745 -1.419579
 619.483770 -1.401573
 619.992795 -1.451604
 620.501821 -1.387732
 621.010846 -1.328979
 621.519871 -1.382430
 622.028897 -1.442078
 622.537922 -1.379780
 623.046947 -1.407639
 623.555972 -1.408793
 624.064998 -1.380624
 624.574023 -1.331796
 625.083048 -1.396087
 625.592073 -1.388679
 626.101099 -1.403640
 626.610124 -1.384036
 627.119149 -1.352239
 627.628175 -1.371055
 628.137200 -1.414303
 628.646225 -1.372758
 629.155250 -1.386027
 629.664276 -1.370081
 630.173301 -1.434357
 630.682326 -1.393056
 631.191352 -1.352978
 631.700377 -1.423780
 632.209402 -1.331902
 632.718427 -1.385774
 633.227453 -1.420204
 633.736478 -1.407589
 634.245503 -1.383795
 634.754529 -1.389340
 635.263554 -1.429384
 635.772579 -1.391240
 636.281604 -1.344768
 636.790630 -1.430631
 637.299655 -1.440595
 637.808680 -1.333636
 638.317706 -1.372796
 638.826731 -1.468528
 639.335756 -1.354395
 639.844781 -1.350903
 640.353807 -1.386100
 640.862832 -1.413836
 641.371857 -1.458547
 641.880883 -1.388087
 642.389908 -1.300884
 642.898933 -1.392615
 643.407958 -1.443464
 643.916984 -1.401018
 644.426009 -1.314907
 644.935034 -1.417267
 645.444060 -1.413162
 645.953085 -1.352414
 646.462110 -1.443965
 646.971135 -1.345831
 647.480161 -1.403920
 647.989186 -1.394451
 648.498211 -1.351285
 649.007237 -1.388796
 649.516262 -1.436499
 650.025287 -1.403658
 650.534312 -1.360534
 651.043338 -1.357403
 651.552363 -1.371377
 652.061388 -1.367118
 652.570414 -1.372019
 653.079439 -1.399352
 653.588464 -1.395335
 654.097489 -1.392583
 654.606515 -1.463501
 655.115540 -1.334637
 655.624565 -1.364560
 656.133591 -1.386342
 656.642616 -1.432208
 657.151641 -1.359205
 657.660666 -1.354155
 658.169692 -1.363954
 658.678717 -1.409244
 659.187742 -1.339478
 659.696767 -1.425842
 660.205793 -1.429056
 660.714818 -1.357405
 661.223843 -1.386128
 661.732869 -1.343825
 662.241894 -1.419344
 662.750919 -1.436005
 663.259944 -1.417471
 663.768970 -1.402481
 664.277995 -1.330124
 664.787020 -1.400789
 665.296046 -1.396186
 665.805071 -1.335471
 666.314096 -1.415891
 666.823121 -1.410469
 667.332147 -1.313203
 667.841172 -1.437034
 668.350197 -1.464070
 668.859223 -1.331195
 669.368248 -1.375016
 669.877273 -1.384726
 670.386298 -1.355479
 670.895324 -1.378119
 671.404349 -1.413385
 671.913374 -1.329488
 672.422400 -1.371085
 672.931425 -1.378053
 673.440450 -1.406233
 673.949475 -1.409747
 674.458501 -1.376819
 674.967526 -1.379795
 675.476551 -1.438117
 675.985577 -1.377408
 676.494602 -1.358345
 677.003627 -1.349103
 677.512652 -1.380790
 678.021678 -1.365259
 678.530703 -1.394944
 679.039728 -1.404100
 679.548754 -1.474062
 680.057779 -1.409534
 680.566804 -1.397637
 681.075829 -1.385003
 681.584855 -1.356079
 682.093880 -1.367915
 682.602905 -1.369157
 683.111931 -1.438651
 683.620956 -1.421427
 684.129981 -1.374119
 684.639006 -1.379037
 685.148032 -1.360958
 685.657057 -1.380500
 686.166082 -1.402282
 686.675108 -1.365667
 687.184133 -1.364578
 687.693158 -1.428986
 688.202183 -1.406996
 688.711209 -1.410428
 689.220234 -1.441061
 689.729259 -1.363057
 690.238285 -1.360211
 690.747310 -1.374004
 691.256335 -1.345722
 691.765360 -1.433779
 692.274386 -1.377182
 692.783411 -1.372083
 693.292436 -1.409554
 693.801461 -1.355540
 694.310487 -1.370432
 694.819512 -1.508497
 695.328537 -1.391996
 695.837563 -1.332271
 696.346588 -1.358861
 696.855613 -1.427954
 697.364638 -1.451750
 697.873664 -1.385542
 698.382689 -1.289868
 698.891714 -1.372042
 699.400740 -1.422145
 699.909765 -1.405393
 700.418790 -1.377894
 700.927815 -1.361459
 701.436841 -1.382219
 701.945866 -1.420876
 702.454891 -1.343206
 702.963917 -1.430723
 703.472942 -1.437208
 703.981967 -1.403264
 704.490992 -1.319112
 705.000018 -1.417068
 705.509043 -1.445270
 706.018068 -1.369215
 706.527094 -1.391242
 707.036119 -1.419013
 707.545144 -1.470450
 708.054169 -1.377177
 708.563195 -1.349317
 709.072220 -1.423216
 709.581245 -1.393893
 710.090271 -1.393501
 710.599296 -1.339493
 711.108321 -1.361445
 711.617346 -1.327100
 712.126372 -1.405528
 712.635397 -1.413437
 713.144422 -1.392123
 713.653448 -1.359259
 714.162473 -1.402224
 714.671498 -1.360805
 715.180523 -1.390397
 715.689549 -1.395184
 716.198574 -1.353734
 716.707599 -1.396011
 717.216625 -1.372278
 717.725650 -1.362459
 718.234675 -1.438069
 718.743700 -1.339373
 719.252726 -1.359404
 719.761751 -1.344825
 720.270776 -1.375328
 720.779802 -1.391858
 721.288827 -1.451080
 721.797852 -1.412647
 722.306877 -1.383045
 722.815903 -1.350619
 723.324928 -1.444695
 723.833953 -1.390929
 724.342979 -1.380650
 724.852004 -1.337409
 725.361029 -1.377450
 725.870054 -1.392586
 726.379080 -1.376258
 726.888105 -1.414021
 727.397130 -1.395875
 727.906155 -1.403828
 728.415181 -1.375181
 728.924206 -1.351591
 729.433231 -1.411216
 729.942257 -1.391234
 730.451282 -1.387037
 730.960307 -1.403619
 731.469332 -1.378088
 731.978358 -1.351775
 732.487383 -1.440672
 732.996408 -1.427433
 733.505434 -1.341819
 734.014459 -1.331870
 734.523484 -1.440617
 735.032509 -1.340736
 735.541535 -1.360187
 736.050560 -1.409766
 736.559585 -1.398648
 737.068611 -1.368063
 737.577636 -1.369469
 738.086661 -1.364012
 738.595686 -1.404488
 739.104712 -1.419785
 739.613737 -1.472988
 740.122762 -1.386450
 740.631788 -1.317924
 741.140813 -1.389530
 741.649838 -1.373543
 742.158863 -1.403385
 742.667889 -1.406124
 743.176914 -1.349484
 743.685939 -1.356295
 744.194965 -1.431649
 744.703990 -1.419410
 745.213015 -1.438232
 745.722040 -1.337570
 746.231066 -1.367403
 746.740091 -1.412713
 747.249116 -1.339816
 747.758142 -1.382948
 748.267167 -1.395147
 748.776192 -1.488798
 749.285217 -1.421648
 749.794243 -1.335473
 750.303268 -1.351966
 750.812293 -1.391241
 751.321319 -1.444682
 751.830344 -1.373140
 752.339369 -1.370286
 752.848394 -1.360171
 753.357420 -1.424954
 753.866445 -1.409451
 754.375470 -1.342079
 754.884496 -1.345733
 755.393521 -1.433197
 755.902546 -1.422373
 756.411571 -1.410767
 756.920597 -1.390823
 757.429622 -1.394319
 757.938647 -1.379960
 758.447673 -1.358973
 758.956698 -1.365841
 759.465723 -1.351435
 759.974748 -1.365532
 760.483774 -1.392258
 760.992799 -1.390271
 761.501824 -1.408125
 762.010849 -1.366153
 762.519875 -1.413772
 763.028900 -1.342186
 763.537925 -1.368072
 764.046951 -1.382757
 764.555976 -1.377096
 765.065001 -1.359778
 765.574026 -1.360490
 766.083052 -1.419322
 766.592077 -1.404914
 767.101102 -1.316285
 767.610128 -1.360704
 768.119153 -1.434705
 768.628178 -1.440101
 769.137203 -1.385360
 769.646229 -1.362843
 770.155254 -1.371799
 770.664279 -1.413242
 771.173305 -1.389309
 771.682330 -1.440912
 772.191355 -1.410793
 772.700380 -1.382749
 773.209406 -1.380977
 773.718431 -1.334553
 774.227456 -1.332850
 774.736482 -1.438716
 775.245507 -1.445381
 775.754532 -1.294265
 776.263557 -1.360914
 776.772583 -1.484087
 777.281608 -1.350715
 777.790633 -1.304350
 778.299659 -1.391022
 778.808684 -1.455625
 779.317709 -1.335566
 779.826734 -1.339282
 780.335760 -1.387427
 780.844785 -1.457819
 781.353810 -1.369703
 781.862836 -1.308761
 782.371861 -1.412153
 782.880886 -1.450669
 783.389911 -1.307514
 783.898937 -1.402805
 784.407962 -1.370966
 784.916987 -1.404291
 785.426013 -1.400750
 785.935038 -1.387137
 786.444063 -1.403454
 786.953088 -1.398930
 787.462114 -1.388191
 787.971139 -1.361909
 788.480164 -1.452796
 788.989190 -1.459615
 789.498215 -1.402988
 790.007240 -1.383679
 790.516265 -1.446980
 791.025291 -1.421732
 791.534316 -1.423766
 792.043341 -1.456724
 792.552366 -1.401694
 793.061392 -1.382890
 793.570417 -1.392401
 794.079442 -1.357813
 794.588468 -1.388115
 795.097493 -1.423772
 795.606518 -1.410731
 796.115543 -1.324865
 796.624569 -1.396287
 797.133594 -1.412528
 797.642619 -1.317614
 798.151645 -1.359892
 798.660670 -1.407045
 799.169695 -1.395357
 799.678720 -1.389056
 800.187746 -1.347788
 800.696771 -1.392935
 801.205796 -1.401908
 801.714822 -1.351744
 802.223847 -1.414378
 802.732872 -1.391834
 803.241897 -1.295462
 803.750923 -1.398605
 804.259948 -1.393839
 804.768973 -1.373661
 805.277999 -1.367561
 805.787024 -1.357759
 806.296049 -1.373181
 806.805074 -1.417453
 807.314100 -1.388168
 807.823125 -1.368013
 808.332150 -1.393721
 808.841176 -1.373307
 809.350201 -1.374264
 809.859226 -1.390046
 810.368251 -1.350790
 810.877277 -1.335249
 811.386302 -1.346531
 811.895327 -1.448921
 812.404353 -1.439978
 812.913378 -1.346868
 813.422403 -1.442054
 813.931428 -1.409094
 814.440454 -1.290635
 814.949479 -1.425481
 815.458504 -1.414141
 815.967530 -1.400521
 816.476555 -1.406188
 816.985580 -1.398954
 817.494605 -1.377578
 818.003631 -1.391178
 818.512656 -1.412445
 819.021681 -1.465071
 819.530707 -1.393010
 820.039732 -1.357204
 820.548757 -1.377525
 821.057782 -1.425555
 821.566808 -1.375058
 822.075833 -1.331133
 822.584858 -1.346807
 823.093884 -1.413005
 823.602909 -1.353041
 824.111934 -1.358559
 824.620959 -1.349078
 825.129985 -1.374205
 825.639010 -1.318207
 826.148035 -1.435427
 826.657060 -1.437362
 827.166086 -1.364805
 827.675111 -1.318044
 828.184136 -1.462148
 828.693162 -1.412020
 829.202187 -1.318658
 829.711212 -1.398185
 830.220237 -1.448805
 830.729263 -1.382575
 831.238288 -1.417958
 831.747313 -1.373483
 832.256339 -1.401610
 832.765364 -1.339045
 833.274389 -1.393900
 833.783414 -1.390156
 834.292440 -1.379272
 834.801465 -1.397215
 835.310490 -1.400050
 835.819516 -1.397270
 836.328541 -1.442064
 836.837566 -1.381184
 837.346591 -1.318701
 837.855617 -1.375379
 838.364642 -1.437037
 838.873667 -1.405962
 839.382693 -1.327850
 839.891718 -1.346440
 840.400743 -1.403943
 840.909768 -1.332757
 841.418794 -1.387904
 841.927819 -1.391519
 842.436844 -1.381845
 842.945870 -1.361535
 843.454895 -1.379796
 843.963920 -1.443526
 844.472945 -1.429621
 844.981971 -1.369591
 845.490996 -1.401478
 846.000021 -1.359958
 846.509047 -1.383712
 847.018072 -1.353344
 847.527097 -1.338436
 848.036122 -1.373088
 848.545148 -1.440664
 849.054173 -1.396071
 849.563198 -1.334494
 850.072224 -1.387361
 850.581249 -1.492401
 851.090274 -1.462216
 851.599299 -1.434450
 852.108325 -1.455265
 852.617350 -1.435973
 853.126375 -1.336098
 853.635401 -1.391183
 854.144426 -1.373645
 854.653451 -1.376785
 855.162476 -1.364048
 855.671502 -1.364790
 856.180527 -1.406648
 856.689552 -1.348008
 857.198578 -1.360764
 857.707603 -1.369360
 858.216628 -1.415486
 858.725653 -1.419699
 859.234679 -1.370642
 859.743704 -1.387537
 860.252729 -1.423831
 860.761754 -1.396304
 861.270780 -1.351129
 861.779805 -1.359069
 862.288830 -1.432922
 862.797856 -1.446508
 863.306881 -1.346670
 863.815906 -1.436157
 864.324931 -1.406226
 864.833957 -1.378945
 865.342982 -1.382838
 865.852007 -1.349398
 866.361033 -1.400599
 866.870058 -1.373282
 867.379083 -1.368484
 867.888108 -1.377209
 868.397134 -1.380526
 868.906159 -1.357639
 869.415184 -1.434312
 869.924210 -1.409965
 870.433235 -1.339857
 870.942260 -1.414153
 871.451285 -1.477863
 871.960311 -1.359952
 872.469336 -1.319966
 872.978361 -1.376658
 873.487387 -1.443727
 873.996412 -1.359201
 874.505437 -1.348437
 875.014462 -1.406557
 875.523488 -1.392674
 876.032513 -1.358360
 876.541538 -1.363781
 877.050564 -1.382773
 877.559589 -1.395296
 878.068614 -1.371988
 878.577639 -1.390157
 879.086665 -1.467228
 879.595690 -1.346943
 880.104715 -1.402593
 880.613741 -1.370507
 881.122766 -1.372381
 881.631791 -1.332805
 882.140816 -1.394782
 882.649842 -1.411159
 883.158867 -1.374771
 883.667892 -1.416029
 884.176918 -1.398919
 884.685943 -1.370840
 885.194968 -1.329969
 885.703993 -1.371772
 886.213019 -1.420129
 886.722044 -1.418056
 887.231069 -1.450288
 887.740095 -1.380357
 888.249120 -1.367193
 888.758145 -1.418569
 889.267170 -1.376621
 889.776196 -1.385484
 890.285221 -1.345855
 890.794246 -1.402496
 891.303272 -1.406170
 891.812297 -1.329209
 892.321322 -1.325679
 892.830347 -1.408078
 893.339373 -1.388605
 893.848398 -1.415541
 894.357423 -1.431178
 894.866448 -1.335776
 895.375474 -1.386853
 895.884499 -1.428644
 896.393524 -1.377629
 896.902550 -1.339530
 897.411575 -1.392384
 897.920600 -1.404444
 898.429625 -1.393137
 898.938651 -1.381853
 899.447676 -1.418641
 899.956701 -1.381808
 900.465727 -1.360498
 900.974752 -1.382505
 901.483777 -1.351422
 901.992802 -1.358458
 902.501828 -1.420940
 903.010853 -1.384918
 903.519878 -1.349370
 904.028904 -1.359043
 904.537929 -1.383995
 905.046954 -1.367016
 905.555979 -1.431861
 906.065005 -1.404849
 906.574030 -1.316825
 907.083055 -1.430573
 907.592081 -1.371155
 908.101106 -1.353725
 908.610131 -1.427848
 909.119156 -1.382966
 909.628182 -1.332076
 910.137207 -1.412832
 910.646232 -1.427526
 911.155258 -1.332224
 911.664283 -1.353166
 912.173308 -1.378232
 912.682333 -1.386423
 913.191359 -1.379085
 913.700384 -1.418910
 914.209409 -1.452636
 914.718435 -1.398559
 915.227460 -1.326116
 915.736485 -1.387902
 916.245510 -1.385684
 916.754536 -1.452461
 917.263561 -1.473647
 917.772586 -1.321445
 918.281612 -1.434731
 918.790637 -1.424505
 919.299662 -1.376042
 919.808687 -1.348185
 920.317713 -1.366254
 920.826738 -1.425435
 921.335763 -1.384685
 921.844789 -1.344609
 922.353814 -1.373341
 922.862839 -1.384913
 923.371864 -1.433229
 923.880890 -1.316421
 924.389915 -1.334074
 924.898940 -1.440606
 925.407966 -1.386214
 925.916991 -1.371541
 926.426016 -1.348060
 926.935041 -1.454642
 927.444067 -1.417926
 927.953092 -1.378782
 928.462117 -1.379651
 928.971142 -1.386244
 929.480168 -1.394910
 929.989193 -1.351901
 930.498218 -1.350676
 931.007244 -1.426481
 931.516269 -1.416977
 932.025294 -1.327364
 932.534319 -1.403597
 933.043345 -1.418699
 933.552370 -1.318821
 934.061395 -1.383427
 934.570421 -1.374598
 935.079446 -1.431696
 935.588471 -1.335833
 936.097496 -1.352066
 936.606522 -1.397520
 937.115547 -1.409025
 937.624572 -1.438510
 938.133598 -1.372129
 938.642623 -1.461554
 939.151648 -1.407374
 939.660673 -1.355715
 940.169699 -1.389007
 940.678724 -1.452075
 941.187749 -1.337771
 941.696775 -1.403714
 942.205800 -1.402349
 942.714825 -1.486628
 943.223850 -1.463633
 943.732876 -1.333517
 944.241901 -1.367371
 944.750926 -1.402265
 945.259952 -1.342495
 945.768977 -1.360198
 946.278002 -1.436571
 946.787027 -1.379101
 947.296053 -1.413473
 947.805078 -1.405289
 948.314103 -1.319020
 948.823129 -1.411927
 949.332154 -1.370296
 949.841179 -1.312896
 950.350204 -1.457640
 950.859230 -1.389746
 951.368255 -1.373845
 951.877280 -1.398333
 952.386306 -1.377967
 952.895331 -1.399892
 953.404356 -1.383532
 953.913381 -1.365469
 954.422407 -1.408671
 954.931432 -1.413738
 955.440457 -1.332322
 955.949483 -1.323644
 956.458508 -1.474419
 956.967533 -1.387829
 957.476558 -1.301331
 957.985584 -1.345467
 958.494609 -1.389281
 959.003634 -1.444217
 959.512660 -1.399099
 960.021685 -1.368000
 960.530710 -1.390723
 961.039735 -1.384368
 961.548761 -1.438160
 962.057786 -1.436118
 962.566811 -1.375105
 963.075836 -1.308544
 963.584862 -1.386362
 964.093887 -1.423331
 964.602912 -1.440500
 965.111938 -1.328479
 965.620963 -1.426904
 966.129988 -1.429032
 966.639013 -1.394355
 967.148039 -1.346896
 967.657064 -1.451112
 968.166089 -1.403719
 968.675115 -1.295399
 969.184140 -1.363703
 969.693165 -1.444332
 970.202190 -1.381192
 970.711216 -1.388516
 971.220241 -1.384606
 971.729266 -1.367474
 972.238292 -1.361252
 972.747317 -1.383675
 973.256342 -1.319993
 973.765367 -1.329051
 974.274393 -1.370477
 974.783418 -1.369749
 975.292443 -1.367628
 975.801469 -1.401846
 976.310494 -1.415086
 976.819519 -1.391940
 977.328544 -1.381247
 977.837570 -1.382399
 978.346595 -1.383800
 978.855620 -1.377902
 979.364646 -1.469647
 979.873671 -1.374141
 980.382696 -1.356954
 980.891721 -1.396848
 981.400747 -1.347990
 981.909772 -1.330679
 982.418797 -1.422516
 982.927823 -1.422994
 983.436848 -1.389271
 983.945873 -1.366114
 984.454898 -1.420744
 984.963924 -1.375232
 985.472949 -1.389416
 985.981974 -1.368195
 986.491000 -1.336573
 987.000025 -1.425451
 987.509050 -1.395824
 988.018075 -1.405711
 988.527101 -1.403362
 989.036126 -1.385789
 989.545151 -1.340102
 990.054177 -1.388038
 990.563202 -1.423827
 991.072227 -1.419173
 991.581252 -1.392859
 992.090278 -1.365224
 992.599303 -1.373018
 993.108328 -1.401080
 993.617354 -1.363009
 994.126379 -1.368125
 994.635404 -1.381164
 995.144429 -1.330465
 995.653455 -1.344938
 996.162480 -1.386851
 996.671505 -1.364171
 997.180530 -1.385225
 997.689556 -1.441264
 998.198581 -1.399199
 998.707606 -1.362521
 999.216632 -1.313661
 999.725657 -1.414984
 1000.234682 -1.404999
 1000.743707 -1.425582
 1001.252733 -1.335504
 1001.761758 -1.379554
 1002.270783 -1.417049
 1002.779809 -1.346753
 1003.288834 -1.339877
 1003.797859 -1.358444
 1004.306884 -1.349685
 1004.815910 -1.350125
 1005.324935 -1.395457
 1005.833960 -1.343866
 1006.342986 -1.392681
 1006.852011 -1.399335
 1007.361036 -1.372484
 1007.870061 -1.374553
 1008.379087 -1.285222
 1008.888112 -1.387530
 1009.397137 -1.430449
 1009.906163 -1.375451
 1010.415188 -1.374307
 1010.924213 -1.403195
 1011.433238 -1.323879
 1011.942264 -1.395911
 1012.451289 -1.450091
 1012.960314 -1.371930
 1013.469340 -1.331688
 1013.978365 -1.355930
 1014.487390 -1.374325
 1014.996415 -1.367888
 1015.505441 -1.395981
 1016.014466 -1.427799
 1016.523491 -1.436628
 1017.032517 -1.351858
 1017.541542 -1.330194
 1018.050567 -1.332313
