#! FIELDS time cv
 0.000000 -2.507123
 0.509025 -2.606941
 1.018051 -2.762943
 1.527076 -2.700063
 2.036101 -2.631477
 2.545126 -2.619475
 3.054152 -2.648196
 3.563177 -2.686608
 4.072202 -2.696420
 4.581228 -2.625351
 5.090253 -2.675907
 5.599278 -2.672335
 6.108303 -2.694732
 6.617329 -2.610878
 7.126354 -2.657149
 7.635379 -2.714158
 8.144405 -2.713215
 8.653430 -2.657520
 9.162455 -2.708838
 9.671480 -2.687344
 10.180506 -2.628183
 10.689531 -2.646322
 11.198556 -2.686206
 11.707582 -2.754995
 12.216607 -2.621225
 12.725632 -2.573127
 13.234657 -2.664807
 13.743683 -2.738391
 14.252708 -2.664616
 14.761733 -2.590948
 15.270759 -2.674425
 15.779784 -2.707040
 16.288809 -2.634013
 16.797834 -2.702953
 17.306860 -2.691788
 17.815885 -2.682244
 18.324910 -2.646733
 18.833935 -2.600829
 19.342961 -2.717036
 19.851986 -2.682525
 20.361011 -2.691299
 20.870037 -2.722884
 21.379062 -2.693169
 21.888087 -2.635473
 22.397112 -2.675448
 22.906138 -2.669928
 23.415163 -2.662678
 23.924188 -2.700990
 24.433214 -2.613861
 24.942239 -2.665709
 25.451264 -2.751539
 25.960289 -2.713612
 26.469315 -2.704195
 26.978340 -2.689759
 27.487365 -2.604136
 27.996391 -2.676951
 28.505416 -2.708041
 29.014441 -2.676442
 29.523466 -2.635688
 30.032492 -2.612776
 30.541517 -2.670607
 31.050542 -2.691881
 31.559568 -2.683466
 32.068593 -2.665407
 32.577618 -2.693873
 33.086643 -2.627786
 33.595669 -2.672975
 34.104694 -2.728743
 34.613719 -2.704386
 35.122745 -2.648089
 35.631770 -2.628812
 36.140795 -2.653466
 36.649820 -2.679343
 37.158846 -2.674897
 37.667871 -2.673965
 38.176896 -2.697304
 38.685922 -2.684519
 39.194947 -2.698938
 39.703972 -2.719446
 40.212997 -2.656235
 40.722023 -2.626351
 41.231048 -2.666426
 41.740073 -2.682355
 42.249099 -2.692913
 42.758124 -2.669973
 43.267149 -2.630849
 43.776174 -2.673926
 44.285200 -2.670658
 44.794225 -2.698813
 45.303250 -2.702224
 45.812276 -2.717780
 46.321301 -2.682367
 46.830326 -2.625054
 47.339351 -2.645432
 47.848377 -2.729290
 48.357402 -2.667158
 48.866427 -2.629213
 49.375453 -2.699287
 49.884478 -2.769416
 50.393503 -2.619666
 50.902528 -2.637196
 51.411554 -2.673454
 51.920579 -2.720556
 52.429604 -2.687451
 52.938629 -2.648475
 53.447655 -2.658353
 53.956680 -2.703591
 54.465705 -2.675673
 54.974731 -2.603582
 55.483756 -2.635199
 55.992781 -2.718823
 56.501806 -2.669289
 57.010832 -2.665126
 57.519857 -2.593135
 58.028882 -2.633994
 58.537908 -2.671391
 59.046933 -2.686904
 59.555958 -2.663715
 60.064983 -2.637982
 60.574009 -2.645201
 61.083034 -2.657405
 61.592059 -2.655345
 62.101085 -2.680105
 62.610110 -2.652617
 63.119135 -2.611476
 63.628160 -2.650994
 64.137186 -2.778641
 64.646211 -2.696755
 65.155236 -2.609131
 65.664262 -2.619623
 66.173287 -2.645327
 66.682312 -2.637576
 67.191337 -2.641913
 67.700363 -2.723671
 68.209388 -2.663647
 68.718413 -2.643374
 69.227439 -2.643016
 69.736464 -2.653755
 70.245489 -2.703038
 70.754514 -2.692268
 71.263540 -2.638897
 71.772565 -2.694731
 72.281590 -2.606295
 72.790616 -2.636219
 73.299641 -2.659758
 73.808666 -2.640215
 74.317691 -2.645356
 74.826717 -2.678758
 75.335742 -2.664755
 75.844767 -2.641046
 76.353793 -2.634762
 76.862818 -2.630506
 77.371843 -2.721192
 77.880868 -2.682736
 78.389894 -2.616810
 78.898919 -2.647264
 79.407944 -2.674903
 79.916970 -2.692749
 80.425995 -2.628445
 80.935020 -2.664656
 81.444045 -2.686483
 81.953071 -2.661457
 82.462096 -2.695224
 82.971121 -2.699076
 83.480147 -2.679613
 83.989172 -2.675386
 84.498197 -2.708634
 85.007222 -2.625456
 85.516248 -2.642304
 86.025273 -2.690904
 86.534298 -2.672198
 87.043323 -2.649617
 87.552349 -2.675448
 88.061374 -2.727157
 88.570399 -2.660072
 89.079425 -2.657772
 89.588450 -2.675432
 90.097475 -2.617968
 90.606500 -2.591969
 91.115526 -2.708175
 91.624551 -2.679231
 92.133576 -2.656862
 92.642602 -2.661457
 93.151627 -2.671422
 93.660652 -2.682372
 94.169677 -2.697896
 94.678703 -2.649027
 95.187728 -2.691783
 95.696753 -2.686655
 96.205779 -2.664164
 96.714804 -2.640488
 97.223829 -2.691154
 97.732854 -2.639980
 98.241880 -2.628980
 98.750905 -2.689097
 99.259930 -2.708216
 99.768956 -2.640576
 100.277981 -2.650513
 100.787006 -2.694214
 101.296031 -2.659547
 101.805057 -2.677714
 102.314082 -2.677264
 102.823107 -2.643089
 103.332133 -2.688027
 103.841158 -2.666447
 104.350183 -2.637792
 104.859208 -2.629928
 105.368234 -2.666568
 105.877259 -2.699578
 106.386284 -2.673414
 106.895310 -2.673001
 107.404335 -2.689246
 107.913360 -2.587178
 108.422385 -2.622521
 108.931411 -2.706844
 109.440436 -2.676065
 109.949461 -2.598264
 110.458487 -2.642760
 110.967512 -2.719987
 111.476537 -2.678613
 111.985562 -2.646419
 112.494588 -2.644040
 113.003613 -2.670849
 113.512638 -2.718466
 114.021664 -2.685877
 114.530689 -2.661336
 115.039714 -2.684179
 115.548739 -2.624929
 116.057765 -2.677445
 116.566790 -2.674128
 117.075815 -2.691304
 117.584841 -2.650412
 118.093866 -2.630318
 118.602891 -2.664690
 119.111916 -2.676767
 119.620942 -2.681337
 120.129967 -2.651770
 120.638992 -2.639509
 121.148017 -2.670020
 121.657043 -2.679398
 122.166068 -2.676209
 122.675093 -2.671220
 123.184119 -2.610893
 123.693144 -2.675086
 124.202169 -2.649784
 124.711194 -2.669569
 125.220220 -2.695771
 125.729245 -2.649503
 126.238270 -2.669957
 126.747296 -2.653158
 127.256321 -2.661600
 127.765346 -2.719412
 128.274371 -2.652948
 128.783397 -2.594526
 129.292422 -2.657114
 129.801447 -2.704970
 130.310473 -2.618177
 130.819498 -2.646554
 131.328523 -2.664058
 131.837548 -2.646262
 132.346574 -2.656097
 132.855599 -2.627940
 133.364624 -2.653902
 133.873650 -2.649672
 134.382675 -2.669555
 134.891700 -2.699277
 135.400725 -2.674185
 135.909751 -2.657979
 136.418776 -2.652201
 136.927801 -2.609956
 137.436827 -2.612494
 137.945852 -2.681212
 138.454877 -2.681464
 138.963902 -2.624936
 139.472928 -2.668210
 139.981953 -2.758998
 140.490978 -2.676572
 141.000004 -2.559768
 141.509029 -2.597465
 142.018054 -2.723960
 142.527079 -2.727434
 143.036105 -2.688891
 143.545130 -2.653254
 144.054155 -2.614197
 144.563181 -2.700497
 145.072206 -2.667767
 145.581231 -2.593291
 146.090256 -2.656515
 146.599282 -2.724591
 147.108307 -2.668108
 147.617332 -2.593508
 148.126358 -2.733731
 148.635383 -2.729047
 149.144408 -2.582878
 149.653433 -2.569532
 150.162459 -2.735768
 150.671484 -2.722116
 151.180509 -2.656366
 151.689535 -2.672174
 152.198560 -2.708121
 152.707585 -2.668374
 153.216610 -2.619557
 153.725636 -2.646525
 154.234661 -2.684358
 154.743686 -2.695398
 155.252711 -2.660468
 155.761737 -2.662574
 156.270762 -2.694983
 156.779787 -2.711641
 157.288813 -2.636477
 157.797838 -2.637331
 158.306863 -2.678253
 158.815888 -2.691228
 159.324914 -2.693449
 159.833939 -2.662854
 160.342964 -2.622825
 160.851990 -2.665815
 161.361015 -2.731398
 161.870040 -2.647395
 162.379065 -2.669595
 162.888091 -2.656975
 163.397116 -2.615369
 163.906141 -2.635582
 164.415167 -2.679601
 164.924192 -2.688023
 165.433217 -2.596597
 165.942242 -2.604391
 166.451268 -2.740884
 166.960293 -2.758028
 167.469318 -2.631866
 167.978344 -2.716389
 168.487369 -2.669493
 168.996394 -2.670002
 169.505419 -2.645696
 170.014445 -2.736086
 170.523470 -2.691077
 171.032495 -2.692192
 171.541521 -2.724492
 172.050546 -2.645775
 172.559571 -2.680437
 173.068596 -2.708126
 173.577622 -2.677943
 174.086647 -2.668860
 174.595672 -2.660374
 175.104698 -2.655284
 175.613723 -2.701105
 176.122748 -2.643590
 176.631773 -2.701326
 177.140799 -2.703950
 177.649824 -2.652798
 178.158849 -2.621012
 178.667875 -2.662606
 179.176900 -2.701405
 179.685925 -2.653940
 180.194950 -2.699393
 180.703976 -2.682818
 181.213001 -2.656076
 181.722026 -2.691783
 182.231052 -2.639685
 182.740077 -2.686334
 183.249102 -2.701890
 183.758127 -2.706743
 184.267153 -2.649992
 184.776178 -2.632154
 185.285203 -2.695268
 185.794228 -2.712805
 186.303254 -2.667604
 186.812279 -2.647665
 187.321304 -2.718431
 187.830330 -2.741428
 188.339355 -2.676091
 188.848380 -2.680900
 189.357405 -2.708678
 189.866431 -2.712078
 190.375456 -2.646857
 190.884481 -2.712586
 191.393507 -2.698130
 191.902532 -2.606309
 192.411557 -2.700677
 192.920582 -2.693493
 193.429608 -2.649550
 193.938633 -2.689113
 194.447658 -2.702409
 194.956684 -2.713861
 195.465709 -2.709765
 195.974734 -2.664853
 196.483759 -2.717125
 196.992785 -2.633329
 197.501810 -2.690175
 198.010835 -2.727966
 198.519861 -2.618019
 199.028886 -2.621957
 199.537911 -2.747450
 200.046936 -2.706669
 200.555962 -2.648802
 201.064987 -2.661019
 201.574012 -2.706787
 202.083038 -2.698176
 202.592063 -2.681997
 203.101088 -2.678791
 203.610113 -2.695558
 204.119139 -2.637857
 204.628164 -2.676090
 205.137189 -2.702378
 205.646215 -2.680716
 206.155240 -2.687621
 206.664265 -2.701762
 207.173290 -2.689906
 207.682316 -2.637965
 208.191341 -2.659605
 208.700366 -2.729926
 209.209392 -2.673208
 209.718417 -2.737006
 210.227442 -2.706328
 210.736467 -2.656396
 211.245493 -2.700757
 211.754518 -2.669802
 212.263543 -2.696083
 212.772569 -2.725784
 213.281594 -2.650180
 213.790619 -2.678261
 214.299644 -2.724556
 214.808670 -2.637199
 215.317695 -2.671088
 215.826720 -2.686191
 216.335746 -2.713629
 216.844771 -2.709147
 217.353796 -2.648007
 217.862821 -2.636874
 218.371847 -2.670793
 218.880872 -2.705038
 219.389897 -2.656408
 219.898922 -2.635005
 220.407948 -2.676634
 220.916973 -2.700647
 221.425998 -2.639864
 221.935024 -2.756381
 222.444049 -2.693119
 222.953074 -2.607911
 223.462099 -2.735917
 223.971125 -2.713328
 224.480150 -2.674354
 224.989175 -2.669723
 225.498201 -2.727561
 226.007226 -2.657033
 226.516251 -2.710924
 227.025276 -2.681912
 227.534302 -2.667864
 228.043327 -2.739181
 228.552352 -2.659229
 229.061378 -2.663353
 229.570403 -2.702257
 230.079428 -2.637215
 230.588453 -2.663722
 231.097479 -2.669484
 231.606504 -2.645499
 232.115529 -2.666256
 232.624555 -2.744291
 233.133580 -2.624794
 233.642605 -2.659549
 234.151630 -2.695500
 234.660656 -2.744704
 235.169681 -2.675171
 235.678706 -2.634905
 236.187732 -2.691987
 236.696757 -2.709275
 237.205782 -2.589505
 237.714807 -2.707756
 238.223833 -2.700233
 238.732858 -2.682841
 239.241883 -2.684062
 239.750909 -2.683042
 240.259934 -2.689548
 240.768959 -2.709054
 241.277984 -2.703030
 241.787010 -2.644254
 242.296035 -2.697102
 242.805060 -2.732672
 243.314086 -2.664946
 243.823111 -2.621535
 244.332136 -2.688053
 244.841161 -2.719747
 245.350187 -2.642305
 245.859212 -2.663274
 246.368237 -2.714836
 246.877263 -2.659163
 247.386288 -2.582210
 247.895313 -2.714033
 248.404338 -2.709789
 248.913364 -2.702532
 249.422389 -2.682758
 249.931414 -2.680214
 250.440440 -2.646108
 250.949465 -2.802376
 251.458490 -2.698195
 251.967515 -2.652621
 252.476541 -2.676170
 252.985566 -2.762233
 253.494591 -2.716464
 254.003616 -2.615019
 254.512642 -2.673070
 255.021667 -2.739357
 255.530692 -2.596740
 256.039718 -2.704394
 256.548743 -2.735960
 257.057768 -2.619033
 257.566793 -2.682345
 258.075819 -2.713122
 258.584844 -2.667652
 259.093869 -2.704632
 259.602895 -2.756438
 260.111920 -2.644196
 260.620945 -2.670717
 261.129970 -2.695179
 261.638996 -2.721123
 262.148021 -2.697938
 262.657046 -2.679905
 263.166072 -2.673355
 263.675097 -2.652989
 264.184122 -2.656516
 264.693147 -2.659729
 265.202173 -2.675963
 265.711198 -2.767888
 266.220223 -2.670388
 266.729249 -2.676992
 267.238274 -2.710296
 267.747299 -2.644534
 268.256324 -2.692290
 268.765350 -2.754403
 269.274375 -2.645253
 269.783400 -2.617262
 270.292426 -2.713257
 270.801451 -2.706221
 271.310476 -2.670699
 271.819501 -2.719457
 272.328527 -2.732537
 272.837552 -2.596671
 273.346577 -2.714263
 273.855603 -2.740161
 274.364628 -2.633518
 274.873653 -2.648194
 275.382678 -2.775034
 275.891704 -2.678279
 276.400729 -2.673524
 276.909754 -2.659228
 277.418780 -2.677702
 277.927805 -2.718058
 278.436830 -2.718278
 278.945855 -2.678812
 279.454881 -2.698899
 279.963906 -2.732503
 280.472931 -2.690837
 280.981957 -2.637926
 281.490982 -2.698890
 282.000007 -2.739791
 282.509032 -2.616065
 283.018058 -2.637526
 283.527083 -2.763550
 284.036108 -2.683076
 284.545134 -2.603254
 285.054159 -2.635429
 285.563184 -2.747454
 286.072209 -2.670896
 286.581235 -2.680507
 287.090260 -2.699253
 287.599285 -2.651707
 288.108310 -2.648710
 288.617336 -2.678070
 289.126361 -2.685746
 289.635386 -2.695744
 290.144412 -2.622759
 290.653437 -2.593390
 291.162462 -2.723511
 291.671487 -2.718417
 292.180513 -2.645035
 292.689538 -2.549641
 293.198563 -2.676616
 293.707589 -2.711496
 294.216614 -2.691329
 294.725639 -2.646797
 295.234664 -2.636494
 295.743690 -2.651856
 296.252715 -2.736083
 296.761740 -2.706023
 297.270766 -2.604448
 297.779791 -2.658923
 298.288816 -2.699417
 298.797841 -2.638568
 299.306867 -2.634863
 299.815892 -2.693475
 300.324917 -2.640937
 300.833943 -2.705015
 301.342968 -2.717111
 301.851993 -2.656342
 302.361018 -2.622579
 302.870044 -2.696668
 303.379069 -2.692424
 303.888094 -2.630704
 304.397120 -2.677969
 304.906145 -2.643448
 305.415170 -2.632099
 305.924195 -2.636892
 306.433221 -2.674951
 306.942246 -2.668266
 307.451271 -2.654992
 307.960297 -2.650057
 308.469322 -2.643925
 308.978347 -2.682763
 309.487372 -2.710922
 309.996398 -2.653745
 310.505423 -2.686921
 311.014448 -2.657038
 311.523474 -2.735879
 312.032499 -2.693168
 312.541524 -2.639888
 313.050549 -2.638168
 313.559575 -2.758965
 314.068600 -2.641482
 314.577625 -2.617776
 315.086651 -2.675991
 315.595676 -2.694670
 316.104701 -2.673466
 316.613726 -2.639974
 317.122752 -2.713427
 317.631777 -2.683236
 318.140802 -2.642282
 318.649828 -2.692002
 319.158853 -2.644696
 319.667878 -2.584859
 320.176903 -2.650617
 320.685929 -2.684154
 321.194954 -2.654188
 321.703979 -2.652384
 322.213004 -2.660819
 322.722030 -2.679138
 323.231055 -2.676062
 323.740080 -2.654308
 324.249106 -2.645785
 324.758131 -2.663306
 325.267156 -2.772487
 325.776181 -2.727002
 326.285207 -2.583378
 326.794232 -2.602581
 327.303257 -2.692842
 327.812283 -2.686523
 328.321308 -2.615142
 328.830333 -2.631341
 329.339358 -2.655537
 329.848384 -2.705738
 330.357409 -2.674021
 330.866434 -2.616254
 331.375460 -2.625639
 331.884485 -2.687124
 332.393510 -2.693347
 332.902535 -2.667416
 333.411561 -2.631731
 333.920586 -2.675799
 334.429611 -2.671205
 334.938637 -2.635234
 335.447662 -2.658178
 335.956687 -2.661557
 336.465712 -2.655147
 336.974738 -2.652736
 337.483763 -2.704450
 337.992788 -2.681908
 338.501814 -2.660767
 339.010839 -2.602859
 339.519864 -2.654451
 340.028889 -2.732329
 340.537915 -2.703302
 341.046940 -2.675686
 341.555965 -2.644245
 342.064991 -2.654431
 342.574016 -2.688561
 343.083041 -2.711986
 343.592066 -2.625229
 344.101092 -2.596704
 344.610117 -2.721450
 345.119142 -2.692186
 345.628168 -2.588079
 346.137193 -2.649959
 346.646218 -2.705247
 347.155243 -2.696009
 347.664269 -2.626310
 348.173294 -2.671031
 348.682319 -2.640850
 349.191345 -2.631542
 349.700370 -2.646813
 350.209395 -2.695237
 350.718420 -2.689812
 351.227446 -2.657183
 351.736471 -2.655850
 352.245496 -2.621570
 352.754522 -2.676029
 353.263547 -2.659588
 353.772572 -2.688439
 354.281597 -2.670974
 354.790623 -2.714406
 355.299648 -2.678652
 355.808673 -2.640298
 356.317698 -2.677996
 356.826724 -2.624188
 357.335749 -2.676962
 357.844774 -2.689645
 358.353800 -2.603083
 358.862825 -2.712429
 359.371850 -2.693062
 359.880875 -2.647973
 360.389901 -2.671842
 360.898926 -2.613131
 361.407951 -2.707575
 361.916977 -2.697779
 362.426002 -2.628139
 362.935027 -2.680105
 363.444052 -2.646092
 363.953078 -2.673731
 364.462103 -2.699797
 364.971128 -2.665930
 365.480154 -2.635974
 365.989179 -2.631522
 366.498204 -2.685073
 367.007229 -2.692878
 367.516255 -2.657724
 368.025280 -2.712771
 368.534305 -2.745746
 369.043331 -2.664947
 369.552356 -2.624634
 370.061381 -2.685451
 370.570406 -2.670022
 371.079432 -2.687313
 371.588457 -2.689269
 372.097482 -2.652929
 372.606508 -2.674009
 373.115533 -2.650589
 373.624558 -2.725727
 374.133583 -2.730805
 374.642609 -2.612897
 375.151634 -2.715230
 375.660659 -2.661672
 376.169685 -2.609671
 376.678710 -2.706287
 377.187735 -2.693767
 377.696760 -2.655554
 378.205786 -2.631783
 378.714811 -2.703003
 379.223836 -2.692122
 379.732862 -2.660967
 380.241887 -2.619726
 380.750912 -2.660289
 381.259937 -2.716989
 381.768963 -2.684902
 382.277988 -2.669488
 382.787013 -2.695993
 383.296039 -2.681913
 383.805064 -2.606465
 384.314089 -2.675749
 384.823114 -2.677759
 385.332140 -2.636841
 385.841165 -2.694459
 386.350190 -2.708922
 386.859216 -2.692097
 387.368241 -2.668764
 387.877266 -2.614399
 388.386291 -2.601016
 388.895317 -2.753469
 389.404342 -2.774135
 389.913367 -2.635515
 390.422392 -2.589025
 390.931418 -2.700260
 391.440443 -2.710115
 391.949468 -2.688130
 392.458494 -2.672476
 392.967519 -2.681369
 393.476544 -2.701321
 393.985569 -2.706834
 394.494595 -2.650602
 395.003620 -2.717414
 395.512645 -2.717124
 396.021671 -2.671907
 396.530696 -2.715015
 397.039721 -2.748408
 397.548746 -2.687698
 398.057772 -2.645345
 398.566797 -2.745640
 399.075822 -2.652850
 399.584848 -2.665336
 400.093873 -2.636969
 400.602898 -2.730410
 401.111923 -2.684984
 401.620949 -2.725463
 402.129974 -2.702448
 402.638999 -2.701051
 403.148025 -2.656104
 403.657050 -2.702785
 404.166075 -2.735894
 404.675100 -2.637129
 405.184126 -2.664173
 405.693151 -2.718030
 406.202176 -2.665356
 406.711202 -2.694912
 407.220227 -2.744422
 407.729252 -2.626441
 408.238277 -2.694459
 408.747303 -2.671588
 409.256328 -2.702694
 409.765353 -2.670384
 410.274379 -2.645100
 410.783404 -2.668579
 411.292429 -2.678332
 411.801454 -2.710562
 412.310480 -2.685698
 412.819505 -2.718257
 413.328530 -2.639352
 413.837556 -2.665873
 414.346581 -2.713893
 414.855606 -2.605012
 415.364631 -2.684176
 415.873657 -2.731513
 416.382682 -2.647920
 416.891707 -2.621992
 417.400733 -2.713148
 417.909758 -2.686777
 418.418783 -2.628723
 418.927808 -2.666776
 419.436834 -2.674130
 419.945859 -2.657510
 420.454884 -2.704229
 420.963910 -2.717551
 421.472935 -2.682672
 421.981960 -2.650841
 422.490985 -2.689026
 423.000011 -2.726450
 423.509036 -2.661864
 424.018061 -2.715045
 424.527086 -2.733911
 425.036112 -2.692400
 425.545137 -2.633352
 426.054162 -2.731026
 426.563188 -2.719696
 427.072213 -2.642067
 427.581238 -2.667849
 428.090263 -2.701289
 428.599289 -2.708513
 429.108314 -2.707429
 429.617339 -2.677278
 430.126365 -2.641166
 430.635390 -2.657964
 431.144415 -2.703773
 431.653440 -2.661120
 432.162466 -2.661206
 432.671491 -2.654080
 433.180516 -2.659206
 433.689542 -2.676923
 434.198567 -2.674229
 434.707592 -2.694902
 435.216617 -2.716786
 435.725643 -2.739841
 436.234668 -2.649543
 436.743693 -2.643034
 437.252719 -2.710064
 437.761744 -2.735584
 438.270769 -2.648550
 438.779794 -2.637195
 439.288820 -2.696218
 439.797845 -2.649880
 440.306870 -2.708445
 440.815896 -2.716834
 441.324921 -2.615646
 441.833946 -2.727720
 442.342971 -2.754220
 442.851997 -2.658637
 443.361022 -2.643812
 443.870047 -2.714072
 444.379073 -2.699140
 444.888098 -2.690407
 445.397123 -2.700920
 445.906148 -2.714020
 446.415174 -2.672749
 446.924199 -2.658251
 447.433224 -2.709932
 447.942250 -2.738577
 448.451275 -2.653858
 448.960300 -2.655640
 449.469325 -2.763184
 449.978351 -2.679337
 450.487376 -2.640935
 450.996401 -2.759510
 451.505427 -2.690237
 452.014452 -2.628585
 452.523477 -2.684809
 453.032502 -2.718844
 453.541528 -2.677590
 454.050553 -2.680491
 454.559578 -2.732151
 455.068604 -2.680407
 455.577629 -2.653471
 456.086654 -2.698193
 456.595679 -2.647657
 457.104705 -2.675105
 457.613730 -2.736934
 458.122755 -2.672437
 458.631780 -2.642223
 459.140806 -2.694683
 459.649831 -2.695456
 460.158856 -2.671014
 460.667882 -2.660663
 461.176907 -2.690078
 461.685932 -2.705480
 462.194957 -2.621197
 462.703983 -2.640549
 463.213008 -2.794337
 463.722033 -2.639725
 464.231059 -2.717119
 464.740084 -2.643924
 465.249109 -2.672453
 465.758134 -2.703131
 466.267160 -2.744307
 466.776185 -2.664714
 467.285210 -2.669157
 467.794236 -2.639641
 468.303261 -2.662350
 468.812286 -2.743228
 469.321311 -2.639260
 469.830337 -2.646968
 470.339362 -2.733399
 470.848387 -2.671681
 471.357413 -2.620812
 471.866438 -2.753946
 472.375463 -2.700996
 472.884488 -2.650938
 473.393514 -2.769298
 473.902539 -2.654881
 474.411564 -2.657872
 474.920590 -2.731749
 475.429615 -2.669384
 475.938640 -2.655655
 476.447665 -2.656746
 476.956691 -2.677926
 477.465716 -2.666742
 477.974741 -2.668615
 478.483767 -2.624665
 478.992792 -2.681742
 479.501817 -2.656709
 480.010842 -2.697987
 480.519868 -2.687843
 481.028893 -2.641970
 481.537918 -2.711605
 482.046944 -2.715017
 482.555969 -2.695825
 483.064994 -2.700378
 483.574019 -2.636061
 484.083045 -2.684636
 484.592070 -2.712402
 485.101095 -2.725829
 485.610121 -2.655205
 486.119146 -2.690607
 486.628171 -2.742437
 487.137196 -2.705494
 487.646222 -2.579137
 488.155247 -2.680084
 488.664272 -2.737908
 489.173297 -2.698172
 489.682323 -2.708353
 490.191348 -2.690113
 490.700373 -2.728395
 491.209399 -2.706874
 491.718424 -2.683298
 492.227449 -2.716459
 492.736474 -2.702791
 493.245500 -2.646526
 493.754525 -2.694447
 494.263550 -2.713752
 494.772576 -2.682335
 495.281601 -2.666689
 495.790626 -2.686149
 496.299651 -2.733439
 496.808677 -2.669804
 497.317702 -2.599184
 497.826727 -2.711455
 498.335753 -2.735204
 498.844778 -2.671762
 499.353803 -2.661891
 499.862828 -2.730733
 500.371854 -2.644573
 500.880879 -2.636447
 501.389904 -2.744724
 501.898930 -2.704938
 502.407955 -2.680339
 502.916980 -2.665369
 503.426005 -2.724430
 503.935031 -2.649940
 504.444056 -2.660590
 504.953081 -2.711238
 505.462107 -2.685192
 505.971132 -2.667401
 506.480157 -2.717106
 506.989182 -2.688788
 507.498208 -2.689113
 508.007233 -2.678646
 508.516258 -2.655679
 509.025284 -2.663968
 509.534309 -2.690481
 510.043334 -2.689424
 510.552359 -2.680543
 511.061385 -2.704687
 511.570410 -2.667697
 512.079435 -2.724770
 512.588461 -2.686188
 513.097486 -2.641486
 513.606511 -2.630229
 514.115536 -2.755933
 514.624562 -2.683809
 515.133587 -2.661404
 515.642612 -2.724871
 516.151638 -2.687682
 516.660663 -2.661188
 517.169688 -2.662999
 517.678713 -2.688097
 518.187739 -2.671904
 518.696764 -2.646709
 519.205789 -2.706601
 519.714815 -2.679977
 520.223840 -2.615030
 520.732865 -2.725225
 521.241890 -2.686302
 521.750916 -2.622406
 522.259941 -2.627041
 522.768966 -2.726929
 523.277991 -2.706564
 523.787017 -2.674788
 524.296042 -2.695386
 524.805067 -2.649510
 525.314093 -2.670639
 525.823118 -2.665828
 526.332143 -2.664144
 526.841168 -2.667745
 527.350194 -2.711076
 527.859219 -2.740475
 528.368244 -2.677281
 528.877270 -2.692005
 529.386295 -2.737675
 529.895320 -2.686336
 530.404345 -2.697093
 530.913371 -2.694148
 531.422396 -2.709440
 531.931421 -2.649363
 532.440447 -2.664454
 532.949472 -2.669513
 533.458497 -2.730566
 533.967522 -2.698854
 534.476548 -2.669847
 534.985573 -2.729547
 535.494598 -2.645066
 536.003624 -2.679279
 536.512649 -2.736914
 537.021674 -2.652811
 537.530699 -2.650189
 538.039725 -2.730152
 538.548750 -2.712756
 539.057775 -2.541704
 539.566801 -2.759371
 540.075826 -2.705576
 540.584851 -2.618549
 541.093876 -2.707888
 541.602902 -2.768937
 542.111927 -2.629641
 542.620952 -2.660358
 543.129978 -2.732323
 543.639003 -2.697332
 544.148028 -2.639396
 544.657053 -2.766418
 545.166079 -2.701353
 545.675104 -2.609907
 546.184129 -2.686065
 546.693155 -2.778608
 547.202180 -2.677731
 547.711205 -2.621104
 548.220230 -2.822128
 548.729256 -2.694633
 549.238281 -2.577716
 549.747306 -2.661736
 550.256332 -2.747198
 550.765357 -2.662629
 551.274382 -2.676665
 551.783407 -2.728601
 552.292433 -2.652878
 552.801458 -2.655068
 553.310483 -2.642216
 553.819509 -2.736991
 554.328534 -2.676850
 554.837559 -2.688265
 555.346584 -2.717987
 555.855610 -2.693784
 556.364635 -2.620396
 556.873660 -2.698211
 557.382685 -2.720670
 557.891711 -2.632379
 558.400736 -2.763722
 558.909761 -2.693464
 559.418787 -2.673426
 559.927812 -2.702430
 560.436837 -2.620827
 560.945862 -2.682967
 561.454888 -2.775700
 561.963913 -2.664880
 562.472938 -2.656249
 562.981964 -2.654132
 563.490989 -2.661606
 564.000014 -2.705546
 564.509039 -2.670554
 565.018065 -2.560137
 565.527090 -2.593326
 566.036115 -2.762565
 566.545141 -2.690455
 567.054166 -2.658865
 567.563191 -2.611413
 568.072216 -2.682015
 568.581242 -2.698176
 569.090267 -2.611727
 569.599292 -2.624208
 570.108318 -2.739807
 570.617343 -2.628762
 571.126368 -2.600525
 571.635393 -2.606459
 572.144419 -2.742279
 572.653444 -2.716452
 573.162469 -2.625340
 573.671495 -2.676091
 574.180520 -2.704507
 574.689545 -2.691963
 575.198570 -2.634976
 575.707596 -2.656975
 576.216621 -2.681811
 576.725646 -2.680211
 577.234672 -2.704377
 577.743697 -2.645332
 578.252722 -2.610045
 578.761747 -2.653558
 579.270773 -2.667671
 579.779798 -2.643110
 580.288823 -2.649925
 580.797849 -2.686169
 581.306874 -2.618027
 581.815899 -2.659413
 582.324924 -2.753444
 582.833950 -2.634942
 583.342975 -2.589903
 583.852000 -2.698038
 584.361026 -2.727698
 584.870051 -2.692709
 585.379076 -2.689477
 585.888101 -2.679033
 586.397127 -2.701637
 586.906152 -2.650086
 587.415177 -2.587192
 587.924203 -2.705427
 588.433228 -2.688406
 588.942253 -2.616697
 589.451278 -2.682727
 589.960304 -2.722483
 590.469329 -2.585680
 590.978354 -2.622939
 591.487379 -2.741903
 591.996405 -2.659441
 592.505430 -2.556582
 593.014455 -2.648796
 593.523481 -2.807971
 594.032506 -2.627845
 594.541531 -2.588705
 595.050556 -2.709308
 595.559582 -2.695054
 596.068607 -2.673798
 596.577632 -2.645844
 597.086658 -2.690120
 597.595683 -2.684696
 598.104708 -2.668353
 598.613733 -2.666310
 599.122759 -2.613953
 599.631784 -2.664043
 600.140809 -2.613141
 600.649835 -2.706225
 601.158860 -2.711521
 601.667885 -2.669841
 602.176910 -2.670736
 602.685936 -2.726083
 603.194961 -2.637025
 603.703986 -2.635993
 604.213012 -2.706405
 604.722037 -2.702180
 605.231062 -2.627680
 605.740087 -2.660771
 606.249113 -2.749924
 606.758138 -2.653125
 607.267163 -2.580436
 607.776189 -2.633660
 608.285214 -2.678667
 608.794239 -2.694873
 609.303264 -2.675569
 609.812290 -2.661994
 610.321315 -2.668338
 610.830340 -2.745507
 611.339366 -2.696411
 611.848391 -2.647822
 612.357416 -2.671573
 612.866441 -2.736795
 613.375467 -2.647944
 613.884492 -2.660559
 614.393517 -2.703026
 614.902543 -2.703993
 615.411568 -2.718117
 615.920593 -2.628052
 616.429618 -2.591940
 616.938644 -2.687652
 617.447669 -2.728608
 617.956694 -2.674510
 618.465720 -2.615346
 618.974745 -2.635484
 619.483770 -2.690851
 619.992795 -2.674193
 620.501821 -2.633622
 621.010846 -2.640335
 621.519871 -2.682060
 622.028897 -2.723078
 622.537922 -2.670882
 623.046947 -2.716253
 623.555972 -2.700206
 624.064998 -2.684332
 624.574023 -2.647763
 625.083048 -2.631779
 625.592073 -2.720369
 626.101099 -2.705079
 626.610124 -2.626536
 627.119149 -2.653852
 627.628175 -2.694238
 628.137200 -2.672254
 628.646225 -2.665658
 629.155250 -2.705693
 629.664276 -2.668165
 630.173301 -2.732856
 630.682326 -2.618535
 631.191352 -2.700960
 631.700377 -2.689551
 632.209402 -2.641558
 632.718427 -2.661346
 633.227453 -2.672658
 633.736478 -2.663521
 634.245503 -2.672853
 634.754529 -2.671620
 635.263554 -2.642092
 635.772579 -2.656728
 636.281604 -2.708128
 636.790630 -2.616306
 637.299655 -2.625577
 637.808680 -2.703600
 638.317706 -2.663433
 638.826731 -2.681216
 639.335756 -2.710573
 639.844781 -2.663619
 640.353807 -2.690191
 640.862832 -2.683280
 641.371857 -2.695375
 641.880883 -2.670924
 642.389908 -2.634703
 642.898933 -2.665011
 643.407958 -2.721908
 643.916984 -2.663039
 644.426009 -2.615736
 644.935034 -2.657597
 645.444060 -2.684395
 645.953085 -2.703448
 646.462110 -2.667010
 646.971135 -2.687453
 647.480161 -2.685506
 647.989186 -2.702840
 648.498211 -2.698236
 649.007237 -2.661999
 649.516262 -2.663111
 650.025287 -2.686647
 650.534312 -2.674666
 651.043338 -2.632685
 651.552363 -2.653134
 652.061388 -2.700014
 652.570414 -2.661847
 653.079439 -2.668505
 653.588464 -2.704952
 654.097489 -2.641651
 654.606515 -2.601750
 655.115540 -2.691178
 655.624565 -2.663585
 656.133591 -2.693769
 656.642616 -2.609635
 657.151641 -2.693476
 657.660666 -2.698262
 658.169692 -2.661572
 658.678717 -2.627394
 659.187742 -2.657495
 659.696767 -2.697493
 660.205793 -2.694341
 660.714818 -2.592219
 661.223843 -2.664776
 661.732869 -2.665285
 662.241894 -2.683176
 662.750919 -2.646577
 663.259944 -2.605343
 663.768970 -2.677755
 664.277995 -2.699890
 664.787020 -2.666453
 665.296046 -2.644603
 665.805071 -2.657302
 666.314096 -2.632341
 666.823121 -2.672446
 667.332147 -2.665403
 667.841172 -2.675386
 668.350197 -2.657240
 668.859223 -2.653753
 669.368248 -2.699220
 669.877273 -2.644476
 670.386298 -2.647467
 670.895324 -2.729856
 671.404349 -2.646997
 671.913374 -2.626052
 672.422400 -2.683910
 672.931425 -2.691240
 673.440450 -2.677994
 673.949475 -2.626162
 674.458501 -2.618597
 674.967526 -2.701693
 675.476551 -2.707588
 675.985577 -2.665856
 676.494602 -2.626563
 677.003627 -2.686473
 677.512652 -2.697496
 678.021678 -2.658750
 678.530703 -2.676739
 679.039728 -2.687470
 679.548754 -2.670443
 680.057779 -2.633885
 680.566804 -2.640180
 681.075829 -2.700121
 681.584855 -2.713982
 682.093880 -2.652800
 682.602905 -2.632378
 683.111931 -2.658214
 683.620956 -2.690825
 684.129981 -2.643997
 684.639006 -2.649249
 685.148032 -2.696671
 685.657057 -2.684876
 686.166082 -2.681558
 686.675108 -2.657298
 687.184133 -2.686125
 687.693158 -2.671416
 688.202183 -2.643888
 688.711209 -2.619366
 689.220234 -2.736007
 689.729259 -2.737960
 690.238285 -2.612281
 690.747310 -2.634323
 691.256335 -2.731066
 691.765360 -2.761500
 692.274386 -2.612275
 692.783411 -2.594430
 693.292436 -2.741654
 693.801461 -2.682334
 694.310487 -2.654133
 694.819512 -2.627904
 695.328537 -2.683038
 695.837563 -2.693075
 696.346588 -2.653564
 696.855613 -2.693279
 697.364638 -2.694354
 697.873664 -2.655754
 698.382689 -2.597898
 698.891714 -2.670435
 699.400740 -2.744432
 699.909765 -2.675647
 700.418790 -2.662656
 700.927815 -2.678981
 701.436841 -2.677907
 701.945866 -2.693869
 702.454891 -2.706036
 702.963917 -2.613388
 703.472942 -2.661008
 703.981967 -2.688855
 704.490992 -2.651876
 705.000018 -2.679339
 705.509043 -2.698575
 706.018068 -2.639481
 706.527094 -2.631016
 707.036119 -2.712355
 707.545144 -2.732470
 708.054169 -2.635222
 708.563195 -2.566459
 709.072220 -2.714579
 709.581245 -2.712904
 710.090271 -2.644123
 710.599296 -2.681368
 711.108321 -2.699406
 711.617346 -2.684172
 712.126372 -2.551811
 712.635397 -2.634083
 713.144422 -2.740176
 713.653448 -2.657263
 714.162473 -2.647812
 714.671498 -2.691670
 715.180523 -2.666689
 715.689549 -2.671477
 716.198574 -2.654061
 716.707599 -2.639966
 717.216625 -2.681242
 717.725650 -2.639030
 718.234675 -2.673526
 718.743700 -2.722175
 719.252726 -2.747318
 719.761751 -2.635636
 720.270776 -2.735754
 720.779802 -2.743571
 721.288827 -2.616888
 721.797852 -2.668739
 722.306877 -2.684337
 722.815903 -2.618615
 723.324928 -2.675290
 723.833953 -2.723368
 724.342979 -2.655509
 724.852004 -2.675480
 725.361029 -2.647785
 725.870054 -2.732311
 726.379080 -2.687346
 726.888105 -2.629432
 727.397130 -2.731212
 727.906155 -2.646914
 728.415181 -2.653821
 728.924206 -2.726152
 729.433231 -2.667204
 729.942257 -2.653698
 730.451282 -2.739960
 730.960307 -2.689386
 731.469332 -2.639099
 731.978358 -2.651408
 732.487383 -2.694567
 732.996408 -2.630188
 733.505434 -2.678883
 734.014459 -2.660898
 734.523484 -2.704587
 735.032509 -2.665128
 735.541535 -2.636916
 736.050560 -2.663774
 736.559585 -2.652045
 737.068611 -2.648083
 737.577636 -2.628625
 738.086661 -2.681039
 738.595686 -2.664710
 739.104712 -2.622898
 739.613737 -2.670853
 740.122762 -2.715486
 740.631788 -2.619988
 741.140813 -2.551083
 741.649838 -2.698322
 742.158863 -2.694627
 742.667889 -2.656547
 743.176914 -2.712148
 743.685939 -2.665941
 744.194965 -2.625214
 744.703990 -2.623186
 745.213015 -2.674394
 745.722040 -2.679113
 746.231066 -2.676762
 746.740091 -2.639986
 747.249116 -2.648009
 747.758142 -2.665977
 748.267167 -2.638102
 748.776192 -2.642627
 749.285217 -2.670267
 749.794243 -2.662220
 750.303268 -2.686218
 750.812293 -2.673363
 751.321319 -2.650723
 751.830344 -2.683515
 752.339369 -2.695027
 752.848394 -2.678979
 753.357420 -2.648077
 753.866445 -2.641165
 754.375470 -2.735361
 754.884496 -2.729597
 755.393521 -2.621588
 755.902546 -2.601655
 756.411571 -2.698504
 756.920597 -2.720715
 757.429622 -2.726868
 757.938647 -2.595588
 758.447673 -2.632626
 758.956698 -2.755712
 759.465723 -2.599570
 759.974748 -2.611681
 760.483774 -2.722987
 760.992799 -2.692097
 761.501824 -2.682485
 762.010849 -2.721361
 762.519875 -2.664584
 763.028900 -2.641307
 763.537925 -2.704380
 764.046951 -2.715377
 764.555976 -2.663757
 765.065001 -2.650491
 765.574026 -2.697699
 766.083052 -2.658962
 766.592077 -2.632223
 767.101102 -2.712100
 767.610128 -2.708849
 768.119153 -2.660127
 768.628178 -2.629587
 769.137203 -2.766573
 769.646229 -2.641576
 770.155254 -2.608946
 770.664279 -2.698060
 771.173305 -2.660955
 771.682330 -2.622745
 772.191355 -2.650495
 772.700380 -2.708371
 773.209406 -2.691219
 773.718431 -2.632475
 774.227456 -2.619216
 774.736482 -2.704830
 775.245507 -2.657729
 775.754532 -2.606706
 776.263557 -2.665612
 776.772583 -2.690830
 777.281608 -2.637857
 777.790633 -2.668332
 778.299659 -2.666458
 778.808684 -2.680314
 779.317709 -2.699585
 779.826734 -2.699945
 780.335760 -2.627472
 780.844785 -2.685763
 781.353810 -2.716541
 781.862836 -2.629977
 782.371861 -2.613726
 782.880886 -2.736370
 783.389911 -2.750549
 783.898937 -2.640833
 784.407962 -2.625767
 784.916987 -2.699756
 785.426013 -2.657729
 785.935038 -2.689053
 786.444063 -2.631389
 786.953088 -2.696599
 787.462114 -2.736514
 787.971139 -2.648469
 788.480164 -2.550446
 788.989190 -2.635570
 789.498215 -2.747191
 790.007240 -2.647187
 790.516265 -2.617550
 791.025291 -2.651413
 791.534316 -2.679889
 792.043341 -2.683151
 792.552366 -2.679618
 793.061392 -2.601429
 793.570417 -2.638621
 794.079442 -2.679839
 794.588468 -2.692539
 795.097493 -2.615059
 795.606518 -2.641893
 796.115543 -2.649700
 796.624569 -2.668826
 797.133594 -2.679494
 797.642619 -2.666441
 798.151645 -2.663792
 798.660670 -2.655006
 799.169695 -2.643783
 799.678720 -2.647138
 800.187746 -2.710023
 800.696771 -2.640857
 801.205796 -2.680936
 801.714822 -2.696853
 802.223847 -2.633035
 802.732872 -2.745422
 803.241897 -2.682775
 803.750923 -2.631659
 804.259948 -2.636554
 804.768973 -2.693952
 805.277999 -2.727034
 805.787024 -2.668170
 806.296049 -2.616665
 806.805074 -2.644437
 807.314100 -2.641682
 807.823125 -2.694868
 808.332150 -2.677728
 808.841176 -2.642014
 809.350201 -2.640100
 809.859226 -2.733051
 810.368251 -2.704768
 810.877277 -2.606093
 811.386302 -2.641824
 811.895327 -2.685089
 812.404353 -2.650056
 812.913378 -2.659693
 813.422403 -2.704163
 813.931428 -2.630540
 814.440454 -2.642849
 814.949479 -2.728504
 815.458504 -2.706458
 815.967530 -2.614678
 816.476555 -2.623039
 816.985580 -2.675593
 817.494605 -2.679401
 818.003631 -2.659889
 818.512656 -2.652261
 819.021681 -2.662762
 819.530707 -2.632199
 820.039732 -2.676741
 820.548757 -2.745995
 821.057782 -2.710702
 821.566808 -2.603307
 822.075833 -2.612793
 822.584858 -2.701605
 823.093884 -2.720781
 823.602909 -2.673400
 824.111934 -2.612340
 824.620959 -2.678619
 825.129985 -2.779969
 825.639010 -2.655498
 826.148035 -2.618174
 826.657060 -2.666199
 827.166086 -2.674349
 827.675111 -2.659457
 828.184136 -2.674311
 828.693162 -2.675131
 829.202187 -2.646923
 829.711212 -2.625579
 830.220237 -2.650834
 830.729263 -2.714498
 831.238288 -2.701824
 831.747313 -2.631172
 832.256339 -2.643386
 832.765364 -2.695590
 833.274389 -2.698126
 833.783414 -2.667938
 834.292440 -2.697807
 834.801465 -2.682749
 835.310490 -2.646063
 835.819516 -2.677900
 836.328541 -2.694794
 836.837566 -2.632716
 837.346591 -2.642455
 837.855617 -2.683333
 838.364642 -2.680552
 838.873667 -2.658806
 839.382693 -2.677010
 839.891718 -2.656725
 840.400743 -2.662859
 840.909768 -2.665480
 841.418794 -2.634568
 841.927819 -2.657964
 842.436844 -2.686915
 842.945870 -2.674336
 843.454895 -2.670429
 843.963920 -2.670644
 844.472945 -2.648458
 844.981971 -2.669268
 845.490996 -2.678557
 846.000021 -2.706487
 846.509047 -2.633201
 847.018072 -2.591247
 847.527097 -2.656771
 848.036122 -2.700037
 848.545148 -2.660196
 849.054173 -2.679981
 849.563198 -2.648712
 850.072224 -2.735060
 850.581249 -2.674875
 851.090274 -2.617627
 851.599299 -2.691988
 852.108325 -2.663831
 852.617350 -2.653638
 853.126375 -2.623459
 853.635401 -2.708125
 854.144426 -2.718788
 854.653451 -2.667407
 855.162476 -2.650733
 855.671502 -2.693469
 856.180527 -2.710882
 856.689552 -2.672897
 857.198578 -2.681598
 857.707603 -2.713113
 858.216628 -2.629936
 858.725653 -2.698700
 859.234679 -2.632880
 859.743704 -2.652499
 860.252729 -2.696436
 860.761754 -2.642579
 861.270780 -2.617742
 861.779805 -2.678621
 862.288830 -2.617739
 862.797856 -2.660449
 863.306881 -2.659934
 863.815906 -2.703338
 864.324931 -2.640536
 864.833957 -2.651784
 865.342982 -2.690114
 865.852007 -2.666206
 866.361033 -2.624055
 866.870058 -2.663983
 867.379083 -2.663139
 867.888108 -2.666517
 868.397134 -2.686778
 868.906159 -2.650509
 869.415184 -2.648818
 869.924210 -2.698154
 870.433235 -2.671144
 870.942260 -2.653627
 871.451285 -2.639398
 871.960311 -2.655807
 872.469336 -2.673705
 872.978361 -2.684501
 873.487387 -2.660767
 873.996412 -2.653782
 874.505437 -2.699052
 875.014462 -2.733931
 875.523488 -2.693043
 876.032513 -2.569945
 876.541538 -2.683654
 877.050564 -2.708972
 877.559589 -2.629343
 878.068614 -2.617892
 878.577639 -2.646920
 879.086665 -2.690026
 879.595690 -2.638434
 880.104715 -2.613862
 880.613741 -2.700622
 881.122766 -2.661236
 881.631791 -2.625159
 882.140816 -2.668076
 882.649842 -2.675926
 883.158867 -2.655341
 883.667892 -2.669421
 884.176918 -2.671588
 884.685943 -2.677247
 885.194968 -2.628983
 885.703993 -2.703140
 886.213019 -2.682717
 886.722044 -2.627276
 887.231069 -2.679555
 887.740095 -2.730882
 888.249120 -2.632933
 888.758145 -2.650963
 889.267170 -2.682663
 889.776196 -2.646747
 890.285221 -2.708524
 890.794246 -2.677175
 891.303272 -2.654399
 891.812297 -2.691782
 892.321322 -2.649025
 892.830347 -2.640320
 893.339373 -2.631058
 893.848398 -2.651332
 894.357423 -2.689885
 894.866448 -2.630708
 895.375474 -2.674801
 895.884499 -2.699356
 896.393524 -2.729279
 896.902550 -2.633504
 897.411575 -2.632589
 897.920600 -2.714754
 898.429625 -2.755142
 898.938651 -2.649006
 899.447676 -2.684097
 899.956701 -2.769823
 900.465727 -2.688222
 900.974752 -2.639976
 901.483777 -2.700590
 901.992802 -2.690248
 902.501828 -2.736423
 903.010853 -2.705792
 903.519878 -2.676107
 904.028904 -2.638124
 904.537929 -2.679254
 905.046954 -2.669392
 905.555979 -2.705700
 906.065005 -2.633306
 906.574030 -2.721172
 907.083055 -2.774941
 907.592081 -2.603217
 908.101106 -2.720183
 908.610131 -2.700132
 909.119156 -2.648614
 909.628182 -2.751647
 910.137207 -2.664707
 910.646232 -2.588198
 911.155258 -2.725010
 911.664283 -2.780346
 912.173308 -2.612149
 912.682333 -2.671434
 913.191359 -2.678706
 913.700384 -2.587444
 914.209409 -2.709047
 914.718435 -2.694450
 915.227460 -2.663946
 915.736485 -2.725065
 916.245510 -2.646966
 916.754536 -2.640869
 917.263561 -2.737322
 917.772586 -2.691561
 918.281612 -2.616568
 918.790637 -2.675957
 919.299662 -2.758745
 919.808687 -2.650768
 920.317713 -2.615123
 920.826738 -2.702927
 921.335763 -2.664848
 921.844789 -2.693969
 922.353814 -2.693113
 922.862839 -2.708919
 923.371864 -2.632059
 923.880890 -2.615358
 924.389915 -2.719971
 924.898940 -2.692598
 925.407966 -2.631294
 925.916991 -2.641299
 926.426016 -2.737580
 926.935041 -2.668731
 927.444067 -2.627554
 927.953092 -2.718346
 928.462117 -2.651636
 928.971142 -2.627046
 929.480168 -2.718858
 929.989193 -2.673785
 930.498218 -2.661133
 931.007244 -2.667883
 931.516269 -2.719071
 932.025294 -2.697162
 932.534319 -2.677226
 933.043345 -2.636952
 933.552370 -2.735759
 934.061395 -2.731059
 934.570421 -2.579057
 935.079446 -2.635201
 935.588471 -2.731590
 936.097496 -2.669320
 936.606522 -2.676743
 937.115547 -2.730668
 937.624572 -2.691806
 938.133598 -2.661300
 938.642623 -2.667431
 939.151648 -2.665696
 939.660673 -2.663942
 940.169699 -2.694860
 940.678724 -2.700517
 941.187749 -2.705434
 941.696775 -2.697075
 942.205800 -2.658122
 942.714825 -2.695342
 943.223850 -2.771953
 943.732876 -2.654689
 944.241901 -2.646772
 944.750926 -2.724567
 945.259952 -2.667253
 945.768977 -2.661882
 946.278002 -2.697134
 946.787027 -2.703574
 947.296053 -2.676666
 947.805078 -2.717690
 948.314103 -2.660622
 948.823129 -2.662314
 949.332154 -2.705000
 949.841179 -2.666548
 950.350204 -2.572271
 950.859230 -2.685669
 951.368255 -2.730949
 951.877280 -2.701898
 952.386306 -2.604380
 952.895331 -2.692814
 953.404356 -2.725530
 953.913381 -2.684024
 954.422407 -2.661559
 954.931432 -2.643111
 955.440457 -2.668965
 955.949483 -2.655118
 956.458508 -2.579375
 956.967533 -2.697222
 957.476558 -2.731914
 957.985584 -2.678789
 958.494609 -2.683852
 959.003634 -2.675587
 959.512660 -2.695003
 960.021685 -2.611171
 960.530710 -2.643130
 961.039735 -2.697488
 961.548761 -2.668813
 962.057786 -2.608965
 962.566811 -2.658299
 963.075836 -2.713736
 963.584862 -2.641332
 964.093887 -2.690598
 964.602912 -2.698601
 965.111938 -2.662435
 965.620963 -2.633544
 966.129988 -2.617700
 966.639013 -2.607284
 967.148039 -2.676396
 967.657064 -2.703199
 968.166089 -2.648863
 968.675115 -2.664373
 969.184140 -2.642327
 969.693165 -2.702713
 970.202190 -2.689725
 970.711216 -2.623391
 971.220241 -2.667899
 971.729266 -2.648341
 972.238292 -2.668861
 972.747317 -2.665933
 973.256342 -2.703545
 973.765367 -2.611677
 974.274393 -2.653110
 974.783418 -2.746176
 975.292443 -2.683792
 975.801469 -2.650510
 976.310494 -2.649314
 976.819519 -2.668566
 977.328544 -2.705234
 977.837570 -2.638734
 978.346595 -2.630686
 978.855620 -2.642823
 979.364646 -2.695352
 979.873671 -2.616738
 980.382696 -2.662697
 980.891721 -2.672163
 981.400747 -2.696650
 981.909772 -2.698958
 982.418797 -2.635858
 982.927823 -2.641693
 983.436848 -2.694380
 983.945873 -2.656621
 984.454898 -2.643854
 984.963924 -2.688562
 985.472949 -2.710350
 985.981974 -2.644053
 986.491000 -2.595276
 987.000025 -2.662001
 987.509050 -2.733626
 988.018075 -2.666541
 988.527101 -2.606103
 989.036126 -2.654859
 989.545151 -2.711818
 990.054177 -2.726646
 990.563202 -2.601131
 991.072227 -2.623585
 991.581252 -2.723979
 992.090278 -2.724714
 992.599303 -2.640979
 993.108328 -2.585339
 993.617354 -2.612505
 994.126379 -2.759143
 994.635404 -2.663218
 995.144429 -2.563038
 995.653455 -2.666608
 996.162480 -2.786848
 996.671505 -2.678989
 997.180530 -2.565462
 997.689556 -2.700951
 998.198581 -2.713444
 998.707606 -2.618531
 999.216632 -2.656977
 999.725657 -2.733455
 1000.234682 -2.704382
 1000.743707 -2.634291
 1001.252733 -2.626835
 1001.761758 -2.635386
 1002.270783 -2.687076
 1002.779809 -2.687608
 1003.288834 -2.660072
 1003.797859 -2.688988
 1004.306884 -2.699840
 1004.815910 -2.627868
 1005.324935 -2.645009
 1005.833960 -2.722067
 1006.342986 -2.619917
 1006.852011 -2.615573
 1007.361036 -2.670517
 1007.870061 -2.676106
 1008.379087 -2.623612
 1008.888112 -2.621399
 1009.397137 -2.703376
 1009.906163 -2.734104
 1010.415188 -2.715316
 1010.924213 -2.580566
 1011.433238 -2.617564
 1011.942264 -2.743479
 1012.451289 -2.669642
 1012.960314 -2.634261
 1013.469340 -2.669407
 1013.978365 -2.688753
 1014.487390 -2.748306
 1014.996415 -2.713048
 1015.505441 -2.639685
 1016.014466 -2.665815
 1016.523491 -2.725111
 1017.032517 -2.706690
 1017.541542 -2.605220
 1018.050567 -2.677352
