#! FIELDS time cv
 0.000000 -2.025210
 0.509025 -2.136272
 1.018051 -2.252964
 1.527076 -2.301090
 2.036101 -2.244133
 2.545126 -2.217306
 3.054152 -2.256614
 3.563177 -2.230913
 4.072202 -2.229333
 4.581228 -2.259797
 5.090253 -2.250821
 5.599278 -2.180429
 6.108303 -2.212648
 6.617329 -2.230108
 7.126354 -2.285261
 7.635379 -2.197159
 8.144405 -2.195692
 8.653430 -2.265159
 9.162455 -2.216588
 9.671480 -2.226700
 10.180506 -2.204548
 10.689531 -2.199710
 11.198556 -2.295356
 11.707582 -2.218098
 12.216607 -2.251814
 12.725632 -2.238835
 13.234657 -2.229388
 13.743683 -2.244680
 14.252708 -2.207383
 14.761733 -2.325491
 15.270759 -2.247133
 15.779784 -2.183443
 16.288809 -2.209427
 16.797834 -2.246344
 17.306860 -2.259232
 17.815885 -2.218399
 18.324910 -2.215452
 18.833935 -2.237055
 19.342961 -2.249157
 19.851986 -2.241017
 20.361011 -2.249109
 20.870037 -2.194038
 21.379062 -2.228585
 21.888087 -2.161123
 22.397112 -2.141809
 22.906138 -2.311825
 23.415163 -2.218407
 23.924188 -2.169583
 24.433214 -2.275728
 24.942239 -2.226282
 25.451264 -2.264684
 25.960289 -2.230068
 26.469315 -2.251659
 26.978340 -2.251648
 27.487365 -2.203696
 27.996391 -2.269963
 28.505416 -2.198265
 29.014441 -2.208958
 29.523466 -2.193036
 30.032492 -2.281670
 30.541517 -2.256217
 31.050542 -2.244449
 31.559568 -2.222297
 32.068593 -2.182082
 32.577618 -2.255383
 33.086643 -2.266249
 33.595669 -2.241974
 34.104694 -2.134897
 34.613719 -2.201934
 35.122745 -2.261610
 35.631770 -2.262160
 36.140795 -2.163581
 36.649820 -2.124689
 37.158846 -2.284727
 37.667871 -2.316164
 38.176896 -2.227021
 38.685922 -2.186084
 39.194947 -2.229510
 39.703972 -2.222791
 40.212997 -2.211580
 40.722023 -2.223098
 41.231048 -2.216041
 41.740073 -2.250043
 42.249099 -2.241224
 42.758124 -2.238682
 43.267149 -2.212165
 43.776174 -2.242388
 44.285200 -2.231014
 44.794225 -2.182073
 45.303250 -2.220405
 45.812276 -2.254414
 46.321301 -2.246509
 46.830326 -2.266724
 47.339351 -2.179953
 47.848377 -2.250198
 48.357402 -2.326623
 48.866427 -2.227282
 49.375453 -2.175100
 49.884478 -2.240348
 50.393503 -2.218243
 50.902528 -2.214129
 51.411554 -2.288316
 51.920579 -2.220189
 52.429604 -2.248875
 52.938629 -2.180129
 53.447655 -2.232273
 53.956680 -2.269093
 54.465705 -2.298988
 54.974731 -2.207971
 55.483756 -2.146494
 55.992781 -2.188731
 56.501806 -2.304111
 57.010832 -2.262707
 57.519857 -2.227700
 58.028882 -2.258153
 58.537908 -2.260112
 59.046933 -2.169241
 59.555958 -2.198124
 60.064983 -2.289892
 60.574009 -2.295728
 61.083034 -2.173791
 61.592059 -2.178772
 62.101085 -2.266646
 62.610110 -2.281105
 63.119135 -2.200581
 63.628160 -2.193027
 64.137186 -2.246240
 64.646211 -2.241151
 65.155236 -2.280443
 65.664262 -2.308545
 66.173287 -2.212838
 66.682312 -2.209834
 67.191337 -2.224162
 67.700363 -2.232371
 68.209388 -2.262909
 68.718413 -2.199825
 69.227439 -2.281417
 69.736464 -2.293179
 70.245489 -2.158485
 70.754514 -2.160191
 71.263540 -2.273176
 71.772565 -2.335541
 72.281590 -2.217159
 72.790616 -2.143873
 73.299641 -2.337074
 73.808666 -2.296873
 74.317691 -2.166355
 74.826717 -2.189565
 75.335742 -2.304856
 75.844767 -2.322231
 76.353793 -2.215999
 76.862818 -2.159721
 77.371843 -2.273025
 77.880868 -2.275023
 78.389894 -2.219864
 78.898919 -2.191127
 79.407944 -2.226433
 79.916970 -2.268505
 80.425995 -2.260547
 80.935020 -2.202912
 81.444045 -2.252212
 81.953071 -2.274850
 82.462096 -2.277865
 82.971121 -2.278478
 83.480147 -2.236834
 83.989172 -2.168703
 84.498197 -2.243376
 85.007222 -2.305715
 85.516248 -2.234401
 86.025273 -2.171847
 86.534298 -2.188037
 87.043323 -2.272975
 87.552349 -2.245639
 88.061374 -2.225090
 88.570399 -2.201798
 89.079425 -2.281632
 89.588450 -2.245747
 90.097475 -2.220326
 90.606500 -2.245026
 91.115526 -2.264349
 91.624551 -2.276884
 92.133576 -2.233472
 92.642602 -2.228089
 93.151627 -2.230945
 93.660652 -2.196827
 94.169677 -2.222872
 94.678703 -2.249949
 95.187728 -2.215482
 95.696753 -2.177304
 96.205779 -2.179772
 96.714804 -2.216037
 97.223829 -2.217789
 97.732854 -2.262850
 98.241880 -2.252348
 98.750905 -2.179313
 99.259930 -2.199836
 99.768956 -2.241509
 100.277981 -2.250560
 100.787006 -2.233838
 101.296031 -2.173883
 101.805057 -2.141237
 102.314082 -2.238616
 102.823107 -2.276610
 103.332133 -2.219702
 103.841158 -2.242681
 104.350183 -2.252616
 104.859208 -2.236254
 105.368234 -2.264037
 105.877259 -2.236999
 106.386284 -2.196090
 106.895310 -2.215129
 107.404335 -2.316887
 107.913360 -2.223028
 108.422385 -2.198165
 108.931411 -2.254492
 109.440436 -2.220723
 109.949461 -2.208667
 110.458487 -2.255697
 110.967512 -2.303400
 111.476537 -2.282699
 111.985562 -2.200100
 112.494588 -2.272793
 113.003613 -2.229603
 113.512638 -2.230304
 114.021664 -2.230220
 114.530689 -2.270176
 115.039714 -2.261137
 115.548739 -2.211336
 116.057765 -2.163314
 116.566790 -2.270194
 117.075815 -2.285857
 117.584841 -2.168264
 118.093866 -2.183044
 118.602891 -2.263042
 119.111916 -2.301484
 119.620942 -2.242798
 120.129967 -2.243777
 120.638992 -2.210035
 121.148017 -2.177566
 121.657043 -2.202361
 122.166068 -2.224486
 122.675093 -2.215808
 123.184119 -2.251661
 123.693144 -2.234364
 124.202169 -2.278671
 124.711194 -2.316867
 125.220220 -2.250205
 125.729245 -2.278680
 126.238270 -2.251720
 126.747296 -2.255848
 127.256321 -2.302592
 127.765346 -2.246385
 128.274371 -2.190316
 128.783397 -2.211690
 129.292422 -2.283390
 129.801447 -2.227922
 130.310473 -2.189747
 130.819498 -2.259667
 131.328523 -2.264139
 131.837548 -2.249743
 132.346574 -2.195214
 132.855599 -2.230336
 133.364624 -2.261664
 133.873650 -2.211474
 134.382675 -2.220792
 134.891700 -2.225904
 135.400725 -2.224072
 135.909751 -2.226536
 136.418776 -2.197236
 136.927801 -2.190637
 137.436827 -2.236522
 137.945852 -2.233433
 138.454877 -2.189708
 138.963902 -2.219720
 139.472928 -2.265678
 139.981953 -2.203769
 140.490978 -2.247966
 141.000004 -2.240692
 141.509029 -2.236857
 142.018054 -2.182780
 142.527079 -2.275472
 143.036105 -2.284761
 143.545130 -2.194096
 144.054155 -2.157710
 144.563181 -2.219171
 145.072206 -2.281502
 145.581231 -2.246483
 146.090256 -2.212630
 146.599282 -2.258526
 147.108307 -2.268659
 147.617332 -2.168455
 148.126358 -2.236068
 148.635383 -2.308068
 149.144408 -2.248586
 149.653433 -2.124627
 150.162459 -2.153438
 150.671484 -2.211942
 151.180509 -2.276921
 151.689535 -2.216209
 152.198560 -2.215161
 152.707585 -2.219049
 153.216610 -2.236754
 153.725636 -2.270466
 154.234661 -2.263920
 154.743686 -2.221403
 155.252711 -2.217603
 155.761737 -2.256043
 156.270762 -2.253799
 156.779787 -2.185838
 157.288813 -2.185090
 157.797838 -2.265332
 158.306863 -2.249311
 158.815888 -2.236596
 159.324914 -2.262178
 159.833939 -2.245919
 160.342964 -2.249826
 160.851990 -2.226813
 161.361015 -2.220622
 161.870040 -2.226887
 162.379065 -2.294506
 162.888091 -2.251939
 163.397116 -2.184138
 163.906141 -2.248317
 164.415167 -2.298616
 164.924192 -2.218644
 165.433217 -2.179806
 165.942242 -2.231206
 166.451268 -2.272970
 166.960293 -2.239155
 167.469318 -2.221148
 167.978344 -2.223533
 168.487369 -2.179799
 168.996394 -2.197158
 169.505419 -2.249827
 170.014445 -2.305239
 170.523470 -2.221314
 171.032495 -2.214003
 171.541521 -2.274348
 172.050546 -2.188119
 172.559571 -2.157279
 173.068596 -2.188125
 173.577622 -2.247107
 174.086647 -2.219793
 174.595672 -2.274076
 175.104698 -2.228704
 175.613723 -2.199149
 176.122748 -2.222360
 176.631773 -2.228241
 177.140799 -2.185355
 177.649824 -2.263541
 178.158849 -2.230339
 178.667875 -2.232056
 179.176900 -2.198236
 179.685925 -2.244754
 180.194950 -2.279574
 180.703976 -2.242934
 181.213001 -2.192968
 181.722026 -2.250535
 182.231052 -2.245458
 182.740077 -2.190648
 183.249102 -2.253465
 183.758127 -2.236187
 184.267153 -2.279056
 184.776178 -2.201872
 185.285203 -2.203106
 185.794228 -2.206732
 186.303254 -2.207175
 186.812279 -2.244393
 187.321304 -2.285634
 187.830330 -2.225310
 188.339355 -2.197236
 188.848380 -2.267837
 189.357405 -2.241790
 189.866431 -2.260409
 190.375456 -2.254013
 190.884481 -2.229896
 191.393507 -2.169121
 191.902532 -2.204574
 192.411557 -2.268440
 192.920582 -2.257009
 193.429608 -2.160796
 193.938633 -2.187081
 194.447658 -2.317700
 194.956684 -2.259274
 195.465709 -2.162743
 195.974734 -2.175879
 196.483759 -2.261137
 196.992785 -2.258327
 197.501810 -2.206302
 198.010835 -2.234522
 198.519861 -2.195829
 199.028886 -2.177835
 199.537911 -2.240705
 200.046936 -2.320593
 200.555962 -2.221558
 201.064987 -2.131535
 201.574012 -2.218104
 202.083038 -2.293063
 202.592063 -2.258385
 203.101088 -2.213912
 203.610113 -2.275503
 204.119139 -2.262142
 204.628164 -2.210923
 205.137189 -2.190514
 205.646215 -2.218952
 206.155240 -2.255629
 206.664265 -2.248998
 207.173290 -2.166553
 207.682316 -2.211407
 208.191341 -2.267124
 208.700366 -2.238066
 209.209392 -2.162990
 209.718417 -2.205433
 210.227442 -2.300334
 210.736467 -2.276442
 211.245493 -2.149271
 211.754518 -2.250631
 212.263543 -2.295647
 212.772569 -2.185267
 213.281594 -2.165953
 213.790619 -2.289982
 214.299644 -2.275110
 214.808670 -2.179857
 215.317695 -2.177557
 215.826720 -2.262439
 216.335746 -2.222451
 216.844771 -2.205188
 217.353796 -2.307890
 217.862821 -2.343545
 218.371847 -2.243495
 218.880872 -2.187439
 219.389897 -2.258753
 219.898922 -2.321548
 220.407948 -2.264127
 220.916973 -2.222061
 221.425998 -2.203168
 221.935024 -2.255171
 222.444049 -2.284159
 222.953074 -2.311016
 223.462099 -2.179498
 223.971125 -2.213790
 224.480150 -2.313370
 224.989175 -2.239324
 225.498201 -2.204724
 226.007226 -2.287297
 226.516251 -2.181642
 227.025276 -2.214146
 227.534302 -2.238167
 228.043327 -2.231335
 228.552352 -2.190401
 229.061378 -2.252854
 229.570403 -2.269400
 230.079428 -2.250228
 230.588453 -2.222229
 231.097479 -2.236818
 231.606504 -2.230694
 232.115529 -2.228108
 232.624555 -2.235119
 233.133580 -2.243667
 233.642605 -2.203237
 234.151630 -2.238132
 234.660656 -2.240803
 235.169681 -2.250414
 235.678706 -2.169948
 236.187732 -2.233878
 236.696757 -2.285378
 237.205782 -2.208542
 237.714807 -2.212594
 238.223833 -2.277242
 238.732858 -2.260108
 239.241883 -2.297322
 239.750909 -2.246427
 240.259934 -2.172995
 240.768959 -2.271814
 241.277984 -2.258925
 241.787010 -2.182509
 242.296035 -2.212118
 242.805060 -2.257750
 243.314086 -2.235059
 243.823111 -2.210888
 244.332136 -2.308613
 244.841161 -2.228975
 245.350187 -2.168248
 245.859212 -2.286672
 246.368237 -2.299613
 246.877263 -2.187040
 247.386288 -2.237180
 247.895313 -2.342638
 248.404338 -2.272512
 248.913364 -2.157420
 249.422389 -2.202409
 249.931414 -2.297690
 250.440440 -2.234489
 250.949465 -2.240925
 251.458490 -2.257276
 251.967515 -2.194992
 252.476541 -2.256431
 252.985566 -2.259696
 253.494591 -2.215749
 254.003616 -2.269932
 254.512642 -2.250366
 255.021667 -2.240173
 255.530692 -2.215864
 256.039718 -2.232553
 256.548743 -2.264743
 257.057768 -2.229868
 257.566793 -2.166697
 258.075819 -2.286527
 258.584844 -2.276230
 259.093869 -2.194961
 259.602895 -2.197593
 260.111920 -2.289771
 260.620945 -2.218246
 261.129970 -2.179081
 261.638996 -2.294087
 262.148021 -2.234744
 262.657046 -2.171238
 263.166072 -2.220125
 263.675097 -2.259356
 264.184122 -2.287310
 264.693147 -2.227929
 265.202173 -2.168876
 265.711198 -2.261031
 266.220223 -2.248923
 266.729249 -2.249724
 267.238274 -2.238495
 267.747299 -2.318631
 268.256324 -2.238525
 268.765350 -2.264428
 269.274375 -2.258691
 269.783400 -2.209743
 270.292426 -2.174187
 270.801451 -2.284619
 271.310476 -2.274103
 271.819501 -2.224968
 272.328527 -2.220235
 272.837552 -2.211077
 273.346577 -2.225216
 273.855603 -2.185907
 274.364628 -2.210177
 274.873653 -2.221332
 275.382678 -2.264694
 275.891704 -2.292656
 276.400729 -2.183999
 276.909754 -2.200556
 277.418780 -2.222362
 277.927805 -2.225564
 278.436830 -2.214346
 278.945855 -2.176768
 279.454881 -2.238560
 279.963906 -2.212122
 280.472931 -2.187800
 280.981957 -2.225012
 281.490982 -2.244802
 282.000007 -2.273984
 282.509032 -2.272977
 283.018058 -2.202686
 283.527083 -2.154245
 284.036108 -2.267782
 284.545134 -2.317281
 285.054159 -2.144803
 285.563184 -2.207841
 286.072209 -2.365235
 286.581235 -2.250102
 287.090260 -2.219979
 287.599285 -2.199674
 288.108310 -2.254848
 288.617336 -2.275008
 289.126361 -2.237424
 289.635386 -2.245133
 290.144412 -2.249592
 290.653437 -2.220169
 291.162462 -2.181490
 291.671487 -2.234007
 292.180513 -2.287145
 292.689538 -2.222240
 293.198563 -2.219043
 293.707589 -2.220516
 294.216614 -2.206148
 294.725639 -2.224239
 295.234664 -2.207850
 295.743690 -2.217467
 296.252715 -2.261152
 296.761740 -2.216991
 297.270766 -2.284951
 297.779791 -2.231245
 298.288816 -2.159392
 298.797841 -2.206783
 299.306867 -2.328551
 299.815892 -2.298396
 300.324917 -2.187447
 300.833943 -2.224221
 301.342968 -2.241779
 301.851993 -2.244591
 302.361018 -2.259978
 302.870044 -2.188569
 303.379069 -2.121733
 303.888094 -2.248204
 304.397120 -2.255742
 304.906145 -2.254254
 305.415170 -2.192926
 305.924195 -2.241470
 306.433221 -2.289528
 306.942246 -2.230767
 307.451271 -2.203874
 307.960297 -2.262661
 308.469322 -2.282165
 308.978347 -2.206100
 309.487372 -2.195580
 309.996398 -2.263859
 310.505423 -2.209107
 311.014448 -2.197981
 311.523474 -2.254702
 312.032499 -2.265119
 312.541524 -2.223551
 313.050549 -2.219229
 313.559575 -2.205353
 314.068600 -2.237987
 314.577625 -2.185437
 315.086651 -2.222412
 315.595676 -2.241638
 316.104701 -2.234755
 316.613726 -2.235822
 317.122752 -2.210212
 317.631777 -2.164786
 318.140802 -2.270852
 318.649828 -2.251692
 319.158853 -2.239238
 319.667878 -2.247105
 320.176903 -2.247623
 320.685929 -2.240159
 321.194954 -2.248563
 321.703979 -2.189947
 322.213004 -2.240984
 322.722030 -2.198592
 323.231055 -2.251569
 323.740080 -2.255518
 324.249106 -2.215324
 324.758131 -2.236239
 325.267156 -2.239081
 325.776181 -2.199784
 326.285207 -2.240524
 326.794232 -2.208761
 327.303257 -2.278459
 327.812283 -2.198761
 328.321308 -2.134362
 328.830333 -2.261704
 329.339358 -2.312788
 329.848384 -2.251786
 330.357409 -2.219379
 330.866434 -2.258856
 331.375460 -2.265977
 331.884485 -2.208196
 332.393510 -2.249987
 332.902535 -2.301283
 333.411561 -2.237913
 333.920586 -2.156794
 334.429611 -2.207737
 334.938637 -2.268138
 335.447662 -2.289718
 335.956687 -2.235671
 336.465712 -2.225802
 336.974738 -2.227686
 337.483763 -2.237456
 337.992788 -2.233161
 338.501814 -2.241685
 339.010839 -2.256747
 339.519864 -2.264018
 340.028889 -2.276998
 340.537915 -2.222579
 341.046940 -2.239598
 341.555965 -2.216871
 342.064991 -2.226181
 342.574016 -2.229130
 343.083041 -2.205854
 343.592066 -2.226872
 344.101092 -2.293169
 344.610117 -2.246077
 345.119142 -2.207695
 345.628168 -2.220844
 346.137193 -2.270660
 346.646218 -2.236278
 347.155243 -2.187600
 347.664269 -2.195583
 348.173294 -2.308199
 348.682319 -2.276023
 349.191345 -2.182138
 349.700370 -2.215546
 350.209395 -2.254811
 350.718420 -2.246922
 351.227446 -2.236404
 351.736471 -2.211532
 352.245496 -2.205863
 352.754522 -2.265664
 353.263547 -2.261533
 353.772572 -2.228008
 354.281597 -2.196779
 354.790623 -2.242710
 355.299648 -2.254596
 355.808673 -2.227923
 356.317698 -2.197156
 356.826724 -2.222120
 357.335749 -2.305310
 357.844774 -2.215205
 358.353800 -2.178428
 358.862825 -2.234971
 359.371850 -2.289866
 359.880875 -2.215973
 360.389901 -2.219543
 360.898926 -2.265209
 361.407951 -2.229776
 361.916977 -2.272931
 362.426002 -2.279440
 362.935027 -2.214105
 363.444052 -2.215481
 363.953078 -2.225321
 364.462103 -2.261843
 364.971128 -2.216867
 365.480154 -2.228809
 365.989179 -2.307186
 366.498204 -2.284650
 367.007229 -2.223392
 367.516255 -2.206374
 368.025280 -2.281593
 368.534305 -2.239464
 369.043331 -2.232442
 369.552356 -2.281245
 370.061381 -2.225312
 370.570406 -2.176702
 371.079432 -2.277490
 371.588457 -2.268617
 372.097482 -2.183230
 372.606508 -2.240175
 373.115533 -2.274823
 373.624558 -2.195579
 374.133583 -2.215361
 374.642609 -2.302575
 375.151634 -2.265686
 375.660659 -2.195458
 376.169685 -2.217642
 376.678710 -2.263713
 377.187735 -2.237675
 377.696760 -2.136048
 378.205786 -2.289212
 378.714811 -2.290682
 379.223836 -2.205691
 379.732862 -2.131448
 380.241887 -2.269946
 380.750912 -2.351414
 381.259937 -2.181250
 381.768963 -2.154640
 382.277988 -2.227006
 382.787013 -2.202625
 383.296039 -2.232739
 383.805064 -2.214117
 384.314089 -2.187024
 384.823114 -2.209593
 385.332140 -2.228613
 385.841165 -2.261753
 386.350190 -2.342580
 386.859216 -2.187929
 387.368241 -2.222924
 387.877266 -2.274879
 388.386291 -2.270344
 388.895317 -2.282153
 389.404342 -2.181483
 389.913367 -2.190974
 390.422392 -2.178165
 390.931418 -2.184011
 391.440443 -2.278399
 391.949468 -2.288213
 392.458494 -2.198024
 392.967519 -2.209008
 393.476544 -2.262432
 393.985569 -2.226084
 394.494595 -2.233705
 395.003620 -2.320060
 395.512645 -2.253105
 396.021671 -2.146856
 396.530696 -2.217072
 397.039721 -2.244911
 397.548746 -2.237685
 398.057772 -2.226724
 398.566797 -2.217943
 399.075822 -2.252001
 399.584848 -2.275807
 400.093873 -2.217238
 400.602898 -2.247419
 401.111923 -2.259880
 401.620949 -2.208910
 402.129974 -2.204621
 402.638999 -2.170831
 403.148025 -2.202794
 403.657050 -2.262022
 404.166075 -2.251858
 404.675100 -2.238311
 405.184126 -2.211750
 405.693151 -2.205094
 406.202176 -2.210461
 406.711202 -2.245058
 407.220227 -2.225778
 407.729252 -2.203143
 408.238277 -2.225008
 408.747303 -2.329374
 409.256328 -2.247411
 409.765353 -2.142763
 410.274379 -2.221930
 410.783404 -2.276302
 411.292429 -2.239175
 411.801454 -2.256672
 412.310480 -2.289706
 412.819505 -2.228456
 413.328530 -2.215365
 413.837556 -2.232906
 414.346581 -2.256761
 414.855606 -2.307041
 415.364631 -2.197641
 415.873657 -2.157900
 416.382682 -2.260311
 416.891707 -2.291239
 417.400733 -2.232685
 417.909758 -2.219310
 418.418783 -2.252691
 418.927808 -2.272881
 419.436834 -2.246700
 419.945859 -2.234762
 420.454884 -2.181866
 420.963910 -2.201515
 421.472935 -2.267498
 421.981960 -2.269649
 422.490985 -2.236946
 423.000011 -2.232733
 423.509036 -2.147910
 424.018061 -2.256099
 424.527086 -2.248864
 425.036112 -2.206744
 425.545137 -2.172819
 426.054162 -2.259372
 426.563188 -2.342325
 427.072213 -2.249520
 427.581238 -2.216823
 428.090263 -2.244778
 428.599289 -2.199907
 429.108314 -2.233761
 429.617339 -2.296122
 430.126365 -2.275051
 430.635390 -2.204095
 431.144415 -2.296530
 431.653440 -2.263375
 432.162466 -2.198196
 432.671491 -2.246785
 433.180516 -2.229522
 433.689542 -2.234005
 434.198567 -2.198345
 434.707592 -2.225067
 435.216617 -2.262116
 435.725643 -2.186149
 436.234668 -2.229017
 436.743693 -2.326773
 437.252719 -2.247644
 437.761744 -2.170591
 438.270769 -2.251027
 438.779794 -2.358706
 439.288820 -2.248491
 439.797845 -2.164086
 440.306870 -2.271623
 440.815896 -2.268495
 441.324921 -2.215249
 441.833946 -2.183063
 442.342971 -2.281139
 442.851997 -2.282743
 443.361022 -2.166643
 443.870047 -2.264016
 444.379073 -2.278698
 444.888098 -2.252787
 445.397123 -2.154868
 445.906148 -2.246065
 446.415174 -2.217467
 446.924199 -2.233191
 447.433224 -2.244023
 447.942250 -2.229704
 448.451275 -2.204127
 448.960300 -2.242086
 449.469325 -2.248453
 449.978351 -2.228759
 450.487376 -2.260265
 450.996401 -2.313226
 451.505427 -2.210438
 452.014452 -2.143523
 452.523477 -2.250350
 453.032502 -2.272603
 453.541528 -2.212907
 454.050553 -2.179648
 454.559578 -2.254617
 455.068604 -2.282504
 455.577629 -2.227522
 456.086654 -2.233622
 456.595679 -2.208349
 457.104705 -2.224849
 457.613730 -2.246022
 458.122755 -2.165903
 458.631780 -2.147392
 459.140806 -2.249808
 459.649831 -2.247348
 460.158856 -2.180186
 460.667882 -2.239380
 461.176907 -2.309530
 461.685932 -2.260808
 462.194957 -2.203840
 462.703983 -2.258796
 463.213008 -2.227419
 463.722033 -2.233518
 464.231059 -2.217937
 464.740084 -2.199989
 465.249109 -2.214798
 465.758134 -2.252873
 466.267160 -2.231259
 466.776185 -2.251928
 467.285210 -2.252503
 467.794236 -2.178976
 468.303261 -2.247066
 468.812286 -2.253518
 469.321311 -2.212593
 469.830337 -2.182641
 470.339362 -2.235005
 470.848387 -2.220127
 471.357413 -2.195682
 471.866438 -2.238751
 472.375463 -2.310438
 472.884488 -2.254886
 473.393514 -2.193804
 473.902539 -2.254384
 474.411564 -2.255196
 474.920590 -2.256833
 475.429615 -2.202198
 475.938640 -2.166263
 476.447665 -2.313909
 476.956691 -2.259973
 477.465716 -2.176747
 477.974741 -2.241859
 478.483767 -2.269563
 478.992792 -2.202372
 479.501817 -2.210026
 480.010842 -2.274211
 480.519868 -2.286679
 481.028893 -2.214402
 481.537918 -2.196541
 482.046944 -2.306097
 482.555969 -2.275921
 483.064994 -2.171888
 483.574019 -2.192434
 484.083045 -2.191002
 484.592070 -2.212560
 485.101095 -2.260481
 485.610121 -2.295072
 486.119146 -2.247125
 486.628171 -2.146324
 487.137196 -2.180296
 487.646222 -2.220166
 488.155247 -2.258564
 488.664272 -2.238954
 489.173297 -2.154836
 489.682323 -2.240469
 490.191348 -2.292060
 490.700373 -2.263541
 491.209399 -2.186005
 491.718424 -2.231334
 492.227449 -2.240439
 492.736474 -2.261843
 493.245500 -2.248530
 493.754525 -2.244951
 494.263550 -2.215188
 494.772576 -2.205699
 495.281601 -2.271828
 495.790626 -2.258976
 496.299651 -2.188515
 496.808677 -2.198288
 497.317702 -2.317312
 497.826727 -2.198949
 498.335753 -2.246990
 498.844778 -2.210438
 499.353803 -2.186994
 499.862828 -2.292409
 500.371854 -2.229678
 500.880879 -2.180553
 501.389904 -2.239790
 501.898930 -2.231734
 502.407955 -2.269649
 502.916980 -2.244512
 503.426005 -2.182218
 503.935031 -2.283273
 504.444056 -2.269752
 504.953081 -2.259762
 505.462107 -2.196610
 505.971132 -2.208413
 506.480157 -2.238679
 506.989182 -2.279126
 507.498208 -2.263118
 508.007233 -2.202232
 508.516258 -2.257219
 509.025284 -2.317882
 509.534309 -2.259007
 510.043334 -2.140466
 510.552359 -2.192193
 511.061385 -2.313984
 511.570410 -2.303442
 512.079435 -2.147478
 512.588461 -2.145444
 513.097486 -2.228558
 513.606511 -2.344129
 514.115536 -2.224573
 514.624562 -2.209812
 515.133587 -2.185247
 515.642612 -2.207769
 516.151638 -2.257574
 516.660663 -2.256103
 517.169688 -2.227448
 517.678713 -2.190201
 518.187739 -2.162494
 518.696764 -2.260949
 519.205789 -2.312180
 519.714815 -2.244316
 520.223840 -2.217550
 520.732865 -2.253600
 521.241890 -2.219647
 521.750916 -2.213254
 522.259941 -2.300724
 522.768966 -2.190905
 523.277991 -2.214854
 523.787017 -2.272507
 524.296042 -2.242675
 524.805067 -2.265031
 525.314093 -2.220955
 525.823118 -2.227682
 526.332143 -2.223404
 526.841168 -2.222249
 527.350194 -2.266638
 527.859219 -2.280008
 528.368244 -2.131610
 528.877270 -2.215192
 529.386295 -2.290723
 529.895320 -2.247214
 530.404345 -2.250470
 530.913371 -2.208126
 531.422396 -2.197101
 531.931421 -2.259974
 532.440447 -2.299943
 532.949472 -2.225960
 533.458497 -2.210771
 533.967522 -2.270910
 534.476548 -2.291271
 534.985573 -2.218611
 535.494598 -2.154891
 536.003624 -2.233183
 536.512649 -2.283588
 537.021674 -2.264562
 537.530699 -2.192897
 538.039725 -2.199163
 538.548750 -2.269756
 539.057775 -2.318218
 539.566801 -2.230056
 540.075826 -2.157669
 540.584851 -2.270162
 541.093876 -2.298677
 541.602902 -2.182895
 542.111927 -2.185364
 542.620952 -2.258177
 543.129978 -2.213356
 543.639003 -2.251793
 544.148028 -2.225051
 544.657053 -2.258825
 545.166079 -2.270059
 545.675104 -2.230055
 546.184129 -2.265534
 546.693155 -2.248260
 547.202180 -2.242521
 547.711205 -2.245811
 548.220230 -2.131732
 548.729256 -2.169176
 549.238281 -2.206708
 549.747306 -2.254013
 550.256332 -2.301553
 550.765357 -2.215369
 551.274382 -2.173940
 551.783407 -2.177812
 552.292433 -2.292786
 552.801458 -2.253879
 553.310483 -2.187754
 553.819509 -2.204014
 554.328534 -2.317441
 554.837559 -2.295087
 555.346584 -2.172927
 555.855610 -2.135751
 556.364635 -2.226699
 556.873660 -2.240562
 557.382685 -2.235788
 557.891711 -2.291088
 558.400736 -2.210070
 558.909761 -2.234683
 559.418787 -2.203799
 559.927812 -2.203190
 560.436837 -2.179737
 560.945862 -2.268549
 561.454888 -2.337806
 561.963913 -2.200003
 562.472938 -2.212523
 562.981964 -2.221398
 563.490989 -2.255258
 564.000014 -2.215408
 564.509039 -2.214897
 565.018065 -2.279508
 565.527090 -2.258410
 566.036115 -2.198063
 566.545141 -2.289735
 567.054166 -2.282358
 567.563191 -2.260610
 568.072216 -2.173910
 568.581242 -2.218820
 569.090267 -2.296819
 569.599292 -2.218535
 570.108318 -2.222518
 570.617343 -2.285451
 571.126368 -2.224196
 571.635393 -2.209268
 572.144419 -2.217682
 572.653444 -2.299229
 573.162469 -2.292897
 573.671495 -2.203417
 574.180520 -2.221354
 574.689545 -2.250521
 575.198570 -2.164343
 575.707596 -2.285327
 576.216621 -2.329177
 576.725646 -2.252626
 577.234672 -2.173074
 577.743697 -2.237982
 578.252722 -2.261707
 578.761747 -2.251412
 579.270773 -2.187770
 579.779798 -2.194623
 580.288823 -2.287412
 580.797849 -2.233318
 581.306874 -2.197747
 581.815899 -2.239933
 582.324924 -2.194009
 582.833950 -2.221965
 583.342975 -2.254041
 583.852000 -2.263264
 584.361026 -2.228712
 584.870051 -2.204928
 585.379076 -2.200295
 585.888101 -2.301821
 586.397127 -2.258533
 586.906152 -2.156444
 587.415177 -2.156939
 587.924203 -2.242852
 588.433228 -2.240728
 588.942253 -2.217219
 589.451278 -2.232863
 589.960304 -2.260531
 590.469329 -2.157620
 590.978354 -2.146865
 591.487379 -2.194627
 591.996405 -2.378338
 592.505430 -2.309886
 593.014455 -2.162901
 593.523481 -2.241320
 594.032506 -2.224823
 594.541531 -2.268945
 595.050556 -2.238183
 595.559582 -2.242988
 596.068607 -2.233882
 596.577632 -2.247177
 597.086658 -2.182668
 597.595683 -2.268757
 598.104708 -2.288326
 598.613733 -2.256202
 599.122759 -2.219102
 599.631784 -2.243887
 600.140809 -2.221827
 600.649835 -2.219131
 601.158860 -2.282251
 601.667885 -2.273933
 602.176910 -2.289813
 602.685936 -2.193228
 603.194961 -2.118094
 603.703986 -2.204852
 604.213012 -2.255755
 604.722037 -2.229617
 605.231062 -2.236539
 605.740087 -2.199891
 606.249113 -2.270804
 606.758138 -2.230816
 607.267163 -2.274630
 607.776189 -2.209204
 608.285214 -2.182818
 608.794239 -2.306560
 609.303264 -2.303671
 609.812290 -2.153816
 610.321315 -2.170491
 610.830340 -2.285856
 611.339366 -2.327448
 611.848391 -2.195133
 612.357416 -2.135710
 612.866441 -2.217441
 613.375467 -2.201982
 613.884492 -2.238322
 614.393517 -2.252892
 614.902543 -2.230803
 615.411568 -2.268779
 615.920593 -2.344380
 616.429618 -2.288106
 616.938644 -2.168557
 617.447669 -2.145144
 617.956694 -2.258604
 618.465720 -2.252287
 618.974745 -2.192545
 619.483770 -2.303461
 619.992795 -2.247798
 620.501821 -2.206531
 621.010846 -2.244499
 621.519871 -2.228257
 622.028897 -2.191374
 622.537922 -2.234244
 623.046947 -2.264523
 623.555972 -2.246576
 624.064998 -2.186968
 624.574023 -2.223351
 625.083048 -2.241259
 625.592073 -2.240038
 626.101099 -2.222488
 626.610124 -2.185394
 627.119149 -2.217783
 627.628175 -2.237858
 628.137200 -2.255389
 628.646225 -2.179638
 629.155250 -2.194090
 629.664276 -2.205860
 630.173301 -2.223401
 630.682326 -2.259097
 631.191352 -2.233421
 631.700377 -2.196938
 632.209402 -2.259950
 632.718427 -2.253897
 633.227453 -2.201286
 633.736478 -2.190247
 634.245503 -2.310207
 634.754529 -2.272265
 635.263554 -2.219293
 635.772579 -2.270694
 636.281604 -2.231118
 636.790630 -2.235549
 637.299655 -2.244557
 637.808680 -2.203783
 638.317706 -2.156884
 638.826731 -2.202120
 639.335756 -2.244252
 639.844781 -2.187728
 640.353807 -2.284175
 640.862832 -2.270536
 641.371857 -2.260525
 641.880883 -2.208119
 642.389908 -2.248700
 642.898933 -2.249445
 643.407958 -2.229477
 643.916984 -2.270367
 644.426009 -2.203421
 644.935034 -2.217839
 645.444060 -2.272963
 645.953085 -2.251574
 646.462110 -2.221918
 646.971135 -2.205700
 647.480161 -2.266339
 647.989186 -2.255803
 648.498211 -2.201883
 649.007237 -2.261927
 649.516262 -2.255196
 650.025287 -2.243463
 650.534312 -2.254607
 651.043338 -2.255362
 651.552363 -2.206748
 652.061388 -2.288892
 652.570414 -2.195741
 653.079439 -2.204377
 653.588464 -2.280158
 654.097489 -2.245581
 654.606515 -2.198091
 655.115540 -2.188316
 655.624565 -2.209601
 656.133591 -2.274505
 656.642616 -2.260598
 657.151641 -2.254514
 657.660666 -2.242391
 658.169692 -2.191607
 658.678717 -2.259170
 659.187742 -2.301125
 659.696767 -2.223442
 660.205793 -2.200335
 660.714818 -2.237467
 661.223843 -2.262746
 661.732869 -2.207177
 662.241894 -2.202023
 662.750919 -2.272880
 663.259944 -2.246486
 663.768970 -2.211085
 664.277995 -2.235734
 664.787020 -2.297403
 665.296046 -2.284130
 665.805071 -2.183652
 666.314096 -2.168436
 666.823121 -2.296896
 667.332147 -2.293110
 667.841172 -2.255378
 668.350197 -2.143332
 668.859223 -2.256359
 669.368248 -2.327061
 669.877273 -2.191417
 670.386298 -2.150398
 670.895324 -2.250446
 671.404349 -2.289158
 671.913374 -2.230404
 672.422400 -2.258195
 672.931425 -2.231982
 673.440450 -2.222626
 673.949475 -2.265605
 674.458501 -2.165918
 674.967526 -2.206051
 675.476551 -2.235104
 675.985577 -2.277034
 676.494602 -2.216722
 677.003627 -2.215097
 677.512652 -2.288077
 678.021678 -2.197897
 678.530703 -2.154631
 679.039728 -2.226943
 679.548754 -2.324475
 680.057779 -2.231567
 680.566804 -2.172531
 681.075829 -2.207885
 681.584855 -2.251166
 682.093880 -2.175820
 682.602905 -2.228275
 683.111931 -2.239917
 683.620956 -2.230396
 684.129981 -2.204018
 684.639006 -2.266255
 685.148032 -2.198560
 685.657057 -2.179966
 686.166082 -2.251213
 686.675108 -2.274990
 687.184133 -2.215360
 687.693158 -2.189539
 688.202183 -2.265490
 688.711209 -2.292690
 689.220234 -2.166933
 689.729259 -2.149586
 690.238285 -2.210060
 690.747310 -2.220890
 691.256335 -2.238984
 691.765360 -2.196611
 692.274386 -2.225998
 692.783411 -2.257776
 693.292436 -2.221503
 693.801461 -2.218148
 694.310487 -2.233436
 694.819512 -2.248794
 695.328537 -2.179037
 695.837563 -2.166922
 696.346588 -2.247222
 696.855613 -2.290310
 697.364638 -2.177059
 697.873664 -2.195275
 698.382689 -2.225127
 698.891714 -2.257961
 699.400740 -2.215708
 699.909765 -2.211953
 700.418790 -2.236561
 700.927815 -2.161284
 701.436841 -2.192362
 701.945866 -2.281304
 702.454891 -2.273843
 702.963917 -2.267797
 703.472942 -2.250653
 703.981967 -2.229100
 704.490992 -2.166698
 705.000018 -2.225250
 705.509043 -2.197785
 706.018068 -2.273713
 706.527094 -2.211317
 707.036119 -2.218536
 707.545144 -2.285538
 708.054169 -2.161672
 708.563195 -2.222396
 709.072220 -2.290458
 709.581245 -2.260626
 710.090271 -2.186491
 710.599296 -2.241236
 711.108321 -2.273490
 711.617346 -2.184723
 712.126372 -2.192860
 712.635397 -2.253737
 713.144422 -2.227009
 713.653448 -2.289763
 714.162473 -2.250064
 714.671498 -2.170268
 715.180523 -2.302592
 715.689549 -2.264081
 716.198574 -2.194691
 716.707599 -2.209947
 717.216625 -2.218181
 717.725650 -2.308579
 718.234675 -2.284443
 718.743700 -2.192293
 719.252726 -2.209055
 719.761751 -2.226903
 720.270776 -2.267265
 720.779802 -2.260226
 721.288827 -2.217843
 721.797852 -2.218207
 722.306877 -2.273330
 722.815903 -2.248217
 723.324928 -2.212434
 723.833953 -2.169036
 724.342979 -2.238998
 724.852004 -2.267519
 725.361029 -2.207477
 725.870054 -2.204888
 726.379080 -2.278516
 726.888105 -2.239442
 727.397130 -2.193405
 727.906155 -2.208728
 728.415181 -2.213608
 728.924206 -2.294518
 729.433231 -2.270607
 729.942257 -2.237090
 730.451282 -2.205398
 730.960307 -2.199982
 731.469332 -2.250501
 731.978358 -2.286371
 732.487383 -2.202148
 732.996408 -2.242850
 733.505434 -2.328129
 734.014459 -2.214716
 734.523484 -2.167098
 735.032509 -2.203701
 735.541535 -2.292593
 736.050560 -2.261517
 736.559585 -2.155859
 737.068611 -2.262870
 737.577636 -2.292554
 738.086661 -2.199691
 738.595686 -2.144165
 739.104712 -2.286446
 739.613737 -2.309395
 740.122762 -2.166503
 740.631788 -2.203690
 741.140813 -2.285647
 741.649838 -2.233741
 742.158863 -2.170030
 742.667889 -2.267246
 743.176914 -2.291028
 743.685939 -2.233691
 744.194965 -2.221571
 744.703990 -2.230513
 745.213015 -2.220766
 745.722040 -2.235504
 746.231066 -2.222579
 746.740091 -2.265183
 747.249116 -2.264255
 747.758142 -2.182589
 748.267167 -2.246040
 748.776192 -2.237307
 749.285217 -2.177649
 749.794243 -2.266209
 750.303268 -2.313967
 750.812293 -2.198165
 751.321319 -2.209644
 751.830344 -2.232691
 752.339369 -2.252124
 752.848394 -2.206945
 753.357420 -2.211827
 753.866445 -2.236740
 754.375470 -2.283248
 754.884496 -2.207901
 755.393521 -2.179872
 755.902546 -2.231861
 756.411571 -2.290695
 756.920597 -2.240153
 757.429622 -2.213690
 757.938647 -2.293557
 758.447673 -2.241341
 758.956698 -2.185147
 759.465723 -2.206312
 759.974748 -2.272773
 760.483774 -2.231145
 760.992799 -2.165825
 761.501824 -2.197473
 762.010849 -2.257277
 762.519875 -2.295598
 763.028900 -2.228489
 763.537925 -2.171388
 764.046951 -2.246397
 764.555976 -2.287390
 765.065001 -2.246502
 765.574026 -2.250089
 766.083052 -2.243661
 766.592077 -2.266140
 767.101102 -2.264924
 767.610128 -2.172009
 768.119153 -2.181064
 768.628178 -2.243210
 769.137203 -2.262350
 769.646229 -2.239625
 770.155254 -2.158807
 770.664279 -2.231686
 771.173305 -2.245843
 771.682330 -2.224221
 772.191355 -2.219990
 772.700380 -2.287580
 773.209406 -2.183481
 773.718431 -2.150560
 774.227456 -2.289497
 774.736482 -2.276220
 775.245507 -2.233674
 775.754532 -2.189395
 776.263557 -2.274772
 776.772583 -2.284526
 777.281608 -2.185705
 777.790633 -2.211740
 778.299659 -2.265708
 778.808684 -2.280686
 779.317709 -2.201169
 779.826734 -2.216725
 780.335760 -2.259055
 780.844785 -2.268429
 781.353810 -2.238391
 781.862836 -2.227749
 782.371861 -2.296765
 782.880886 -2.256389
 783.389911 -2.193329
 783.898937 -2.258416
 784.407962 -2.217737
 784.916987 -2.209447
 785.426013 -2.205891
 785.935038 -2.274447
 786.444063 -2.265860
 786.953088 -2.261312
 787.462114 -2.308258
 787.971139 -2.173032
 788.480164 -2.204872
 788.989190 -2.265134
 789.498215 -2.223711
 790.007240 -2.245647
 790.516265 -2.306977
 791.025291 -2.286745
 791.534316 -2.141394
 792.043341 -2.227861
 792.552366 -2.271807
 793.061392 -2.271020
 793.570417 -2.241095
 794.079442 -2.264550
 794.588468 -2.248239
 795.097493 -2.195070
 795.606518 -2.274156
 796.115543 -2.297686
 796.624569 -2.202009
 797.133594 -2.169095
 797.642619 -2.248534
 798.151645 -2.252901
 798.660670 -2.224896
 799.169695 -2.207822
 799.678720 -2.272070
 800.187746 -2.286294
 800.696771 -2.142768
 801.205796 -2.173753
 801.714822 -2.278689
 802.223847 -2.268965
 802.732872 -2.218033
 803.241897 -2.271883
 803.750923 -2.278711
 804.259948 -2.254763
 804.768973 -2.231288
 805.277999 -2.265811
 805.787024 -2.239155
 806.296049 -2.229206
 806.805074 -2.229261
 807.314100 -2.213097
 807.823125 -2.298263
 808.332150 -2.253349
 808.841176 -2.210757
 809.350201 -2.213396
 809.859226 -2.183535
 810.368251 -2.240814
 810.877277 -2.234382
 811.386302 -2.264334
 811.895327 -2.240828
 812.404353 -2.270513
 812.913378 -2.232585
 813.422403 -2.205320
 813.931428 -2.238480
 814.440454 -2.254180
 814.949479 -2.227898
 815.458504 -2.263155
 815.967530 -2.243492
 816.476555 -2.228995
 816.985580 -2.202006
 817.494605 -2.155341
 818.003631 -2.172755
 818.512656 -2.236006
 819.021681 -2.290574
 819.530707 -2.271169
 820.039732 -2.243277
 820.548757 -2.186175
 821.057782 -2.214306
 821.566808 -2.293977
 822.075833 -2.222824
 822.584858 -2.193983
 823.093884 -2.242534
 823.602909 -2.285599
 824.111934 -2.232085
 824.620959 -2.230001
 825.129985 -2.243333
 825.639010 -2.276694
 826.148035 -2.268706
 826.657060 -2.210558
 827.166086 -2.240901
 827.675111 -2.249486
 828.184136 -2.210032
 828.693162 -2.271474
 829.202187 -2.231458
 829.711212 -2.261798
 830.220237 -2.221579
 830.729263 -2.209740
 831.238288 -2.263420
 831.747313 -2.161400
 832.256339 -2.194176
 832.765364 -2.299868
 833.274389 -2.310291
 833.783414 -2.192215
 834.292440 -2.206775
 834.801465 -2.306976
 835.310490 -2.188702
 835.819516 -2.208973
 836.328541 -2.255034
 836.837566 -2.250834
 837.346591 -2.127764
 837.855617 -2.201410
 838.364642 -2.331925
 838.873667 -2.261986
 839.382693 -2.175471
 839.891718 -2.181273
 840.400743 -2.214995
 840.909768 -2.285422
 841.418794 -2.212315
 841.927819 -2.176029
 842.436844 -2.208585
 842.945870 -2.281878
 843.454895 -2.220555
 843.963920 -2.186231
 844.472945 -2.224813
 844.981971 -2.220969
 845.490996 -2.237303
 846.000021 -2.197306
 846.509047 -2.219457
 847.018072 -2.282423
 847.527097 -2.273135
 848.036122 -2.213312
 848.545148 -2.220434
 849.054173 -2.232216
 849.563198 -2.231159
 850.072224 -2.248121
 850.581249 -2.283941
 851.090274 -2.206224
 851.599299 -2.184221
 852.108325 -2.228083
 852.617350 -2.247942
 853.126375 -2.214706
 853.635401 -2.214122
 854.144426 -2.214356
 854.653451 -2.310738
 855.162476 -2.276249
 855.671502 -2.220119
 856.180527 -2.243419
 856.689552 -2.258274
 857.198578 -2.231559
 857.707603 -2.248427
 858.216628 -2.265730
 858.725653 -2.228529
 859.234679 -2.200364
 859.743704 -2.163773
 860.252729 -2.211648
 860.761754 -2.263459
 861.270780 -2.209914
 861.779805 -2.186204
 862.288830 -2.262328
 862.797856 -2.226191
 863.306881 -2.226544
 863.815906 -2.229705
 864.324931 -2.222893
 864.833957 -2.204584
 865.342982 -2.253261
 865.852007 -2.242782
 866.361033 -2.279996
 866.870058 -2.274235
 867.379083 -2.186860
 867.888108 -2.150676
 868.397134 -2.247108
 868.906159 -2.343108
 869.415184 -2.210490
 869.924210 -2.195726
 870.433235 -2.219688
 870.942260 -2.269519
 871.451285 -2.237428
 871.960311 -2.219919
 872.469336 -2.207018
 872.978361 -2.263369
 873.487387 -2.287060
 873.996412 -2.238936
 874.505437 -2.212634
 875.014462 -2.185735
 875.523488 -2.239600
 876.032513 -2.222487
 876.541538 -2.240235
 877.050564 -2.229604
 877.559589 -2.235491
 878.068614 -2.229842
 878.577639 -2.260734
 879.086665 -2.221148
 879.595690 -2.182417
 880.104715 -2.318682
 880.613741 -2.246273
 881.122766 -2.140841
 881.631791 -2.150177
 882.140816 -2.326029
 882.649842 -2.331569
 883.158867 -2.157134
 883.667892 -2.165260
 884.176918 -2.235806
 884.685943 -2.276193
 885.194968 -2.250774
 885.703993 -2.218680
 886.213019 -2.226429
 886.722044 -2.225615
 887.231069 -2.239773
 887.740095 -2.300665
 888.249120 -2.205030
 888.758145 -2.247485
 889.267170 -2.243890
 889.776196 -2.164715
 890.285221 -2.188306
 890.794246 -2.272073
 891.303272 -2.257249
 891.812297 -2.246403
 892.321322 -2.251125
 892.830347 -2.244772
 893.339373 -2.252892
 893.848398 -2.190576
 894.357423 -2.231490
 894.866448 -2.264769
 895.375474 -2.225325
 895.884499 -2.234875
 896.393524 -2.251737
 896.902550 -2.229935
 897.411575 -2.186812
 897.920600 -2.218761
 898.429625 -2.252776
 898.938651 -2.202128
 899.447676 -2.214596
 899.956701 -2.229388
 900.465727 -2.211743
 900.974752 -2.237176
 901.483777 -2.299720
 901.992802 -2.190012
 902.501828 -2.199390
 903.010853 -2.253386
 903.519878 -2.210220
 904.028904 -2.193727
 904.537929 -2.187750
 905.046954 -2.227656
 905.555979 -2.248986
 906.065005 -2.241354
 906.574030 -2.233863
 907.083055 -2.220029
 907.592081 -2.266071
 908.101106 -2.217028
 908.610131 -2.260901
 909.119156 -2.218473
 909.628182 -2.213970
 910.137207 -2.203497
 910.646232 -2.228257
 911.155258 -2.218099
 911.664283 -2.268718
 912.173308 -2.250224
 912.682333 -2.201823
 913.191359 -2.280193
 913.700384 -2.267949
 914.209409 -2.196726
 914.718435 -2.268767
 915.227460 -2.289055
 915.736485 -2.179252
 916.245510 -2.233609
 916.754536 -2.271545
 917.263561 -2.212351
 917.772586 -2.161160
 918.281612 -2.290154
 918.790637 -2.271243
 919.299662 -2.234783
 919.808687 -2.215807
 920.317713 -2.282802
 920.826738 -2.290607
 921.335763 -2.241678
 921.844789 -2.225967
 922.353814 -2.289297
 922.862839 -2.242032
 923.371864 -2.169057
 923.880890 -2.214362
 924.389915 -2.284984
 924.898940 -2.225589
 925.407966 -2.207141
 925.916991 -2.185226
 926.426016 -2.242675
 926.935041 -2.295461
 927.444067 -2.213658
 927.953092 -2.143713
 928.462117 -2.214213
 928.971142 -2.287701
 929.480168 -2.266420
 929.989193 -2.175689
 930.498218 -2.260535
 931.007244 -2.218714
 931.516269 -2.259920
 932.025294 -2.257331
 932.534319 -2.270261
 933.043345 -2.185557
 933.552370 -2.233519
 934.061395 -2.299726
 934.570421 -2.238443
 935.079446 -2.228912
 935.588471 -2.237591
 936.097496 -2.217016
 936.606522 -2.236561
 937.115547 -2.266860
 937.624572 -2.220638
 938.133598 -2.258290
 938.642623 -2.291747
 939.151648 -2.226230
 939.660673 -2.173550
 940.169699 -2.231534
 940.678724 -2.263517
 941.187749 -2.235397
 941.696775 -2.251005
 942.205800 -2.188849
 942.714825 -2.249533
 943.223850 -2.278494
 943.732876 -2.214038
 944.241901 -2.143396
 944.750926 -2.246887
 945.259952 -2.286201
 945.768977 -2.186301
 946.278002 -2.243150
 946.787027 -2.283175
 947.296053 -2.195588
 947.805078 -2.234821
 948.314103 -2.243304
 948.823129 -2.297980
 949.332154 -2.228803
 949.841179 -2.256014
 950.350204 -2.269875
 950.859230 -2.211197
 951.368255 -2.257956
 951.877280 -2.287676
 952.386306 -2.259746
 952.895331 -2.189108
 953.404356 -2.211455
 953.913381 -2.290146
 954.422407 -2.285405
 954.931432 -2.210307
 955.440457 -2.236206
 955.949483 -2.221996
 956.458508 -2.206843
 956.967533 -2.199336
 957.476558 -2.186070
 957.985584 -2.239973
 958.494609 -2.270349
 959.003634 -2.203257
 959.512660 -2.198585
 960.021685 -2.223091
 960.530710 -2.261658
 961.039735 -2.245014
 961.548761 -2.249757
 962.057786 -2.237547
 962.566811 -2.241223
 963.075836 -2.242901
 963.584862 -2.243765
 964.093887 -2.247204
 964.602912 -2.219217
 965.111938 -2.212466
 965.620963 -2.235907
 966.129988 -2.270448
 966.639013 -2.279979
 967.148039 -2.211417
 967.657064 -2.228398
 968.166089 -2.243100
 968.675115 -2.238693
 969.184140 -2.267264
 969.693165 -2.218439
 970.202190 -2.178339
 970.711216 -2.213937
 971.220241 -2.278748
 971.729266 -2.227942
 972.238292 -2.188297
 972.747317 -2.238294
 973.256342 -2.241700
 973.765367 -2.193919
 974.274393 -2.229640
 974.783418 -2.246539
 975.292443 -2.247990
 975.801469 -2.236461
 976.310494 -2.261866
 976.819519 -2.272565
 977.328544 -2.189123
 977.837570 -2.217742
 978.346595 -2.246502
 978.855620 -2.240854
 979.364646 -2.120030
 979.873671 -2.190699
 980.382696 -2.241676
 980.891721 -2.277482
 981.400747 -2.220533
 981.909772 -2.193991
 982.418797 -2.209243
 982.927823 -2.304317
 983.436848 -2.247446
 983.945873 -2.155824
 984.454898 -2.294591
 984.963924 -2.326351
 985.472949 -2.138061
 985.981974 -2.203842
 986.491000 -2.297076
 987.000025 -2.272760
 987.509050 -2.272889
 988.018075 -2.290473
 988.527101 -2.189616
 989.036126 -2.217714
 989.545151 -2.260655
 990.054177 -2.292023
 990.563202 -2.248231
 991.072227 -2.195388
 991.581252 -2.199605
 992.090278 -2.251566
 992.599303 -2.245668
 993.108328 -2.225405
 993.617354 -2.212076
 994.126379 -2.235988
 994.635404 -2.300338
 995.144429 -2.266525
 995.653455 -2.204395
 996.162480 -2.210415
 996.671505 -2.239814
 997.180530 -2.199495
 997.689556 -2.205116
 998.198581 -2.192803
 998.707606 -2.221301
 999.216632 -2.197658
 999.725657 -2.209311
 1000.234682 -2.248039
 1000.743707 -2.265023
 1001.252733 -2.192343
 1001.761758 -2.168039
 1002.270783 -2.195862
 1002.779809 -2.207631
 1003.288834 -2.217988
 1003.797859 -2.245026
 1004.306884 -2.245511
 1004.815910 -2.319323
 1005.324935 -2.234051
 1005.833960 -2.185714
 1006.342986 -2.198080
 1006.852011 -2.249764
 1007.361036 -2.237422
 1007.870061 -2.235048
 1008.379087 -2.149770
 1008.888112 -2.292926
 1009.397137 -2.317441
 1009.906163 -2.198081
 1010.415188 -2.231001
 1010.924213 -2.196640
 1011.433238 -2.199746
 1011.942264 -2.299526
 1012.451289 -2.209237
 1012.960314 -2.269989
 1013.469340 -2.229889
 1013.978365 -2.235604
 1014.487390 -2.271137
 1014.996415 -2.199355
 1015.505441 -2.187525
 1016.014466 -2.221673
 1016.523491 -2.272430
 1017.032517 -2.268521
 1017.541542 -2.179392
 1018.050567 -2.192995
