#! FIELDS time cv
 0.000000 -3.470948
 0.509025 -3.522053
 1.018051 -3.539227
 1.527076 -3.518690
 2.036101 -3.550261
 2.545126 -3.540294
 3.054152 -3.489084
 3.563177 -3.505400
 4.072202 -3.501130
 4.581228 -3.578432
 5.090253 -3.550022
 5.599278 -3.491686
 6.108303 -3.531366
 6.617329 -3.520880
 7.126354 -3.448400
 7.635379 -3.475667
 8.144405 -3.524319
 8.653430 -3.535944
 9.162455 -3.491897
 9.671480 -3.538686
 10.180506 -3.535876
 10.689531 -3.465082
 11.198556 -3.509040
 11.707582 -3.531592
 12.216607 -3.567745
 12.725632 -3.538474
 13.234657 -3.550543
 13.743683 -3.526445
 14.252708 -3.577885
 14.761733 -3.527449
 15.270759 -3.490116
 15.779784 -3.515836
 16.288809 -3.571866
 16.797834 -3.593762
 17.306860 -3.503194
 17.815885 -3.517639
 18.324910 -3.515685
 18.833935 -3.551423
 19.342961 -3.581154
 19.851986 -3.489633
 20.361011 -3.523451
 20.870037 -3.530351
 21.379062 -3.535530
 21.888087 -3.562872
 22.397112 -3.520368
 22.906138 -3.520454
 23.415163 -3.489210
 23.924188 -3.535794
 24.433214 -3.552618
 24.942239 -3.467551
 25.451264 -3.478063
 25.960289 -3.601423
 26.469315 -3.570915
 26.978340 -3.526236
 27.487365 -3.517196
 27.996391 -3.453154
 28.505416 -3.501362
 29.014441 -3.544044
 29.523466 -3.550983
 30.032492 -3.450442
 30.541517 -3.497586
 31.050542 -3.600394
 31.559568 -3.578158
 32.068593 -3.419573
 32.577618 -3.506583
 33.086643 -3.617906
 33.595669 -3.513578
 34.104694 -3.436319
 34.613719 -3.470989
 35.122745 -3.605684
 35.631770 -3.601944
 36.140795 -3.484633
 36.649820 -3.459987
 37.158846 -3.546599
 37.667871 -3.601114
 38.176896 -3.595075
 38.685922 -3.492074
 39.194947 -3.412068
 39.703972 -3.535180
 40.212997 -3.594397
 40.722023 -3.537066
 41.231048 -3.449273
 41.740073 -3.574097
 42.249099 -3.608233
 42.758124 -3.485061
 43.267149 -3.460321
 43.776174 -3.543829
 44.285200 -3.598540
 44.794225 -3.495237
 45.303250 -3.488083
 45.812276 -3.498983
 46.321301 -3.574624
 46.830326 -3.572074
 47.339351 -3.550594
 47.848377 -3.495849
 48.357402 -3.489421
 48.866427 -3.553530
 49.375453 -3.539302
 49.884478 -3.473193
 50.393503 -3.554866
 50.902528 -3.508888
 51.411554 -3.525411
 51.920579 -3.522063
 52.429604 -3.522745
 52.938629 -3.556993
 53.447655 -3.562072
 53.956680 -3.545562
 54.465705 -3.485678
 54.974731 -3.526650
 55.483756 -3.516817
 55.992781 -3.504803
 56.501806 -3.556223
 57.010832 -3.494355
 57.519857 -3.441228
 58.028882 -3.590877
 58.537908 -3.638957
 59.046933 -3.445238
 59.555958 -3.485004
 60.064983 -3.508312
 60.574009 -3.522218
 61.083034 -3.487657
 61.592059 -3.483334
 62.101085 -3.499851
 62.610110 -3.593018
 63.119135 -3.524864
 63.628160 -3.519526
 64.137186 -3.490556
 64.646211 -3.462461
 65.155236 -3.541361
 65.664262 -3.598221
 66.173287 -3.521488
 66.682312 -3.466407
 67.191337 -3.510571
 67.700363 -3.479650
 68.209388 -3.588044
 68.718413 -3.620376
 69.227439 -3.497085
 69.736464 -3.502041
 70.245489 -3.560073
 70.754514 -3.593020
 71.263540 -3.543010
 71.772565 -3.509541
 72.281590 -3.489135
 72.790616 -3.475464
 73.299641 -3.539902
 73.808666 -3.583201
 74.317691 -3.511180
 74.826717 -3.433597
 75.335742 -3.580727
 75.844767 -3.646713
 76.353793 -3.481071
 76.862818 -3.437027
 77.371843 -3.564752
 77.880868 -3.587575
 78.389894 -3.520173
 78.898919 -3.500766
 79.407944 -3.520823
 79.916970 -3.524868
 80.425995 -3.539912
 80.935020 -3.509347
 81.444045 -3.610208
 81.953071 -3.597787
 82.462096 -3.517530
 82.971121 -3.505588
 83.480147 -3.555012
 83.989172 -3.478204
 84.498197 -3.530660
 85.007222 -3.555593
 85.516248 -3.542468
 86.025273 -3.571932
 86.534298 -3.559267
 87.043323 -3.525529
 87.552349 -3.506338
 88.061374 -3.510246
 88.570399 -3.621805
 89.079425 -3.564244
 89.588450 -3.493031
 90.097475 -3.466038
 90.606500 -3.518256
 91.115526 -3.564155
 91.624551 -3.562730
 92.133576 -3.527400
 92.642602 -3.553008
 93.151627 -3.555990
 93.660652 -3.538598
 94.169677 -3.516186
 94.678703 -3.521574
 95.187728 -3.478379
 95.696753 -3.504943
 96.205779 -3.575385
 96.714804 -3.543229
 97.223829 -3.459409
 97.732854 -3.556180
 98.241880 -3.595665
 98.750905 -3.523974
 99.259930 -3.467186
 99.768956 -3.518240
 100.277981 -3.540897
 100.787006 -3.528268
 101.296031 -3.532583
 101.805057 -3.526077
 102.314082 -3.510691
 102.823107 -3.520057
 103.332133 -3.531633
 103.841158 -3.563469
 104.350183 -3.546557
 104.859208 -3.530518
 105.368234 -3.524599
 105.877259 -3.598298
 106.386284 -3.526314
 106.895310 -3.492363
 107.404335 -3.549825
 107.913360 -3.544242
 108.422385 -3.472834
 108.931411 -3.484043
 109.440436 -3.514550
 109.949461 -3.501224
 110.458487 -3.476999
 110.967512 -3.511939
 111.476537 -3.568789
 111.985562 -3.534109
 112.494588 -3.517059
 113.003613 -3.523445
 113.512638 -3.562353
 114.021664 -3.564642
 114.530689 -3.508015
 115.039714 -3.478042
 115.548739 -3.530981
 116.057765 -3.530063
 116.566790 -3.561166
 117.075815 -3.582600
 117.584841 -3.516518
 118.093866 -3.419571
 118.602891 -3.541377
 119.111916 -3.590983
 119.620942 -3.506896
 120.129967 -3.501194
 120.638992 -3.502235
 121.148017 -3.501642
 121.657043 -3.502925
 122.166068 -3.544711
 122.675093 -3.583536
 123.184119 -3.493414
 123.693144 -3.477961
 124.202169 -3.577150
 124.711194 -3.553220
 125.220220 -3.443278
 125.729245 -3.508274
 126.238270 -3.588190
 126.747296 -3.604028
 127.256321 -3.491760
 127.765346 -3.481629
 128.274371 -3.527785
 128.783397 -3.556462
 129.292422 -3.583699
 129.801447 -3.506999
 130.310473 -3.471207
 130.819498 -3.533422
 131.328523 -3.539486
 131.837548 -3.546257
 132.346574 -3.504395
 132.855599 -3.534646
 133.364624 -3.574178
 133.873650 -3.527047
 134.382675 -3.531208
 134.891700 -3.466326
 135.400725 -3.519082
 135.909751 -3.607606
 136.418776 -3.606921
 136.927801 -3.517667
 137.436827 -3.451947
 137.945852 -3.551149
 138.454877 -3.580584
 138.963902 -3.513534
 139.472928 -3.482662
 139.981953 -3.536146
 140.490978 -3.544569
 141.000004 -3.558472
 141.509029 -3.546399
 142.018054 -3.509859
 142.527079 -3.544767
 143.036105 -3.538492
 143.545130 -3.460761
 144.054155 -3.530609
 144.563181 -3.579962
 145.072206 -3.564656
 145.581231 -3.467797
 146.090256 -3.490940
 146.599282 -3.631875
 147.108307 -3.519162
 147.617332 -3.423556
 148.126358 -3.517958
 148.635383 -3.604265
 149.144408 -3.546276
 149.653433 -3.484158
 150.162459 -3.503854
 150.671484 -3.511478
 151.180509 -3.468986
 151.689535 -3.490313
 152.198560 -3.535047
 152.707585 -3.545727
 153.216610 -3.513630
 153.725636 -3.545937
 154.234661 -3.532863
 154.743686 -3.454940
 155.252711 -3.505368
 155.761737 -3.529470
 156.270762 -3.523581
 156.779787 -3.485952
 157.288813 -3.506377
 157.797838 -3.526673
 158.306863 -3.538361
 158.815888 -3.544128
 159.324914 -3.481152
 159.833939 -3.536853
 160.342964 -3.576521
 160.851990 -3.501896
 161.361015 -3.465254
 161.870040 -3.541192
 162.379065 -3.496054
 162.888091 -3.496742
 163.397116 -3.510341
 163.906141 -3.535890
 164.415167 -3.529251
 164.924192 -3.491606
 165.433217 -3.505225
 165.942242 -3.516593
 166.451268 -3.529407
 166.960293 -3.495688
 167.469318 -3.525397
 167.978344 -3.584131
 168.487369 -3.556285
 168.996394 -3.486615
 169.505419 -3.404928
 170.014445 -3.515720
 170.523470 -3.581849
 171.032495 -3.538048
 171.541521 -3.525774
 172.050546 -3.429758
 172.559571 -3.511610
 173.068596 -3.600409
 173.577622 -3.544885
 174.086647 -3.501433
 174.595672 -3.527040
 175.104698 -3.593349
 175.613723 -3.572987
 176.122748 -3.500724
 176.631773 -3.477555
 177.140799 -3.464211
 177.649824 -3.565352
 178.158849 -3.536343
 178.667875 -3.508028
 179.176900 -3.496019
 179.685925 -3.532744
 180.194950 -3.587097
 180.703976 -3.509151
 181.213001 -3.494859
 181.722026 -3.504801
 182.231052 -3.548939
 182.740077 -3.562015
 183.249102 -3.578005
 183.758127 -3.562281
 184.267153 -3.484261
 184.776178 -3.472136
 185.285203 -3.575206
 185.794228 -3.616643
 186.303254 -3.545671
 186.812279 -3.482959
 187.321304 -3.481197
 187.830330 -3.528346
 188.339355 -3.547896
 188.848380 -3.560603
 189.357405 -3.546075
 189.866431 -3.476163
 190.375456 -3.443036
 190.884481 -3.580339
 191.393507 -3.545939
 191.902532 -3.505471
 192.411557 -3.474816
 192.920582 -3.521655
 193.429608 -3.601790
 193.938633 -3.571673
 194.447658 -3.458289
 194.956684 -3.505014
 195.465709 -3.575666
 195.974734 -3.550975
 196.483759 -3.540964
 196.992785 -3.564411
 197.501810 -3.546807
 198.010835 -3.543242
 198.519861 -3.571521
 199.028886 -3.509419
 199.537911 -3.472053
 200.046936 -3.542866
 200.555962 -3.570686
 201.064987 -3.540179
 201.574012 -3.499650
 202.083038 -3.575855
 202.592063 -3.582373
 203.101088 -3.488992
 203.610113 -3.499737
 204.119139 -3.534326
 204.628164 -3.547808
 205.137189 -3.613424
 205.646215 -3.552950
 206.155240 -3.494779
 206.664265 -3.630914
 207.173290 -3.552597
 207.682316 -3.496997
 208.191341 -3.483043
 208.700366 -3.517629
 209.209392 -3.537501
 209.718417 -3.441915
 210.227442 -3.572074
 210.736467 -3.595062
 211.245493 -3.470704
 211.754518 -3.486724
 212.263543 -3.553007
 212.772569 -3.567451
 213.281594 -3.498920
 213.790619 -3.529246
 214.299644 -3.534361
 214.808670 -3.541509
 215.317695 -3.481180
 215.826720 -3.511782
 216.335746 -3.588736
 216.844771 -3.568942
 217.353796 -3.533757
 217.862821 -3.545846
 218.371847 -3.526640
 218.880872 -3.523111
 219.389897 -3.515980
 219.898922 -3.535531
 220.407948 -3.521049
 220.916973 -3.520550
 221.425998 -3.506368
 221.935024 -3.549110
 222.444049 -3.518299
 222.953074 -3.520341
 223.462099 -3.509713
 223.971125 -3.536380
 224.480150 -3.608230
 224.989175 -3.577977
 225.498201 -3.492912
 226.007226 -3.534499
 226.516251 -3.570362
 227.025276 -3.490577
 227.534302 -3.445695
 228.043327 -3.517542
 228.552352 -3.544217
 229.061378 -3.538401
 229.570403 -3.499986
 230.079428 -3.531720
 230.588453 -3.543940
 231.097479 -3.510699
 231.606504 -3.574334
 232.115529 -3.570221
 232.624555 -3.469749
 233.133580 -3.521493
 233.642605 -3.553293
 234.151630 -3.559088
 234.660656 -3.513195
 235.169681 -3.492192
 235.678706 -3.571360
 236.187732 -3.552805
 236.696757 -3.531821
 237.205782 -3.481019
 237.714807 -3.515769
 238.223833 -3.546382
 238.732858 -3.564699
 239.241883 -3.516239
 239.750909 -3.508174
 240.259934 -3.543262
 240.768959 -3.573693
 241.277984 -3.497912
 241.787010 -3.471888
 242.296035 -3.563592
 242.805060 -3.568853
 243.314086 -3.540232
 243.823111 -3.484059
 244.332136 -3.489974
 244.841161 -3.507314
 245.350187 -3.545472
 245.859212 -3.549700
 246.368237 -3.535494
 246.877263 -3.501115
 247.386288 -3.495605
 247.895313 -3.506275
 248.404338 -3.567959
 248.913364 -3.516081
 249.422389 -3.441226
 249.931414 -3.528762
 250.440440 -3.582514
 250.949465 -3.550460
 251.458490 -3.502274
 251.967515 -3.550350
 252.476541 -3.564099
 252.985566 -3.571731
 253.494591 -3.510327
 254.003616 -3.474639
 254.512642 -3.531042
 255.021667 -3.521773
 255.530692 -3.509210
 256.039718 -3.554925
 256.548743 -3.549739
 257.057768 -3.489267
 257.566793 -3.554191
 258.075819 -3.572400
 258.584844 -3.517331
 259.093869 -3.446523
 259.602895 -3.562957
 260.111920 -3.586709
 260.620945 -3.457987
 261.129970 -3.486194
 261.638996 -3.518464
 262.148021 -3.609381
 262.657046 -3.608070
 263.166072 -3.497694
 263.675097 -3.481441
 264.184122 -3.539412
 264.693147 -3.555906
 265.202173 -3.517098
 265.711198 -3.468128
 266.220223 -3.495274
 266.729249 -3.612555
 267.238274 -3.571581
 267.747299 -3.479244
 268.256324 -3.510331
 268.765350 -3.523601
 269.274375 -3.529180
 269.783400 -3.541188
 270.292426 -3.524303
 270.801451 -3.463742
 271.310476 -3.501622
 271.819501 -3.591586
 272.328527 -3.521712
 272.837552 -3.462209
 273.346577 -3.512491
 273.855603 -3.584289
 274.364628 -3.495943
 274.873653 -3.487095
 275.382678 -3.555286
 275.891704 -3.578566
 276.400729 -3.547050
 276.909754 -3.489539
 277.418780 -3.515068
 277.927805 -3.580981
 278.436830 -3.521575
 278.945855 -3.480090
 279.454881 -3.513758
 279.963906 -3.601120
 280.472931 -3.526799
 280.981957 -3.462009
 281.490982 -3.556781
 282.000007 -3.582449
 282.509032 -3.550912
 283.018058 -3.561274
 283.527083 -3.523518
 284.036108 -3.535625
 284.545134 -3.557468
 285.054159 -3.526451
 285.563184 -3.540412
 286.072209 -3.478134
 286.581235 -3.513159
 287.090260 -3.581010
 287.599285 -3.516138
 288.108310 -3.497717
 288.617336 -3.508032
 289.126361 -3.605916
 289.635386 -3.540143
 290.144412 -3.495695
 290.653437 -3.480134
 291.162462 -3.559844
 291.671487 -3.549708
 292.180513 -3.539807
 292.689538 -3.492590
 293.198563 -3.518161
 293.707589 -3.572264
 294.216614 -3.566629
 294.725639 -3.552093
 295.234664 -3.578445
 295.743690 -3.497677
 296.252715 -3.505666
 296.761740 -3.543565
 297.270766 -3.524937
 297.779791 -3.514517
 298.288816 -3.550972
 298.797841 -3.510560
 299.306867 -3.497254
 299.815892 -3.568816
 300.324917 -3.479909
 300.833943 -3.460855
 301.342968 -3.514985
 301.851993 -3.516292
 302.361018 -3.519256
 302.870044 -3.587018
 303.379069 -3.511764
 303.888094 -3.392938
 304.397120 -3.481458
 304.906145 -3.582640
 305.415170 -3.547596
 305.924195 -3.499831
 306.433221 -3.543971
 306.942246 -3.565023
 307.451271 -3.484996
 307.960297 -3.502888
 308.469322 -3.556916
 308.978347 -3.599969
 309.487372 -3.496481
 309.996398 -3.482036
 310.505423 -3.532448
 311.014448 -3.569251
 311.523474 -3.577879
 312.032499 -3.487016
 312.541524 -3.461506
 313.050549 -3.587049
 313.559575 -3.594002
 314.068600 -3.535373
 314.577625 -3.548583
 315.086651 -3.581087
 315.595676 -3.526106
 316.104701 -3.545831
 316.613726 -3.531693
 317.122752 -3.525206
 317.631777 -3.481185
 318.140802 -3.527720
 318.649828 -3.554681
 319.158853 -3.571800
 319.667878 -3.493138
 320.176903 -3.471334
 320.685929 -3.597822
 321.194954 -3.612940
 321.703979 -3.496328
 322.213004 -3.459930
 322.722030 -3.580046
 323.231055 -3.596120
 323.740080 -3.531996
 324.249106 -3.455775
 324.758131 -3.530697
 325.267156 -3.560076
 325.776181 -3.578625
 326.285207 -3.494401
 326.794232 -3.488985
 327.303257 -3.568057
 327.812283 -3.555649
 328.321308 -3.513391
 328.830333 -3.472928
 329.339358 -3.508930
 329.848384 -3.579387
 330.357409 -3.539204
 330.866434 -3.547579
 331.375460 -3.506574
 331.884485 -3.453414
 332.393510 -3.568731
 332.902535 -3.538729
 333.411561 -3.517287
 333.920586 -3.529683
 334.429611 -3.551044
 334.938637 -3.528080
 335.447662 -3.511829
 335.956687 -3.460541
 336.465712 -3.503347
 336.974738 -3.580179
 337.483763 -3.558483
 337.992788 -3.506463
 338.501814 -3.482347
 339.010839 -3.536757
 339.519864 -3.567634
 340.028889 -3.577627
 340.537915 -3.525577
 341.046940 -3.466721
 341.555965 -3.527577
 342.064991 -3.591613
 342.574016 -3.571793
 343.083041 -3.453218
 343.592066 -3.490183
 344.101092 -3.582159
 344.610117 -3.557306
 345.119142 -3.560507
 345.628168 -3.536123
 346.137193 -3.553936
 346.646218 -3.553691
 347.155243 -3.576786
 347.664269 -3.522427
 348.173294 -3.534422
 348.682319 -3.543363
 349.191345 -3.495410
 349.700370 -3.571884
 350.209395 -3.547695
 350.718420 -3.557521
 351.227446 -3.558901
 351.736471 -3.480008
 352.245496 -3.558042
 352.754522 -3.556863
 353.263547 -3.544051
 353.772572 -3.536492
 354.281597 -3.564617
 354.790623 -3.508827
 355.299648 -3.464730
 355.808673 -3.515532
 356.317698 -3.523766
 356.826724 -3.544826
 357.335749 -3.519608
 357.844774 -3.535716
 358.353800 -3.544315
 358.862825 -3.500148
 359.371850 -3.538870
 359.880875 -3.532329
 360.389901 -3.550728
 360.898926 -3.511074
 361.407951 -3.536417
 361.916977 -3.548445
 362.426002 -3.490294
 362.935027 -3.500945
 363.444052 -3.569287
 363.953078 -3.560676
 364.462103 -3.479358
 364.971128 -3.510292
 365.480154 -3.546780
 365.989179 -3.536451
 366.498204 -3.538017
 367.007229 -3.481027
 367.516255 -3.506753
 368.025280 -3.577366
 368.534305 -3.558066
 369.043331 -3.504135
 369.552356 -3.496194
 370.061381 -3.593549
 370.570406 -3.543711
 371.079432 -3.466156
 371.588457 -3.465714
 372.097482 -3.535040
 372.606508 -3.585308
 373.115533 -3.525017
 373.624558 -3.494810
 374.133583 -3.547311
 374.642609 -3.559287
 375.151634 -3.575770
 375.660659 -3.500264
 376.169685 -3.517699
 376.678710 -3.560538
 377.187735 -3.594861
 377.696760 -3.529185
 378.205786 -3.485934
 378.714811 -3.520963
 379.223836 -3.581055
 379.732862 -3.510161
 380.241887 -3.516411
 380.750912 -3.570488
 381.259937 -3.543108
 381.768963 -3.460863
 382.277988 -3.522505
 382.787013 -3.567628
 383.296039 -3.528504
 383.805064 -3.526722
 384.314089 -3.570081
 384.823114 -3.518489
 385.332140 -3.507310
 385.841165 -3.528255
 386.350190 -3.555133
 386.859216 -3.596715
 387.368241 -3.509999
 387.877266 -3.514773
 388.386291 -3.547286
 388.895317 -3.527276
 389.404342 -3.494938
 389.913367 -3.535709
 390.422392 -3.631928
 390.931418 -3.517398
 391.440443 -3.479011
 391.949468 -3.497191
 392.458494 -3.540475
 392.967519 -3.566120
 393.476544 -3.573876
 393.985569 -3.528899
 394.494595 -3.498936
 395.003620 -3.538044
 395.512645 -3.499949
 396.021671 -3.489611
 396.530696 -3.556662
 397.039721 -3.584902
 397.548746 -3.533150
 398.057772 -3.479265
 398.566797 -3.475383
 399.075822 -3.588495
 399.584848 -3.575815
 400.093873 -3.506609
 400.602898 -3.488670
 401.111923 -3.479709
 401.620949 -3.556849
 402.129974 -3.489388
 402.638999 -3.566937
 403.148025 -3.553907
 403.657050 -3.515885
 404.166075 -3.525531
 404.675100 -3.529442
 405.184126 -3.528941
 405.693151 -3.531667
 406.202176 -3.459320
 406.711202 -3.510643
 407.220227 -3.528522
 407.729252 -3.555650
 408.238277 -3.511172
 408.747303 -3.450946
 409.256328 -3.503136
 409.765353 -3.611683
 410.274379 -3.567488
 410.783404 -3.478705
 411.292429 -3.521974
 411.801454 -3.598823
 412.310480 -3.552563
 412.819505 -3.468453
 413.328530 -3.485434
 413.837556 -3.564993
 414.346581 -3.483048
 414.855606 -3.462613
 415.364631 -3.549605
 415.873657 -3.543424
 416.382682 -3.470992
 416.891707 -3.503882
 417.400733 -3.588472
 417.909758 -3.565405
 418.418783 -3.503260
 418.927808 -3.513594
 419.436834 -3.515768
 419.945859 -3.539820
 420.454884 -3.547358
 420.963910 -3.491857
 421.472935 -3.513815
 421.981960 -3.507364
 422.490985 -3.583626
 423.000011 -3.546909
 423.509036 -3.527856
 424.018061 -3.512810
 424.527086 -3.476618
 425.036112 -3.553896
 425.545137 -3.588313
 426.054162 -3.542366
 426.563188 -3.527955
 427.072213 -3.513892
 427.581238 -3.550120
 428.090263 -3.547629
 428.599289 -3.558385
 429.108314 -3.474037
 429.617339 -3.485152
 430.126365 -3.552579
 430.635390 -3.512258
 431.144415 -3.491257
 431.653440 -3.488873
 432.162466 -3.526774
 432.671491 -3.498729
 433.180516 -3.529309
 433.689542 -3.509255
 434.198567 -3.532733
 434.707592 -3.566312
 435.216617 -3.523167
 435.725643 -3.516148
 436.234668 -3.545666
 436.743693 -3.566246
 437.252719 -3.541209
 437.761744 -3.522824
 438.270769 -3.548165
 438.779794 -3.574490
 439.288820 -3.532829
 439.797845 -3.472450
 440.306870 -3.515410
 440.815896 -3.562276
 441.324921 -3.539613
 441.833946 -3.483241
 442.342971 -3.544327
 442.851997 -3.581541
 443.361022 -3.517325
 443.870047 -3.458826
 444.379073 -3.594933
 444.888098 -3.595554
 445.397123 -3.485009
 445.906148 -3.495946
 446.415174 -3.506456
 446.924199 -3.542849
 447.433224 -3.530404
 447.942250 -3.482802
 448.451275 -3.527528
 448.960300 -3.570630
 449.469325 -3.591772
 449.978351 -3.536342
 450.487376 -3.460010
 450.996401 -3.491202
 451.505427 -3.540027
 452.014452 -3.521979
 452.523477 -3.525983
 453.032502 -3.520263
 453.541528 -3.556744
 454.050553 -3.582041
 454.559578 -3.498323
 455.068604 -3.502967
 455.577629 -3.576355
 456.086654 -3.560105
 456.595679 -3.500197
 457.104705 -3.489422
 457.613730 -3.562539
 458.122755 -3.567888
 458.631780 -3.463123
 459.140806 -3.522043
 459.649831 -3.565424
 460.158856 -3.516076
 460.667882 -3.533170
 461.176907 -3.511185
 461.685932 -3.523935
 462.194957 -3.549768
 462.703983 -3.549051
 463.213008 -3.464034
 463.722033 -3.471825
 464.231059 -3.525140
 464.740084 -3.519880
 465.249109 -3.612880
 465.758134 -3.546785
 466.267160 -3.442289
 466.776185 -3.469737
 467.285210 -3.565621
 467.794236 -3.566160
 468.303261 -3.494942
 468.812286 -3.473639
 469.321311 -3.527296
 469.830337 -3.548159
 470.339362 -3.598156
 470.848387 -3.548320
 471.357413 -3.545966
 471.866438 -3.575664
 472.375463 -3.521783
 472.884488 -3.506985
 473.393514 -3.492084
 473.902539 -3.508542
 474.411564 -3.550624
 474.920590 -3.546511
 475.429615 -3.460754
 475.938640 -3.475974
 476.447665 -3.634556
 476.956691 -3.609447
 477.465716 -3.530296
 477.974741 -3.520647
 478.483767 -3.502204
 478.992792 -3.550942
 479.501817 -3.517392
 480.010842 -3.528757
 480.519868 -3.443758
 481.028893 -3.496676
 481.537918 -3.547794
 482.046944 -3.571097
 482.555969 -3.535708
 483.064994 -3.476218
 483.574019 -3.452168
 484.083045 -3.524924
 484.592070 -3.553041
 485.101095 -3.507744
 485.610121 -3.480727
 486.119146 -3.554279
 486.628171 -3.577052
 487.137196 -3.560962
 487.646222 -3.484674
 488.155247 -3.487734
 488.664272 -3.576049
 489.173297 -3.598122
 489.682323 -3.475392
 490.191348 -3.491707
 490.700373 -3.562542
 491.209399 -3.590455
 491.718424 -3.525040
 492.227449 -3.529979
 492.736474 -3.526181
 493.245500 -3.552334
 493.754525 -3.551204
 494.263550 -3.532944
 494.772576 -3.475841
 495.281601 -3.513725
 495.790626 -3.605750
 496.299651 -3.525576
 496.808677 -3.475728
 497.317702 -3.512966
 497.826727 -3.575461
 498.335753 -3.572000
 498.844778 -3.480448
 499.353803 -3.488623
 499.862828 -3.551189
 500.371854 -3.532144
 500.880879 -3.500324
 501.389904 -3.502247
 501.898930 -3.512572
 502.407955 -3.590214
 502.916980 -3.497430
 503.426005 -3.538186
 503.935031 -3.501635
 504.444056 -3.514945
 504.953081 -3.573673
 505.462107 -3.521977
 505.971132 -3.509679
 506.480157 -3.518100
 506.989182 -3.595458
 507.498208 -3.531260
 508.007233 -3.493045
 508.516258 -3.522863
 509.025284 -3.496563
 509.534309 -3.526016
 510.043334 -3.560629
 510.552359 -3.574564
 511.061385 -3.574224
 511.570410 -3.493126
 512.079435 -3.450003
 512.588461 -3.544300
 513.097486 -3.601152
 513.606511 -3.531514
 514.115536 -3.458319
 514.624562 -3.553123
 515.133587 -3.620722
 515.642612 -3.518133
 516.151638 -3.488035
 516.660663 -3.552464
 517.169688 -3.585784
 517.678713 -3.507586
 518.187739 -3.505730
 518.696764 -3.525360
 519.205789 -3.547985
 519.714815 -3.539538
 520.223840 -3.515702
 520.732865 -3.549404
 521.241890 -3.491131
 521.750916 -3.529131
 522.259941 -3.521354
 522.768966 -3.519526
 523.277991 -3.557310
 523.787017 -3.567817
 524.296042 -3.614648
 524.805067 -3.525326
 525.314093 -3.485860
 525.823118 -3.509361
 526.332143 -3.577133
 526.841168 -3.529263
 527.350194 -3.462156
 527.859219 -3.494110
 528.368244 -3.524820
 528.877270 -3.611829
 529.386295 -3.557616
 529.895320 -3.473082
 530.404345 -3.526829
 530.913371 -3.576228
 531.422396 -3.585143
 531.931421 -3.528953
 532.440447 -3.538382
 532.949472 -3.544876
 533.458497 -3.590073
 533.967522 -3.509618
 534.476548 -3.482181
 534.985573 -3.533317
 535.494598 -3.579943
 536.003624 -3.566777
 536.512649 -3.495378
 537.021674 -3.453679
 537.530699 -3.537267
 538.039725 -3.537941
 538.548750 -3.544904
 539.057775 -3.599912
 539.566801 -3.467874
 540.075826 -3.490756
 540.584851 -3.579977
 541.093876 -3.625849
 541.602902 -3.482976
 542.111927 -3.448666
 542.620952 -3.530260
 543.129978 -3.596186
 543.639003 -3.539267
 544.148028 -3.519854
 544.657053 -3.481835
 545.166079 -3.519812
 545.675104 -3.497217
 546.184129 -3.470750
 546.693155 -3.552434
 547.202180 -3.622410
 547.711205 -3.525666
 548.220230 -3.486498
 548.729256 -3.512521
 549.238281 -3.577672
 549.747306 -3.563186
 550.256332 -3.535455
 550.765357 -3.501440
 551.274382 -3.490690
 551.783407 -3.510593
 552.292433 -3.619411
 552.801458 -3.552382
 553.310483 -3.472601
 553.819509 -3.500452
 554.328534 -3.504598
 554.837559 -3.560604
 555.346584 -3.512163
 555.855610 -3.487202
 556.364635 -3.620810
 556.873660 -3.577708
 557.382685 -3.440708
 557.891711 -3.509325
 558.400736 -3.625500
 558.909761 -3.527217
 559.418787 -3.481614
 559.927812 -3.494186
 560.436837 -3.516044
 560.945862 -3.593296
 561.454888 -3.518470
 561.963913 -3.561378
 562.472938 -3.550133
 562.981964 -3.516357
 563.490989 -3.567487
 564.000014 -3.567156
 564.509039 -3.499548
 565.018065 -3.510746
 565.527090 -3.480954
 566.036115 -3.554026
 566.545141 -3.513319
 567.054166 -3.555125
 567.563191 -3.563490
 568.072216 -3.577232
 568.581242 -3.494988
 569.090267 -3.458287
 569.599292 -3.519069
 570.108318 -3.588417
 570.617343 -3.524713
 571.126368 -3.460274
 571.635393 -3.493458
 572.144419 -3.547363
 572.653444 -3.552589
 573.162469 -3.561556
 573.671495 -3.466692
 574.180520 -3.493385
 574.689545 -3.561720
 575.198570 -3.578484
 575.707596 -3.479340
 576.216621 -3.513045
 576.725646 -3.543156
 577.234672 -3.484996
 577.743697 -3.508891
 578.252722 -3.503137
 578.761747 -3.553879
 579.270773 -3.605142
 579.779798 -3.547461
 580.288823 -3.481241
 580.797849 -3.471197
 581.306874 -3.575709
 581.815899 -3.537922
 582.324924 -3.492419
 582.833950 -3.502497
 583.342975 -3.540159
 583.852000 -3.562557
 584.361026 -3.562619
 584.870051 -3.475610
 585.379076 -3.529374
 585.888101 -3.531828
 586.397127 -3.566506
 586.906152 -3.537779
 587.415177 -3.575096
 587.924203 -3.511782
 588.433228 -3.552612
 588.942253 -3.521918
 589.451278 -3.516578
 589.960304 -3.496329
 590.469329 -3.560743
 590.978354 -3.563614
 591.487379 -3.505634
 591.996405 -3.506367
 592.505430 -3.485726
 593.014455 -3.553374
 593.523481 -3.487181
 594.032506 -3.510163
 594.541531 -3.572381
 595.050556 -3.535284
 595.559582 -3.504008
 596.068607 -3.530831
 596.577632 -3.578100
 597.086658 -3.559634
 597.595683 -3.494375
 598.104708 -3.576629
 598.613733 -3.583424
 599.122759 -3.489118
 599.631784 -3.459594
 600.140809 -3.573453
 600.649835 -3.539154
 601.158860 -3.497633
 601.667885 -3.506929
 602.176910 -3.561544
 602.685936 -3.550782
 603.194961 -3.441893
 603.703986 -3.483498
 604.213012 -3.584088
 604.722037 -3.580706
 605.231062 -3.550641
 605.740087 -3.491378
 606.249113 -3.490264
 606.758138 -3.531990
 607.267163 -3.491760
 607.776189 -3.492910
 608.285214 -3.556402
 608.794239 -3.571154
 609.303264 -3.542099
 609.812290 -3.536133
 610.321315 -3.548810
 610.830340 -3.484248
 611.339366 -3.513994
 611.848391 -3.570374
 612.357416 -3.516808
 612.866441 -3.459253
 613.375467 -3.539130
 613.884492 -3.537341
 614.393517 -3.535296
 614.902543 -3.574794
 615.411568 -3.525673
 615.920593 -3.513514
 616.429618 -3.529674
 616.938644 -3.460580
 617.447669 -3.506125
 617.956694 -3.596083
 618.465720 -3.548051
 618.974745 -3.496519
 619.483770 -3.496297
 619.992795 -3.548197
 620.501821 -3.529267
 621.010846 -3.523604
 621.519871 -3.506552
 622.028897 -3.540212
 622.537922 -3.553731
 623.046947 -3.501369
 623.555972 -3.524395
 624.064998 -3.544253
 624.574023 -3.513303
 625.083048 -3.512803
 625.592073 -3.561733
 626.101099 -3.601213
 626.610124 -3.511028
 627.119149 -3.462245
 627.628175 -3.534097
 628.137200 -3.572137
 628.646225 -3.512910
 629.155250 -3.512710
 629.664276 -3.567107
 630.173301 -3.545051
 630.682326 -3.527360
 631.191352 -3.521056
 631.700377 -3.513164
 632.209402 -3.576822
 632.718427 -3.536600
 633.227453 -3.492475
 633.736478 -3.546962
 634.245503 -3.595473
 634.754529 -3.491634
 635.263554 -3.456020
 635.772579 -3.539113
 636.281604 -3.549681
 636.790630 -3.448682
 637.299655 -3.570533
 637.808680 -3.601203
 638.317706 -3.571804
 638.826731 -3.463105
 639.335756 -3.460565
 639.844781 -3.614522
 640.353807 -3.609819
 640.862832 -3.448949
 641.371857 -3.478917
 641.880883 -3.567918
 642.389908 -3.586637
 642.898933 -3.501606
 643.407958 -3.495849
 643.916984 -3.513510
 644.426009 -3.599552
 644.935034 -3.585355
 645.444060 -3.498808
 645.953085 -3.507224
 646.462110 -3.533033
 646.971135 -3.517067
 647.480161 -3.525715
 647.989186 -3.561037
 648.498211 -3.542413
 649.007237 -3.581688
 649.516262 -3.540790
 650.025287 -3.517397
 650.534312 -3.473328
 651.043338 -3.566737
 651.552363 -3.605262
 652.061388 -3.547182
 652.570414 -3.511655
 653.079439 -3.538405
 653.588464 -3.535145
 654.097489 -3.505634
 654.606515 -3.523467
 655.115540 -3.521691
 655.624565 -3.530045
 656.133591 -3.544954
 656.642616 -3.511676
 657.151641 -3.496068
 657.660666 -3.488189
 658.169692 -3.541907
 658.678717 -3.568832
 659.187742 -3.543447
 659.696767 -3.512468
 660.205793 -3.516702
 660.714818 -3.534459
 661.223843 -3.570180
 661.732869 -3.505770
 662.241894 -3.422362
 662.750919 -3.554480
 663.259944 -3.608934
 663.768970 -3.541810
 664.277995 -3.505776
 664.787020 -3.469189
 665.296046 -3.476480
 665.805071 -3.592552
 666.314096 -3.540718
 666.823121 -3.545496
 667.332147 -3.546441
 667.841172 -3.520092
 668.350197 -3.504300
 668.859223 -3.498338
 669.368248 -3.520815
 669.877273 -3.545673
 670.386298 -3.553904
 670.895324 -3.530822
 671.404349 -3.499558
 671.913374 -3.536367
 672.422400 -3.542649
 672.931425 -3.536486
 673.440450 -3.452965
 673.949475 -3.459498
 674.458501 -3.556360
 674.967526 -3.589473
 675.476551 -3.534773
 675.985577 -3.521185
 676.494602 -3.546384
 677.003627 -3.556666
 677.512652 -3.536027
 678.021678 -3.526579
 678.530703 -3.466034
 679.039728 -3.526739
 679.548754 -3.587749
 680.057779 -3.539370
 680.566804 -3.480142
 681.075829 -3.479167
 681.584855 -3.549434
 682.093880 -3.575738
 682.602905 -3.528879
 683.111931 -3.448980
 683.620956 -3.468351
 684.129981 -3.574460
 684.639006 -3.613403
 685.148032 -3.504331
 685.657057 -3.519078
 686.166082 -3.512603
 686.675108 -3.553347
 687.184133 -3.523861
 687.693158 -3.523422
 688.202183 -3.563150
 688.711209 -3.585754
 689.220234 -3.519127
 689.729259 -3.495854
 690.238285 -3.592590
 690.747310 -3.519609
 691.256335 -3.546851
 691.765360 -3.507859
 692.274386 -3.500468
 692.783411 -3.533637
 693.292436 -3.506441
 693.801461 -3.511558
 694.310487 -3.499169
 694.819512 -3.571454
 695.328537 -3.583217
 695.837563 -3.501509
 696.346588 -3.494465
 696.855613 -3.506597
 697.364638 -3.538374
 697.873664 -3.580299
 698.382689 -3.529281
 698.891714 -3.452081
 699.400740 -3.498009
 699.909765 -3.606820
 700.418790 -3.531249
 700.927815 -3.510253
 701.436841 -3.489284
 701.945866 -3.518873
 702.454891 -3.542471
 702.963917 -3.526340
 703.472942 -3.506737
 703.981967 -3.454081
 704.490992 -3.517439
 705.000018 -3.504528
 705.509043 -3.557308
 706.018068 -3.513436
 706.527094 -3.480559
 707.036119 -3.565029
 707.545144 -3.582696
 708.054169 -3.529272
 708.563195 -3.476901
 709.072220 -3.495999
 709.581245 -3.582403
 710.090271 -3.523943
 710.599296 -3.503613
 711.108321 -3.544904
 711.617346 -3.581496
 712.126372 -3.484162
 712.635397 -3.484417
 713.144422 -3.570645
 713.653448 -3.551702
 714.162473 -3.519152
 714.671498 -3.463171
 715.180523 -3.552214
 715.689549 -3.584827
 716.198574 -3.564195
 716.707599 -3.528477
 717.216625 -3.512270
 717.725650 -3.546589
 718.234675 -3.587607
 718.743700 -3.499772
 719.252726 -3.487603
 719.761751 -3.480493
 720.270776 -3.531300
 720.779802 -3.590607
 721.288827 -3.566992
 721.797852 -3.508659
 722.306877 -3.482419
 722.815903 -3.547866
 723.324928 -3.564851
 723.833953 -3.554125
 724.342979 -3.514154
 724.852004 -3.506780
 725.361029 -3.558063
 725.870054 -3.552168
 726.379080 -3.558368
 726.888105 -3.590700
 727.397130 -3.508366
 727.906155 -3.464444
 728.415181 -3.542905
 728.924206 -3.559344
 729.433231 -3.582207
 729.942257 -3.511392
 730.451282 -3.511432
 730.960307 -3.584213
 731.469332 -3.535528
 731.978358 -3.462191
 732.487383 -3.455729
 732.996408 -3.594423
 733.505434 -3.554808
 734.014459 -3.529806
 734.523484 -3.506847
 735.032509 -3.591971
 735.541535 -3.549497
 736.050560 -3.445507
 736.559585 -3.458212
 737.068611 -3.557097
 737.577636 -3.593653
 738.086661 -3.531617
 738.595686 -3.523293
 739.104712 -3.519799
 739.613737 -3.557163
 740.122762 -3.561288
 740.631788 -3.472907
 741.140813 -3.421495
 741.649838 -3.533217
 742.158863 -3.651302
 742.667889 -3.495493
 743.176914 -3.428247
 743.685939 -3.556340
 744.194965 -3.621423
 744.703990 -3.524559
 745.213015 -3.508457
 745.722040 -3.513619
 746.231066 -3.455847
 746.740091 -3.528635
 747.249116 -3.599745
 747.758142 -3.523900
 748.267167 -3.487547
 748.776192 -3.515174
 749.285217 -3.580640
 749.794243 -3.513154
 750.303268 -3.539401
 750.812293 -3.568637
 751.321319 -3.570221
 751.830344 -3.513880
 752.339369 -3.457906
 752.848394 -3.525388
 753.357420 -3.539668
 753.866445 -3.509725
 754.375470 -3.526319
 754.884496 -3.557176
 755.393521 -3.530988
 755.902546 -3.472668
 756.411571 -3.602967
 756.920597 -3.597283
 757.429622 -3.473395
 757.938647 -3.512966
 758.447673 -3.564161
 758.956698 -3.534297
 759.465723 -3.520278
 759.974748 -3.488726
 760.483774 -3.553994
 760.992799 -3.549800
 761.501824 -3.490269
 762.010849 -3.446175
 762.519875 -3.598682
 763.028900 -3.574339
 763.537925 -3.470026
 764.046951 -3.432378
 764.555976 -3.508792
 765.065001 -3.566057
 765.574026 -3.560736
 766.083052 -3.485649
 766.592077 -3.567679
 767.101102 -3.539133
 767.610128 -3.491566
 768.119153 -3.483546
 768.628178 -3.508207
 769.137203 -3.565899
 769.646229 -3.538194
 770.155254 -3.533395
 770.664279 -3.565296
 771.173305 -3.596894
 771.682330 -3.531614
 772.191355 -3.522458
 772.700380 -3.531706
 773.209406 -3.489651
 773.718431 -3.515405
 774.227456 -3.557005
 774.736482 -3.551387
 775.245507 -3.473579
 775.754532 -3.481788
 776.263557 -3.633259
 776.772583 -3.575819
 777.281608 -3.477910
 777.790633 -3.527138
 778.299659 -3.552833
 778.808684 -3.517896
 779.317709 -3.559693
 779.826734 -3.551719
 780.335760 -3.469906
 780.844785 -3.511844
 781.353810 -3.573402
 781.862836 -3.563366
 782.371861 -3.464675
 782.880886 -3.494258
 783.389911 -3.542418
 783.898937 -3.532624
 784.407962 -3.563604
 784.916987 -3.533222
 785.426013 -3.485814
 785.935038 -3.507686
 786.444063 -3.565844
 786.953088 -3.584147
 787.462114 -3.521817
 787.971139 -3.487683
 788.480164 -3.457735
 788.989190 -3.589313
 789.498215 -3.586551
 790.007240 -3.519469
 790.516265 -3.467356
 791.025291 -3.548951
 791.534316 -3.602318
 792.043341 -3.506149
 792.552366 -3.467400
 793.061392 -3.532824
 793.570417 -3.583940
 794.079442 -3.496561
 794.588468 -3.511249
 795.097493 -3.547602
 795.606518 -3.526651
 796.115543 -3.545388
 796.624569 -3.618200
 797.133594 -3.516603
 797.642619 -3.449987
 798.151645 -3.500113
 798.660670 -3.556999
 799.169695 -3.494417
 799.678720 -3.472200
 800.187746 -3.535548
 800.696771 -3.558886
 801.205796 -3.576082
 801.714822 -3.568687
 802.223847 -3.538939
 802.732872 -3.515336
 803.241897 -3.510072
 803.750923 -3.536926
 804.259948 -3.492596
 804.768973 -3.535354
 805.277999 -3.538015
 805.787024 -3.522070
 806.296049 -3.524048
 806.805074 -3.539266
 807.314100 -3.561174
 807.823125 -3.555466
 808.332150 -3.563028
 808.841176 -3.478573
 809.350201 -3.531206
 809.859226 -3.566953
 810.368251 -3.526419
 810.877277 -3.514453
 811.386302 -3.541288
 811.895327 -3.524400
 812.404353 -3.512380
 812.913378 -3.469304
 813.422403 -3.518692
 813.931428 -3.579360
 814.440454 -3.486167
 814.949479 -3.493901
 815.458504 -3.567904
 815.967530 -3.501336
 816.476555 -3.505195
 816.985580 -3.543167
 817.494605 -3.527661
 818.003631 -3.503323
 818.512656 -3.506854
 819.021681 -3.493849
 819.530707 -3.514091
 820.039732 -3.499056
 820.548757 -3.608398
 821.057782 -3.590806
 821.566808 -3.490041
 822.075833 -3.433414
 822.584858 -3.533490
 823.093884 -3.606525
 823.602909 -3.479705
 824.111934 -3.455490
 824.620959 -3.558313
 825.129985 -3.517238
 825.639010 -3.547676
 826.148035 -3.533156
 826.657060 -3.536056
 827.166086 -3.531016
 827.675111 -3.512823
 828.184136 -3.485915
 828.693162 -3.483378
 829.202187 -3.544021
 829.711212 -3.543748
 830.220237 -3.498508
 830.729263 -3.548603
 831.238288 -3.562865
 831.747313 -3.553617
 832.256339 -3.564057
 832.765364 -3.477140
 833.274389 -3.450961
 833.783414 -3.567366
 834.292440 -3.657739
 834.801465 -3.509266
 835.310490 -3.499360
 835.819516 -3.481621
 836.328541 -3.572515
 836.837566 -3.602751
 837.346591 -3.476193
 837.855617 -3.480912
 838.364642 -3.539658
 838.873667 -3.576730
 839.382693 -3.468903
 839.891718 -3.493403
 840.400743 -3.587020
 840.909768 -3.537162
 841.418794 -3.522385
 841.927819 -3.535388
 842.436844 -3.528833
 842.945870 -3.559868
 843.454895 -3.481345
 843.963920 -3.534144
 844.472945 -3.566067
 844.981971 -3.514315
 845.490996 -3.467806
 846.000021 -3.502596
 846.509047 -3.572344
 847.018072 -3.554494
 847.527097 -3.516918
 848.036122 -3.501380
 848.545148 -3.521102
 849.054173 -3.561600
 849.563198 -3.522841
 850.072224 -3.513246
 850.581249 -3.542154
 851.090274 -3.545114
 851.599299 -3.617327
 852.108325 -3.540738
 852.617350 -3.486327
 853.126375 -3.540837
 853.635401 -3.564124
 854.144426 -3.474832
 854.653451 -3.498046
 855.162476 -3.567613
 855.671502 -3.569941
 856.180527 -3.524787
 856.689552 -3.503294
 857.198578 -3.547820
 857.707603 -3.527079
 858.216628 -3.484373
 858.725653 -3.494404
 859.234679 -3.538422
 859.743704 -3.573377
 860.252729 -3.519718
 860.761754 -3.524794
 861.270780 -3.537412
 861.779805 -3.530859
 862.288830 -3.489084
 862.797856 -3.481835
 863.306881 -3.569977
 863.815906 -3.555187
 864.324931 -3.508889
 864.833957 -3.511552
 865.342982 -3.528712
 865.852007 -3.531873
 866.361033 -3.533051
 866.870058 -3.541995
 867.379083 -3.517375
 867.888108 -3.499443
 868.397134 -3.533837
 868.906159 -3.558498
 869.415184 -3.513171
 869.924210 -3.454369
 870.433235 -3.578877
 870.942260 -3.593663
 871.451285 -3.513019
 871.960311 -3.475406
 872.469336 -3.579994
 872.978361 -3.588449
 873.487387 -3.446967
 873.996412 -3.448927
 874.505437 -3.561720
 875.014462 -3.550854
 875.523488 -3.568754
 876.032513 -3.508755
 876.541538 -3.541343
 877.050564 -3.524687
 877.559589 -3.503409
 878.068614 -3.557924
 878.577639 -3.533941
 879.086665 -3.526635
 879.595690 -3.517876
 880.104715 -3.528632
 880.613741 -3.531999
 881.122766 -3.542299
 881.631791 -3.473658
 882.140816 -3.478695
 882.649842 -3.563570
 883.158867 -3.591697
 883.667892 -3.494304
 884.176918 -3.522273
 884.685943 -3.531104
 885.194968 -3.597761
 885.703993 -3.564511
 886.213019 -3.494075
 886.722044 -3.463694
 887.231069 -3.547861
 887.740095 -3.583086
 888.249120 -3.560256
 888.758145 -3.450287
 889.267170 -3.517586
 889.776196 -3.567291
 890.285221 -3.505139
 890.794246 -3.547022
 891.303272 -3.521145
 891.812297 -3.480108
 892.321322 -3.496142
 892.830347 -3.571858
 893.339373 -3.528208
 893.848398 -3.505860
 894.357423 -3.566440
 894.866448 -3.498109
 895.375474 -3.542304
 895.884499 -3.613779
 896.393524 -3.530650
 896.902550 -3.514214
 897.411575 -3.533743
 897.920600 -3.564876
 898.429625 -3.556164
 898.938651 -3.503338
 899.447676 -3.486957
 899.956701 -3.545736
 900.465727 -3.563624
 900.974752 -3.499068
 901.483777 -3.537575
 901.992802 -3.515935
 902.501828 -3.493976
 903.010853 -3.556347
 903.519878 -3.506422
 904.028904 -3.485524
 904.537929 -3.514986
 905.046954 -3.541809
 905.555979 -3.558529
 906.065005 -3.540661
 906.574030 -3.569246
 907.083055 -3.516792
 907.592081 -3.483679
 908.101106 -3.528591
 908.610131 -3.552294
 909.119156 -3.558652
 909.628182 -3.527874
 910.137207 -3.556474
 910.646232 -3.508373
 911.155258 -3.499090
 911.664283 -3.616262
 912.173308 -3.571642
 912.682333 -3.489549
 913.191359 -3.562002
 913.700384 -3.574267
 914.209409 -3.513677
 914.718435 -3.506624
 915.227460 -3.490855
 915.736485 -3.485064
 916.245510 -3.506231
 916.754536 -3.550036
 917.263561 -3.532597
 917.772586 -3.447676
 918.281612 -3.490965
 918.790637 -3.501269
 919.299662 -3.532332
 919.808687 -3.582310
 920.317713 -3.525121
 920.826738 -3.512688
 921.335763 -3.501933
 921.844789 -3.552909
 922.353814 -3.578148
 922.862839 -3.551689
 923.371864 -3.469895
 923.880890 -3.533349
 924.389915 -3.586787
 924.898940 -3.516036
 925.407966 -3.547869
 925.916991 -3.634910
 926.426016 -3.479008
 926.935041 -3.442915
 927.444067 -3.507158
 927.953092 -3.594629
 928.462117 -3.509460
 928.971142 -3.513466
 929.480168 -3.530244
 929.989193 -3.546854
 930.498218 -3.514628
 931.007244 -3.506781
 931.516269 -3.565667
 932.025294 -3.543894
 932.534319 -3.468812
 933.043345 -3.526099
 933.552370 -3.562038
 934.061395 -3.522789
 934.570421 -3.513039
 935.079446 -3.544082
 935.588471 -3.597349
 936.097496 -3.520163
 936.606522 -3.491474
 937.115547 -3.501703
 937.624572 -3.542714
 938.133598 -3.538890
 938.642623 -3.500727
 939.151648 -3.515053
 939.660673 -3.529051
 940.169699 -3.538723
 940.678724 -3.532885
 941.187749 -3.543142
 941.696775 -3.526851
 942.205800 -3.540805
 942.714825 -3.533270
 943.223850 -3.568896
 943.732876 -3.547898
 944.241901 -3.537264
 944.750926 -3.482925
 945.259952 -3.509217
 945.768977 -3.547242
 946.278002 -3.532811
 946.787027 -3.562498
 947.296053 -3.529483
 947.805078 -3.511703
 948.314103 -3.571897
 948.823129 -3.561593
 949.332154 -3.507334
 949.841179 -3.502034
 950.350204 -3.565142
 950.859230 -3.601260
 951.368255 -3.538264
 951.877280 -3.502051
 952.386306 -3.492717
 952.895331 -3.567706
 953.404356 -3.559823
 953.913381 -3.460804
 954.422407 -3.503301
 954.931432 -3.524220
 955.440457 -3.537006
 955.949483 -3.596230
 956.458508 -3.445691
 956.967533 -3.482506
 957.476558 -3.500097
 957.985584 -3.560822
 958.494609 -3.547243
 959.003634 -3.489838
 959.512660 -3.499125
 960.021685 -3.524239
 960.530710 -3.586387
 961.039735 -3.563273
 961.548761 -3.541192
 962.057786 -3.520340
 962.566811 -3.499947
 963.075836 -3.498937
 963.584862 -3.493992
 964.093887 -3.538541
 964.602912 -3.547218
 965.111938 -3.481309
 965.620963 -3.484205
 966.129988 -3.571785
 966.639013 -3.529577
 967.148039 -3.506101
 967.657064 -3.506421
 968.166089 -3.561424
 968.675115 -3.560378
 969.184140 -3.469536
 969.693165 -3.443309
 970.202190 -3.554405
 970.711216 -3.555388
 971.220241 -3.529532
 971.729266 -3.537350
 972.238292 -3.526052
 972.747317 -3.504721
 973.256342 -3.551273
 973.765367 -3.592750
 974.274393 -3.556786
 974.783418 -3.522306
 975.292443 -3.484410
 975.801469 -3.551881
 976.310494 -3.534222
 976.819519 -3.532290
 977.328544 -3.556546
 977.837570 -3.557594
 978.346595 -3.484808
 978.855620 -3.492385
 979.364646 -3.549294
 979.873671 -3.548434
 980.382696 -3.500107
 980.891721 -3.548812
 981.400747 -3.549556
 981.909772 -3.461693
 982.418797 -3.548378
 982.927823 -3.573675
 983.436848 -3.501838
 983.945873 -3.491866
 984.454898 -3.549632
 984.963924 -3.552571
 985.472949 -3.494886
 985.981974 -3.485951
 986.491000 -3.542684
 987.000025 -3.516442
 987.509050 -3.463099
 988.018075 -3.483862
 988.527101 -3.561643
 989.036126 -3.534758
 989.545151 -3.475663
 990.054177 -3.509248
 990.563202 -3.540626
 991.072227 -3.563938
 991.581252 -3.541292
 992.090278 -3.482294
 992.599303 -3.511363
 993.108328 -3.511194
 993.617354 -3.542853
 994.126379 -3.505484
 994.635404 -3.528425
 995.144429 -3.516251
 995.653455 -3.521579
 996.162480 -3.591124
 996.671505 -3.578686
 997.180530 -3.519874
 997.689556 -3.513158
 998.198581 -3.524902
 998.707606 -3.562731
 999.216632 -3.531795
 999.725657 -3.441513
 1000.234682 -3.490695
 1000.743707 -3.572525
 1001.252733 -3.571079
 1001.761758 -3.503553
 1002.270783 -3.487560
 1002.779809 -3.596752
 1003.288834 -3.597477
 1003.797859 -3.510139
 1004.306884 -3.474803
 1004.815910 -3.580845
 1005.324935 -3.578776
 1005.833960 -3.520019
 1006.342986 -3.511592
 1006.852011 -3.490796
 1007.361036 -3.562235
 1007.870061 -3.547866
 1008.379087 -3.518746
 1008.888112 -3.545293
 1009.397137 -3.495746
 1009.906163 -3.508303
 1010.415188 -3.561398
 1010.924213 -3.533938
 1011.433238 -3.508720
 1011.942264 -3.519092
 1012.451289 -3.538885
 1012.960314 -3.556518
 1013.469340 -3.532538
 1013.978365 -3.541678
 1014.487390 -3.525544
 1014.996415 -3.506637
 1015.505441 -3.538250
 1016.014466 -3.500440
 1016.523491 -3.542920
 1017.032517 -3.508077
 1017.541542 -3.520394
 1018.050567 -3.522057
