#! FIELDS time cv
 0.000000 -0.982344
 0.509025 -1.010483
 1.018051 -1.073186
 1.527076 -1.100930
 2.036101 -0.998950
 2.545126 -1.060899
 3.054152 -1.132189
 3.563177 -1.050889
 4.072202 -1.013075
 4.581228 -1.027550
 5.090253 -1.062760
 5.599278 -1.031316
 6.108303 -1.013181
 6.617329 -1.093773
 7.126354 -0.999002
 7.635379 -1.010531
 8.144405 -1.050433
 8.653430 -1.075275
 9.162455 -1.047317
 9.671480 -1.062967
 10.180506 -1.024250
 10.689531 -1.013000
 11.198556 -1.009106
 11.707582 -1.009355
 12.216607 -1.078151
 12.725632 -1.056572
 13.234657 -1.020405
 13.743683 -1.008199
 14.252708 -1.066624
 14.761733 -1.031186
 15.270759 -1.039917
 15.779784 -1.029166
 16.288809 -1.007313
 16.797834 -1.059095
 17.306860 -1.048776
 17.815885 -1.048066
 18.324910 -1.072974
 18.833935 -1.037021
 19.342961 -1.035106
 19.851986 -1.084729
 20.361011 -1.007728
 20.870037 -1.032067
 21.379062 -1.070064
 21.888087 -1.029911
 22.397112 -1.068760
 22.906138 -1.096080
 23.415163 -1.031782
 23.924188 -1.005087
 24.433214 -0.972435
 24.942239 -1.017289
 25.451264 -1.090492
 25.960289 -1.019284
 26.469315 -1.084317
 26.978340 -1.016783
 27.487365 -1.049063
 27.996391 -1.024943
 28.505416 -1.012052
 29.014441 -1.062361
 29.523466 -1.042240
 30.032492 -1.054858
 30.541517 -1.018538
 31.050542 -1.039573
 31.559568 -1.056156
 32.068593 -1.049478
 32.577618 -1.050355
 33.086643 -1.039402
 33.595669 -1.078566
 34.104694 -1.043519
 34.613719 -1.060788
 35.122745 -1.004292
 35.631770 -1.059298
 36.140795 -1.023854
 36.649820 -1.054438
 37.158846 -1.073686
 37.667871 -1.016058
 38.176896 -1.020752
 38.685922 -1.065552
 39.194947 -1.032521
 39.703972 -1.021958
 40.212997 -0.983935
 40.722023 -1.060980
 41.231048 -1.079974
 41.740073 -1.009226
 42.249099 -0.994812
 42.758124 -1.047798
 43.267149 -1.084628
 43.776174 -1.045113
 44.285200 -0.988042
 44.794225 -1.018728
 45.303250 -1.091769
 45.812276 -1.033733
 46.321301 -0.986295
 46.830326 -0.985920
 47.339351 -1.055507
 47.848377 -1.071281
 48.357402 -1.091396
 48.866427 -1.031422
 49.375453 -1.023772
 49.884478 -1.080399
 50.393503 -1.010233
 50.902528 -1.065779
 51.411554 -1.074160
 51.920579 -1.034783
 52.429604 -1.021806
 52.938629 -1.019634
 53.447655 -1.041026
 53.956680 -1.059481
 54.465705 -1.007981
 54.974731 -1.062265
 55.483756 -1.018905
 55.992781 -1.052425
 56.501806 -1.019750
 57.010832 -1.055307
 57.519857 -1.027948
 58.028882 -1.025918
 58.537908 -1.081377
 59.046933 -1.089477
 59.555958 -1.073586
 60.064983 -0.985265
 60.574009 -0.993252
 61.083034 -1.055936
 61.592059 -1.073340
 62.101085 -0.997463
 62.610110 -0.980437
 63.119135 -0.993381
 63.628160 -1.106580
 64.137186 -1.045283
 64.646211 -1.100510
 65.155236 -1.062643
 65.664262 -1.051461
 66.173287 -1.068150
 66.682312 -1.059490
 67.191337 -1.035959
 67.700363 -1.019404
 68.209388 -1.039519
 68.718413 -1.037900
 69.227439 -1.057492
 69.736464 -1.071212
 70.245489 -1.028038
 70.754514 -1.063997
 71.263540 -1.039432
 71.772565 -1.049042
 72.281590 -1.053818
 72.790616 -1.079191
 73.299641 -1.073893
 73.808666 -1.082086
 74.317691 -1.020237
 74.826717 -1.001210
 75.335742 -1.065727
 75.844767 -0.971975
 76.353793 -0.970224
 76.862818 -1.053922
 77.371843 -1.100820
 77.880868 -1.049121
 78.389894 -1.035509
 78.898919 -1.043633
 79.407944 -1.086881
 79.916970 -0.993494
 80.425995 -0.988804
 80.935020 -1.044099
 81.444045 -1.099777
 81.953071 -1.040507
 82.462096 -1.029715
 82.971121 -1.075692
 83.480147 -1.056269
 83.989172 -1.027573
 84.498197 -0.999486
 85.007222 -0.998548
 85.516248 -1.081461
 86.025273 -1.071820
 86.534298 -1.059580
 87.043323 -1.019757
 87.552349 -1.064578
 88.061374 -1.011522
 88.570399 -1.044411
 89.079425 -1.068586
 89.588450 -1.081961
 90.097475 -1.048914
 90.606500 -0.977040
 91.115526 -1.029557
 91.624551 -1.056405
 92.133576 -1.055013
 92.642602 -1.042929
 93.151627 -1.024613
 93.660652 -1.020230
 94.169677 -1.034815
 94.678703 -1.071342
 95.187728 -1.091542
 95.696753 -1.081947
 96.205779 -1.030194
 96.714804 -1.078370
 97.223829 -1.071131
 97.732854 -1.029973
 98.241880 -0.979292
 98.750905 -1.038783
 99.259930 -1.094590
 99.768956 -1.033872
 100.277981 -1.060045
 100.787006 -1.075196
 101.296031 -1.039911
 101.805057 -1.058070
 102.314082 -1.095773
 102.823107 -1.027485
 103.332133 -1.026859
 103.841158 -1.018812
 104.350183 -1.018756
 104.859208 -1.078210
 105.368234 -1.031944
 105.877259 -1.059288
 106.386284 -1.006104
 106.895310 -1.028248
 107.404335 -1.019285
 107.913360 -0.968304
 108.422385 -1.039211
 108.931411 -1.045925
 109.440436 -1.029522
 109.949461 -1.070837
 110.458487 -1.064968
 110.967512 -1.052716
 111.476537 -1.031401
 111.985562 -1.042310
 112.494588 -1.043536
 113.003613 -1.065829
 113.512638 -1.018956
 114.021664 -1.033863
 114.530689 -1.045033
 115.039714 -1.023779
 115.548739 -1.077776
 116.057765 -1.113524
 116.566790 -1.028177
 117.075815 -1.026507
 117.584841 -1.096047
 118.093866 -1.060756
 118.602891 -0.985054
 119.111916 -1.025466
 119.620942 -1.003815
 120.129967 -1.051612
 120.638992 -1.050428
 121.148017 -1.068291
 121.657043 -1.033197
 122.166068 -0.986028
 122.675093 -1.061421
 123.184119 -1.083024
 123.693144 -1.033781
 124.202169 -1.046724
 124.711194 -0.987387
 125.220220 -0.981727
 125.729245 -1.059010
 126.238270 -1.089514
 126.747296 -1.100877
 127.256321 -0.982559
 127.765346 -0.980159
 128.274371 -1.111244
 128.783397 -1.121698
 129.292422 -0.987015
 129.801447 -1.029339
 130.310473 -1.057673
 130.819498 -1.078782
 131.328523 -1.026688
 131.837548 -1.006678
 132.346574 -1.022323
 132.855599 -1.070415
 133.364624 -1.033203
 133.873650 -1.036810
 134.382675 -1.040637
 134.891700 -1.007462
 135.400725 -1.010099
 135.909751 -1.029915
 136.418776 -1.065582
 136.927801 -1.057326
 137.436827 -1.037944
 137.945852 -1.096636
 138.454877 -1.096166
 138.963902 -1.021593
 139.472928 -1.007998
 139.981953 -1.008221
 140.490978 -1.081129
 141.000004 -1.055631
 141.509029 -0.990471
 142.018054 -1.034836
 142.527079 -1.051850
 143.036105 -1.037391
 143.545130 -1.016489
 144.054155 -1.093901
 144.563181 -1.028678
 145.072206 -1.055040
 145.581231 -1.008993
 146.090256 -1.026578
 146.599282 -1.044027
 147.108307 -1.018370
 147.617332 -1.029231
 148.126358 -1.056811
 148.635383 -1.040891
 149.144408 -1.025251
 149.653433 -1.090263
 150.162459 -1.099331
 150.671484 -1.073229
 151.180509 -1.026935
 151.689535 -1.025446
 152.198560 -1.018324
 152.707585 -1.070478
 153.216610 -1.049599
 153.725636 -1.024141
 154.234661 -0.992371
 154.743686 -1.081886
 155.252711 -1.080301
 155.761737 -1.037462
 156.270762 -0.996023
 156.779787 -1.060080
 157.288813 -1.064553
 157.797838 -1.013350
 158.306863 -1.140910
 158.815888 -1.048278
 159.324914 -1.086860
 159.833939 -1.095757
 160.342964 -1.064247
 160.851990 -1.010588
 161.361015 -0.987334
 161.870040 -1.024783
 162.379065 -1.079013
 162.888091 -1.066810
 163.397116 -1.054211
 163.906141 -1.054589
 164.415167 -1.096584
 164.924192 -1.006697
 165.433217 -1.071312
 165.942242 -1.049244
 166.451268 -1.034469
 166.960293 -1.043217
 167.469318 -1.031270
 167.978344 -1.058496
 168.487369 -1.077166
 168.996394 -1.085166
 169.505419 -1.078624
 170.014445 -1.049820
 170.523470 -0.975434
 171.032495 -1.026619
 171.541521 -1.045067
 172.050546 -1.019082
 172.559571 -1.034712
 173.068596 -1.091984
 173.577622 -1.030653
 174.086647 -1.013108
 174.595672 -1.042627
 175.104698 -1.016492
 175.613723 -1.062655
 176.122748 -1.093165
 176.631773 -1.042562
 177.140799 -1.047312
 177.649824 -1.040535
 178.158849 -1.045749
 178.667875 -1.034171
 179.176900 -1.042601
 179.685925 -0.999698
 180.194950 -1.018000
 180.703976 -1.060931
 181.213001 -1.051737
 181.722026 -1.056155
 182.231052 -1.037589
 182.740077 -1.075899
 183.249102 -1.034521
 183.758127 -0.946645
 184.267153 -1.077415
 184.776178 -1.031637
 185.285203 -0.997280
 185.794228 -1.088507
 186.303254 -1.043595
 186.812279 -1.077041
 187.321304 -1.073006
 187.830330 -0.996974
 188.339355 -0.979818
 188.848380 -1.073482
 189.357405 -1.082048
 189.866431 -1.047315
 190.375456 -1.007284
 190.884481 -1.030389
 191.393507 -1.052855
 191.902532 -1.009756
 192.411557 -1.014788
 192.920582 -1.014637
 193.429608 -1.030713
 193.938633 -1.035662
 194.447658 -1.001269
 194.956684 -1.109189
 195.465709 -1.123095
 195.974734 -1.030629
 196.483759 -0.980589
 196.992785 -1.091685
 197.501810 -1.072184
 198.010835 -1.043102
 198.519861 -0.993265
 199.028886 -0.997540
 199.537911 -1.052656
 200.046936 -1.075109
 200.555962 -1.036296
 201.064987 -0.977467
 201.574012 -1.044679
 202.083038 -1.103746
 202.592063 -1.024862
 203.101088 -1.040617
 203.610113 -1.060292
 204.119139 -1.047947
 204.628164 -1.086515
 205.137189 -1.054898
 205.646215 -1.068069
 206.155240 -1.027848
 206.664265 -0.990511
 207.173290 -1.007924
 207.682316 -1.081909
 208.191341 -1.051229
 208.700366 -1.056618
 209.209392 -1.058038
 209.718417 -1.007218
 210.227442 -1.008593
 210.736467 -1.086088
 211.245493 -0.947197
 211.754518 -1.036894
 212.263543 -1.021871
 212.772569 -0.993040
 213.281594 -1.041817
 213.790619 -1.037327
 214.299644 -1.058558
 214.808670 -1.068173
 215.317695 -0.987504
 215.826720 -1.088626
 216.335746 -0.996993
 216.844771 -1.095079
 217.353796 -1.091678
 217.862821 -1.049703
 218.371847 -1.035945
 218.880872 -0.998218
 219.389897 -1.045791
 219.898922 -1.022524
 220.407948 -1.071311
 220.916973 -1.007296
 221.425998 -1.050374
 221.935024 -1.020941
 222.444049 -1.033327
 222.953074 -1.052603
 223.462099 -1.064980
 223.971125 -1.101299
 224.480150 -1.093672
 224.989175 -1.042442
 225.498201 -1.072820
 226.007226 -1.040598
 226.516251 -1.062903
 227.025276 -1.017839
 227.534302 -1.019239
 228.043327 -1.062264
 228.552352 -1.068731
 229.061378 -1.074005
 229.570403 -1.041997
 230.079428 -0.999639
 230.588453 -0.986380
 231.097479 -1.010155
 231.606504 -1.091693
 232.115529 -1.021502
 232.624555 -1.005781
 233.133580 -1.004819
 233.642605 -1.044337
 234.151630 -1.100644
 234.660656 -1.092128
 235.169681 -1.000005
 235.678706 -1.045087
 236.187732 -1.000063
 236.696757 -1.029855
 237.205782 -1.046899
 237.714807 -1.013471
 238.223833 -0.953791
 238.732858 -1.067709
 239.241883 -1.001077
 239.750909 -0.972192
 240.259934 -1.045920
 240.768959 -1.068385
 241.277984 -1.091230
 241.787010 -1.042807
 242.296035 -1.025593
 242.805060 -0.968023
 243.314086 -1.029115
 243.823111 -1.058806
 244.332136 -1.051844
 244.841161 -1.041305
 245.350187 -1.046476
 245.859212 -1.047018
 246.368237 -1.044966
 246.877263 -0.996256
 247.386288 -1.019647
 247.895313 -1.113797
 248.404338 -1.084527
 248.913364 -1.015790
 249.422389 -1.003733
 249.931414 -1.021854
 250.440440 -1.099843
 250.949465 -1.016230
 251.458490 -0.962740
 251.967515 -1.029609
 252.476541 -1.013076
 252.985566 -1.057510
 253.494591 -1.044663
 254.003616 -1.044726
 254.512642 -1.005220
 255.021667 -1.051108
 255.530692 -1.022590
 256.039718 -1.057386
 256.548743 -1.066517
 257.057768 -1.038519
 257.566793 -1.109311
 258.075819 -0.996980
 258.584844 -1.030860
 259.093869 -1.024623
 259.602895 -1.033752
 260.111920 -1.001716
 260.620945 -1.059567
 261.129970 -1.010420
 261.638996 -1.019107
 262.148021 -1.085423
 262.657046 -1.049961
 263.166072 -1.015299
 263.675097 -1.029540
 264.184122 -0.994491
 264.693147 -1.054087
 265.202173 -1.033654
 265.711198 -1.025001
 266.220223 -1.052359
 266.729249 -1.047923
 267.238274 -1.085196
 267.747299 -1.061773
 268.256324 -1.039645
 268.765350 -1.033639
 269.274375 -1.069696
 269.783400 -1.058131
 270.292426 -1.008942
 270.801451 -1.077928
 271.310476 -1.037095
 271.819501 -1.016221
 272.328527 -1.046924
 272.837552 -1.068928
 273.346577 -1.058457
 273.855603 -1.040771
 274.364628 -1.047773
 274.873653 -1.077937
 275.382678 -1.093470
 275.891704 -1.025766
 276.400729 -1.008662
 276.909754 -1.035131
 277.418780 -1.064681
 277.927805 -1.059691
 278.436830 -1.057375
 278.945855 -1.085535
 279.454881 -1.070762
 279.963906 -1.066423
 280.472931 -1.034195
 280.981957 -1.028657
 281.490982 -1.009051
 282.000007 -1.049903
 282.509032 -1.012236
 283.018058 -1.037146
 283.527083 -1.074431
 284.036108 -1.026062
 284.545134 -1.005653
 285.054159 -1.018178
 285.563184 -1.033132
 286.072209 -1.064307
 286.581235 -1.051248
 287.090260 -0.971224
 287.599285 -1.015667
 288.108310 -1.050799
 288.617336 -1.075022
 289.126361 -1.065366
 289.635386 -0.953906
 290.144412 -1.023058
 290.653437 -1.085673
 291.162462 -1.114374
 291.671487 -1.087055
 292.180513 -1.012565
 292.689538 -0.995758
 293.198563 -1.112820
 293.707589 -0.998266
 294.216614 -1.024592
 294.725639 -1.062138
 295.234664 -1.025473
 295.743690 -1.034801
 296.252715 -1.019820
 296.761740 -1.015829
 297.270766 -1.047777
 297.779791 -1.024799
 298.288816 -1.023516
 298.797841 -1.029887
 299.306867 -1.080845
 299.815892 -1.043342
 300.324917 -1.040698
 300.833943 -1.036231
 301.342968 -1.047180
 301.851993 -1.039919
 302.361018 -1.084273
 302.870044 -1.100672
 303.379069 -1.021865
 303.888094 -0.985203
 304.397120 -1.051500
 304.906145 -1.052527
 305.415170 -1.053402
 305.924195 -1.023828
 306.433221 -0.987848
 306.942246 -1.028909
 307.451271 -1.041601
 307.960297 -1.057096
 308.469322 -1.072152
 308.978347 -0.990623
 309.487372 -1.024158
 309.996398 -1.103895
 310.505423 -0.998838
 311.014448 -1.011580
 311.523474 -1.035578
 312.032499 -1.052103
 312.541524 -1.051674
 313.050549 -1.038109
 313.559575 -1.072161
 314.068600 -1.003304
 314.577625 -1.039663
 315.086651 -1.024352
 315.595676 -1.069606
 316.104701 -1.110484
 316.613726 -1.079232
 317.122752 -1.046136
 317.631777 -1.004212
 318.140802 -1.025070
 318.649828 -1.028878
 319.158853 -1.047353
 319.667878 -0.983204
 320.176903 -1.038774
 320.685929 -1.050897
 321.194954 -1.006228
 321.703979 -0.971932
 322.213004 -1.088792
 322.722030 -1.092754
 323.231055 -1.087689
 323.740080 -1.024744
 324.249106 -0.993358
 324.758131 -1.068166
 325.267156 -1.044797
 325.776181 -1.017556
 326.285207 -0.972019
 326.794232 -1.008574
 327.303257 -1.090157
 327.812283 -1.027201
 328.321308 -1.044307
 328.830333 -1.113942
 329.339358 -1.052902
 329.848384 -1.068758
 330.357409 -1.075791
 330.866434 -1.016143
 331.375460 -1.060006
 331.884485 -1.000743
 332.393510 -1.032500
 332.902535 -1.059979
 333.411561 -1.068127
 333.920586 -1.034332
 334.429611 -1.039857
 334.938637 -1.003906
 335.447662 -1.093441
 335.956687 -1.082720
 336.465712 -1.042269
 336.974738 -0.983740
 337.483763 -0.985077
 337.992788 -1.073710
 338.501814 -1.106447
 339.010839 -1.006798
 339.519864 -1.050862
 340.028889 -0.946480
 340.537915 -1.032071
 341.046940 -1.112614
 341.555965 -1.152420
 342.064991 -1.075657
 342.574016 -0.946129
 343.083041 -1.026440
 343.592066 -1.106729
 344.101092 -1.031324
 344.610117 -1.010131
 345.119142 -1.031787
 345.628168 -0.992625
 346.137193 -1.042041
 346.646218 -1.006011
 347.155243 -1.006057
 347.664269 -1.006628
 348.173294 -1.118393
 348.682319 -1.042770
 349.191345 -0.962343
 349.700370 -1.021582
 350.209395 -1.083650
 350.718420 -1.011612
 351.227446 -1.022910
 351.736471 -1.021629
 352.245496 -1.052336
 352.754522 -1.085373
 353.263547 -1.064744
 353.772572 -1.047757
 354.281597 -0.989367
 354.790623 -1.036878
 355.299648 -1.077419
 355.808673 -1.100388
 356.317698 -1.053753
 356.826724 -1.054554
 357.335749 -1.006379
 357.844774 -1.100159
 358.353800 -1.050395
 358.862825 -0.986460
 359.371850 -1.002746
 359.880875 -1.005818
 360.389901 -1.052176
 360.898926 -1.062004
 361.407951 -1.100702
 361.916977 -1.054120
 362.426002 -1.031636
 362.935027 -1.018541
 363.444052 -1.044169
 363.953078 -1.028970
 364.462103 -1.050835
 364.971128 -1.080544
 365.480154 -0.986894
 365.989179 -1.028015
 366.498204 -1.001590
 367.007229 -1.038360
 367.516255 -1.055556
 368.025280 -1.094524
 368.534305 -1.045396
 369.043331 -1.033533
 369.552356 -1.065636
 370.061381 -1.075283
 370.570406 -1.012551
 371.079432 -1.057840
 371.588457 -1.108414
 372.097482 -0.988065
 372.606508 -0.969160
 373.115533 -1.041205
 373.624558 -1.118806
 374.133583 -1.056718
 374.642609 -1.058655
 375.151634 -1.033011
 375.660659 -1.008076
 376.169685 -1.063254
 376.678710 -0.989367
 377.187735 -1.044890
 377.696760 -1.047337
 378.205786 -1.055651
 378.714811 -1.082161
 379.223836 -1.052954
 379.732862 -1.022739
 380.241887 -1.003283
 380.750912 -1.015117
 381.259937 -1.004853
 381.768963 -1.009667
 382.277988 -1.040840
 382.787013 -1.106837
 383.296039 -1.049817
 383.805064 -1.050967
 384.314089 -0.966385
 384.823114 -0.988530
 385.332140 -1.051395
 385.841165 -1.078988
 386.350190 -1.030697
 386.859216 -1.060779
 387.368241 -1.037038
 387.877266 -1.058670
 388.386291 -1.025536
 388.895317 -1.041983
 389.404342 -1.040076
 389.913367 -1.036534
 390.422392 -1.065454
 390.931418 -1.043801
 391.440443 -1.043323
 391.949468 -1.004545
 392.458494 -0.991845
 392.967519 -1.055072
 393.476544 -1.006661
 393.985569 -0.934382
 394.494595 -1.036225
 395.003620 -1.040124
 395.512645 -1.032182
 396.021671 -1.067951
 396.530696 -1.050721
 397.039721 -1.021473
 397.548746 -1.086235
 398.057772 -1.051642
 398.566797 -1.059593
 399.075822 -1.080199
 399.584848 -1.022444
 400.093873 -1.004272
 400.602898 -1.035960
 401.111923 -1.015074
 401.620949 -1.095872
 402.129974 -1.080805
 402.638999 -0.965590
 403.148025 -1.063761
 403.657050 -1.088890
 404.166075 -1.010502
 404.675100 -0.977636
 405.184126 -1.034564
 405.693151 -1.109497
 406.202176 -1.065103
 406.711202 -1.025052
 407.220227 -0.992857
 407.729252 -1.051312
 408.238277 -1.109167
 408.747303 -1.061444
 409.256328 -0.986282
 409.765353 -0.983573
 410.274379 -1.039311
 410.783404 -1.034221
 411.292429 -1.037052
 411.801454 -1.049724
 412.310480 -1.024679
 412.819505 -1.024838
 413.328530 -1.040728
 413.837556 -1.049505
 414.346581 -1.110248
 414.855606 -1.019302
 415.364631 -0.949149
 415.873657 -1.064533
 416.382682 -1.055404
 416.891707 -1.057458
 417.400733 -1.006902
 417.909758 -1.055285
 418.418783 -1.033278
 418.927808 -0.981686
 419.436834 -0.999735
 419.945859 -1.056899
 420.454884 -1.025460
 420.963910 -1.022366
 421.472935 -1.094324
 421.981960 -1.021325
 422.490985 -0.980687
 423.000011 -1.068441
 423.509036 -1.028769
 424.018061 -1.051475
 424.527086 -1.061497
 425.036112 -1.081881
 425.545137 -1.047684
 426.054162 -0.992701
 426.563188 -1.072570
 427.072213 -1.054362
 427.581238 -1.013952
 428.090263 -0.984664
 428.599289 -1.029272
 429.108314 -1.093212
 429.617339 -1.030822
 430.126365 -1.050856
 430.635390 -1.066224
 431.144415 -0.985093
 431.653440 -1.029546
 432.162466 -0.976734
 432.671491 -0.988474
 433.180516 -0.975340
 433.689542 -1.093709
 434.198567 -1.019864
 434.707592 -0.978646
 435.216617 -1.065947
 435.725643 -1.099703
 436.234668 -1.050321
 436.743693 -0.984342
 437.252719 -0.989271
 437.761744 -1.076708
 438.270769 -1.064925
 438.779794 -1.059732
 439.288820 -0.999678
 439.797845 -1.053874
 440.306870 -1.041806
 440.815896 -1.051721
 441.324921 -0.998630
 441.833946 -1.033647
 442.342971 -1.108138
 442.851997 -1.066757
 443.361022 -1.009612
 443.870047 -1.020712
 444.379073 -1.119346
 444.888098 -1.104163
 445.397123 -1.035569
 445.906148 -1.032447
 446.415174 -1.050246
 446.924199 -1.053195
 447.433224 -1.030581
 447.942250 -1.087068
 448.451275 -1.027847
 448.960300 -1.048080
 449.469325 -1.078261
 449.978351 -1.045587
 450.487376 -1.014888
 450.996401 -1.065117
 451.505427 -1.028535
 452.014452 -0.973437
 452.523477 -1.048004
 453.032502 -1.060185
 453.541528 -1.030777
 454.050553 -1.023531
 454.559578 -1.042218
 455.068604 -0.976800
 455.577629 -1.080651
 456.086654 -1.072632
 456.595679 -1.024285
 457.104705 -1.007932
 457.613730 -1.020864
 458.122755 -1.065670
 458.631780 -1.040253
 459.140806 -1.005172
 459.649831 -1.051075
 460.158856 -1.015129
 460.667882 -1.019373
 461.176907 -1.008994
 461.685932 -0.983393
 462.194957 -1.032956
 462.703983 -1.090679
 463.213008 -1.087322
 463.722033 -1.073341
 464.231059 -1.026567
 464.740084 -1.031646
 465.249109 -0.980329
 465.758134 -1.036486
 466.267160 -1.045831
 466.776185 -1.005829
 467.285210 -1.118450
 467.794236 -1.048995
 468.303261 -1.003390
 468.812286 -1.034765
 469.321311 -1.086845
 469.830337 -1.065198
 470.339362 -1.031254
 470.848387 -1.073524
 471.357413 -0.969133
 471.866438 -1.035751
 472.375463 -1.013986
 472.884488 -1.024028
 473.393514 -1.046005
 473.902539 -1.033601
 474.411564 -0.988245
 474.920590 -1.086873
 475.429615 -1.045730
 475.938640 -1.057722
 476.447665 -1.073361
 476.956691 -1.032519
 477.465716 -1.031162
 477.974741 -1.010395
 478.483767 -1.009574
 478.992792 -1.035572
 479.501817 -1.104332
 480.010842 -1.008910
 480.519868 -0.997936
 481.028893 -1.053715
 481.537918 -1.022912
 482.046944 -1.049109
 482.555969 -1.019879
 483.064994 -1.084741
 483.574019 -1.094438
 484.083045 -1.056120
 484.592070 -1.112932
 485.101095 -1.050871
 485.610121 -0.954910
 486.119146 -1.043523
 486.628171 -1.086035
 487.137196 -1.080583
 487.646222 -0.970049
 488.155247 -1.000556
 488.664272 -1.076525
 489.173297 -1.072610
 489.682323 -0.980306
 490.191348 -0.996042
 490.700373 -1.057274
 491.209399 -1.045001
 491.718424 -0.992398
 492.227449 -1.070180
 492.736474 -1.017891
 493.245500 -1.083420
 493.754525 -1.073121
 494.263550 -1.081258
 494.772576 -1.060300
 495.281601 -1.011100
 495.790626 -1.008129
 496.299651 -1.064897
 496.808677 -1.137612
 497.317702 -1.104553
 497.826727 -0.997771
 498.335753 -0.995219
 498.844778 -1.038696
 499.353803 -1.087448
 499.862828 -1.008197
 500.371854 -1.057459
 500.880879 -1.047396
 501.389904 -1.058340
 501.898930 -1.009372
 502.407955 -1.026941
 502.916980 -1.018425
 503.426005 -1.001799
 503.935031 -1.018290
 504.444056 -1.001791
 504.953081 -1.005326
 505.462107 -1.063543
 505.971132 -1.078173
 506.480157 -1.033157
 506.989182 -1.032052
 507.498208 -1.052857
 508.007233 -1.039118
 508.516258 -1.055265
 509.025284 -1.037476
 509.534309 -1.001249
 510.043334 -1.023483
 510.552359 -1.054799
 511.061385 -0.997336
 511.570410 -0.998459
 512.079435 -1.011949
 512.588461 -1.074469
 513.097486 -1.035432
 513.606511 -1.028208
 514.115536 -0.974839
 514.624562 -1.010051
 515.133587 -1.126236
 515.642612 -0.999229
 516.151638 -1.022231
 516.660663 -1.057596
 517.169688 -1.154997
 517.678713 -0.980217
 518.187739 -0.991759
 518.696764 -0.972193
 519.205789 -1.081647
 519.714815 -0.933433
 520.223840 -1.034708
 520.732865 -1.111246
 521.241890 -1.106689
 521.750916 -1.027987
 522.259941 -0.991564
 522.768966 -1.015023
 523.277991 -1.051672
 523.787017 -1.038387
 524.296042 -1.056434
 524.805067 -1.022946
 525.314093 -1.054299
 525.823118 -1.047783
 526.332143 -1.067360
 526.841168 -0.966597
 527.350194 -1.052209
 527.859219 -1.097615
 528.368244 -1.000863
 528.877270 -1.017563
 529.386295 -1.071166
 529.895320 -1.065969
 530.404345 -1.056433
 530.913371 -1.080695
 531.422396 -1.017212
 531.931421 -1.013584
 532.440447 -1.055892
 532.949472 -0.992082
 533.458497 -1.020380
 533.967522 -1.070209
 534.476548 -1.051744
 534.985573 -1.039751
 535.494598 -1.036208
 536.003624 -1.000152
 536.512649 -1.034250
 537.021674 -1.054257
 537.530699 -1.010987
 538.039725 -1.025348
 538.548750 -1.049040
 539.057775 -1.094531
 539.566801 -1.047539
 540.075826 -1.052707
 540.584851 -0.982908
 541.093876 -1.005768
 541.602902 -1.060183
 542.111927 -1.043473
 542.620952 -0.989200
 543.129978 -1.032729
 543.639003 -1.080809
 544.148028 -1.061022
 544.657053 -1.052162
 545.166079 -1.068188
 545.675104 -1.057861
 546.184129 -1.010913
 546.693155 -1.042685
 547.202180 -1.034506
 547.711205 -1.109765
 548.220230 -1.027400
 548.729256 -1.048136
 549.238281 -1.040084
 549.747306 -1.044628
 550.256332 -1.006786
 550.765357 -1.033808
 551.274382 -1.100976
 551.783407 -1.066990
 552.292433 -1.016599
 552.801458 -1.048713
 553.310483 -1.038587
 553.819509 -0.999441
 554.328534 -1.081467
 554.837559 -1.071136
 555.346584 -1.068159
 555.855610 -1.070851
 556.364635 -1.008385
 556.873660 -1.037195
 557.382685 -1.066474
 557.891711 -1.023396
 558.400736 -1.010928
 558.909761 -1.042591
 559.418787 -1.109779
 559.927812 -1.076831
 560.436837 -0.964440
 560.945862 -0.984562
 561.454888 -1.023859
 561.963913 -1.080964
 562.472938 -1.069884
 562.981964 -1.040386
 563.490989 -1.031308
 564.000014 -1.057244
 564.509039 -0.989883
 565.018065 -1.039505
 565.527090 -1.089820
 566.036115 -1.064880
 566.545141 -1.046575
 567.054166 -1.051509
 567.563191 -1.019784
 568.072216 -1.063691
 568.581242 -1.044249
 569.090267 -1.057472
 569.599292 -1.008487
 570.108318 -1.058418
 570.617343 -1.050918
 571.126368 -1.033683
 571.635393 -1.054258
 572.144419 -1.099636
 572.653444 -1.101702
 573.162469 -0.998833
 573.671495 -0.991501
 574.180520 -1.048360
 574.689545 -1.023424
 575.198570 -1.049080
 575.707596 -1.062846
 576.216621 -1.056405
 576.725646 -1.033702
 577.234672 -1.011609
 577.743697 -1.073802
 578.252722 -1.018861
 578.761747 -0.974776
 579.270773 -1.043897
 579.779798 -1.051140
 580.288823 -1.012991
 580.797849 -1.032481
 581.306874 -1.010234
 581.815899 -0.953635
 582.324924 -1.023200
 582.833950 -1.048334
 583.342975 -1.017436
 583.852000 -1.005320
 584.361026 -1.114455
 584.870051 -1.028005
 585.379076 -1.007392
 585.888101 -1.010272
 586.397127 -1.068455
 586.906152 -1.048098
 587.415177 -1.075773
 587.924203 -1.101003
 588.433228 -1.038416
 588.942253 -1.081053
 589.451278 -1.050499
 589.960304 -1.087594
 590.469329 -0.994442
 590.978354 -0.994753
 591.487379 -1.003063
 591.996405 -1.046345
 592.505430 -1.077777
 593.014455 -1.036142
 593.523481 -0.989123
 594.032506 -1.035516
 594.541531 -1.019036
 595.050556 -1.009372
 595.559582 -1.000688
 596.068607 -1.024970
 596.577632 -1.089947
 597.086658 -1.035597
 597.595683 -1.005405
 598.104708 -1.063749
 598.613733 -1.036661
 599.122759 -1.024331
 599.631784 -0.995681
 600.140809 -1.039340
 600.649835 -1.071139
 601.158860 -1.074352
 601.667885 -1.030069
 602.176910 -1.009196
 602.685936 -0.991400
 603.194961 -1.059882
 603.703986 -1.089546
 604.213012 -1.036485
 604.722037 -1.046623
 605.231062 -1.050692
 605.740087 -0.994177
 606.249113 -0.988195
 606.758138 -1.051924
 607.267163 -1.025851
 607.776189 -1.023904
 608.285214 -0.990794
 608.794239 -1.005374
 609.303264 -1.084965
 609.812290 -1.044420
 610.321315 -1.072064
 610.830340 -1.050867
 611.339366 -1.041335
 611.848391 -1.079722
 612.357416 -1.056574
 612.866441 -1.018999
 613.375467 -0.993990
 613.884492 -1.043412
 614.393517 -1.026213
 614.902543 -1.016389
 615.411568 -1.051457
 615.920593 -1.123559
 616.429618 -1.069532
 616.938644 -0.982797
 617.447669 -1.004982
 617.956694 -1.078840
 618.465720 -1.064668
 618.974745 -1.070071
 619.483770 -1.090179
 619.992795 -1.059966
 620.501821 -1.015244
 621.010846 -1.014426
 621.519871 -1.057128
 622.028897 -1.058518
 622.537922 -1.052161
 623.046947 -1.058016
 623.555972 -1.016561
 624.064998 -1.009055
 624.574023 -1.037829
 625.083048 -1.051767
 625.592073 -1.038750
 626.101099 -1.024819
 626.610124 -1.129898
 627.119149 -1.062909
 627.628175 -1.022607
 628.137200 -1.014858
 628.646225 -1.073775
 629.155250 -1.077082
 629.664276 -1.084084
 630.173301 -1.060633
 630.682326 -0.974563
 631.191352 -0.977446
 631.700377 -1.011047
 632.209402 -1.106524
 632.718427 -1.104476
 633.227453 -1.059411
 633.736478 -1.022966
 634.245503 -1.038448
 634.754529 -1.049485
 635.263554 -1.074917
 635.772579 -1.039841
 636.281604 -1.007604
 636.790630 -1.032808
 637.299655 -1.018357
 637.808680 -1.044655
 638.317706 -1.093930
 638.826731 -1.024873
 639.335756 -1.046247
 639.844781 -1.045577
 640.353807 -1.018574
 640.862832 -1.067820
 641.371857 -1.061233
 641.880883 -1.056922
 642.389908 -1.022632
 642.898933 -1.032034
 643.407958 -1.037912
 643.916984 -1.079856
 644.426009 -1.064899
 644.935034 -1.055235
 645.444060 -1.051182
 645.953085 -1.039742
 646.462110 -1.071614
 646.971135 -1.003620
 647.480161 -0.994832
 647.989186 -1.049397
 648.498211 -1.063362
 649.007237 -1.094098
 649.516262 -1.119739
 650.025287 -0.997988
 650.534312 -1.016927
 651.043338 -1.074132
 651.552363 -1.124330
 652.061388 -1.043160
 652.570414 -0.925643
 653.079439 -1.069171
 653.588464 -1.082236
 654.097489 -1.057436
 654.606515 -1.001647
 655.115540 -1.037355
 655.624565 -1.035560
 656.133591 -1.026064
 656.642616 -1.015326
 657.151641 -1.032615
 657.660666 -1.082968
 658.169692 -1.070646
 658.678717 -1.039354
 659.187742 -0.994989
 659.696767 -0.990515
 660.205793 -1.094966
 660.714818 -1.034640
 661.223843 -1.035325
 661.732869 -1.074264
 662.241894 -0.968187
 662.750919 -0.975242
 663.259944 -1.050036
 663.768970 -1.078800
 664.277995 -1.102116
 664.787020 -1.033126
 665.296046 -1.014223
 665.805071 -0.986244
 666.314096 -1.045140
 666.823121 -1.122337
 667.332147 -1.056472
 667.841172 -1.023700
 668.350197 -1.058013
 668.859223 -1.040940
 669.368248 -1.001102
 669.877273 -1.034448
 670.386298 -1.102458
 670.895324 -1.066077
 671.404349 -1.052548
 671.913374 -1.042476
 672.422400 -1.051220
 672.931425 -1.045312
 673.440450 -1.079089
 673.949475 -1.013872
 674.458501 -1.068628
 674.967526 -1.021163
 675.476551 -1.011684
 675.985577 -1.054709
 676.494602 -1.007261
 677.003627 -1.011597
 677.512652 -1.032496
 678.021678 -1.095103
 678.530703 -1.119304
 679.039728 -0.993748
 679.548754 -0.964343
 680.057779 -1.070112
 680.566804 -1.051008
 681.075829 -1.012848
 681.584855 -1.074106
 682.093880 -1.080248
 682.602905 -1.093598
 683.111931 -1.048159
 683.620956 -1.016698
 684.129981 -0.973799
 684.639006 -1.035581
 685.148032 -1.033941
 685.657057 -1.048076
 686.166082 -1.095545
 686.675108 -1.036531
 687.184133 -1.009195
 687.693158 -1.014155
 688.202183 -1.054966
 688.711209 -1.054080
 689.220234 -1.014948
 689.729259 -1.019483
 690.238285 -1.077257
 690.747310 -1.098117
 691.256335 -1.044444
 691.765360 -1.032552
 692.274386 -1.052881
 692.783411 -1.019573
 693.292436 -1.011306
 693.801461 -1.041503
 694.310487 -1.062298
 694.819512 -1.095657
 695.328537 -1.074991
 695.837563 -1.045133
 696.346588 -1.015352
 696.855613 -1.047106
 697.364638 -1.090249
 697.873664 -1.070284
 698.382689 -0.981199
 698.891714 -1.048304
 699.400740 -1.063077
 699.909765 -1.023327
 700.418790 -1.013688
 700.927815 -1.046064
 701.436841 -1.061691
 701.945866 -1.070568
 702.454891 -1.039182
 702.963917 -1.058610
 703.472942 -1.035624
 703.981967 -1.057627
 704.490992 -1.031955
 705.000018 -1.030430
 705.509043 -1.113825
 706.018068 -1.100648
 706.527094 -1.003226
 707.036119 -1.031939
 707.545144 -1.035587
 708.054169 -1.039934
 708.563195 -1.029957
 709.072220 -1.017693
 709.581245 -1.042689
 710.090271 -1.062252
 710.599296 -1.047934
 711.108321 -1.025512
 711.617346 -1.052841
 712.126372 -1.078167
 712.635397 -1.037805
 713.144422 -0.996157
 713.653448 -1.014243
 714.162473 -1.035054
 714.671498 -1.019846
 715.180523 -1.005931
 715.689549 -0.955895
 716.198574 -1.015581
 716.707599 -1.044773
 717.216625 -1.081347
 717.725650 -1.081953
 718.234675 -1.033240
 718.743700 -1.010735
 719.252726 -1.065438
 719.761751 -1.089607
 720.270776 -1.049631
 720.779802 -1.049599
 721.288827 -1.040723
 721.797852 -1.072152
 722.306877 -1.003805
 722.815903 -1.099766
 723.324928 -1.091209
 723.833953 -0.997223
 724.342979 -1.014169
 724.852004 -1.000737
 725.361029 -1.035882
 725.870054 -1.055835
 726.379080 -1.042996
 726.888105 -1.098981
 727.397130 -1.013605
 727.906155 -1.004584
 728.415181 -1.018255
 728.924206 -1.081105
 729.433231 -1.007357
 729.942257 -1.031724
 730.451282 -1.053945
 730.960307 -1.085117
 731.469332 -1.077079
 731.978358 -1.057049
 732.487383 -0.992152
 732.996408 -1.040646
 733.505434 -1.067571
 734.014459 -1.051813
 734.523484 -1.024433
 735.032509 -1.053125
 735.541535 -1.042974
 736.050560 -1.017245
 736.559585 -1.020055
 737.068611 -1.048762
 737.577636 -1.045653
 738.086661 -1.069267
 738.595686 -1.042614
 739.104712 -1.004402
 739.613737 -1.029057
 740.122762 -1.096501
 740.631788 -1.068008
 741.140813 -1.035011
 741.649838 -1.018595
 742.158863 -1.032784
 742.667889 -1.076356
 743.176914 -1.066116
 743.685939 -1.009760
 744.194965 -1.031150
 744.703990 -1.028672
 745.213015 -1.015355
 745.722040 -1.026233
 746.231066 -1.026418
 746.740091 -1.044643
 747.249116 -1.025641
 747.758142 -1.013256
 748.267167 -1.012766
 748.776192 -1.019596
 749.285217 -1.071845
 749.794243 -0.969161
 750.303268 -1.031985
 750.812293 -1.065194
 751.321319 -1.052943
 751.830344 -1.005827
 752.339369 -1.000137
 752.848394 -0.989052
 753.357420 -1.102579
 753.866445 -1.077930
 754.375470 -1.025598
 754.884496 -1.052421
 755.393521 -1.039061
 755.902546 -1.134053
 756.411571 -1.083950
 756.920597 -0.987483
 757.429622 -0.991794
 757.938647 -1.083673
 758.447673 -1.056675
 758.956698 -1.019820
 759.465723 -1.023470
 759.974748 -1.022568
 760.483774 -1.082748
 760.992799 -1.053122
 761.501824 -1.006069
 762.010849 -1.035214
 762.519875 -1.005223
 763.028900 -1.075320
 763.537925 -1.089071
 764.046951 -1.001768
 764.555976 -1.027778
 765.065001 -1.033253
 765.574026 -1.049441
 766.083052 -1.018907
 766.592077 -1.078619
 767.101102 -1.018096
 767.610128 -1.071987
 768.119153 -1.071846
 768.628178 -1.046230
 769.137203 -1.036018
 769.646229 -0.947269
 770.155254 -1.017620
 770.664279 -1.086603
 771.173305 -1.050782
 771.682330 -1.010288
 772.191355 -1.049359
 772.700380 -1.110003
 773.209406 -1.002241
 773.718431 -1.013277
 774.227456 -1.068903
 774.736482 -1.050982
 775.245507 -0.988617
 775.754532 -1.045717
 776.263557 -1.052767
 776.772583 -1.037638
 777.281608 -1.055522
 777.790633 -1.075108
 778.299659 -1.029668
 778.808684 -1.018481
 779.317709 -1.064710
 779.826734 -1.077543
 780.335760 -1.073744
 780.844785 -1.006294
 781.353810 -1.068954
 781.862836 -1.014422
 782.371861 -0.967838
 782.880886 -1.037983
 783.389911 -1.030070
 783.898937 -1.068922
 784.407962 -0.994549
 784.916987 -1.012932
 785.426013 -1.055314
 785.935038 -1.038717
 786.444063 -1.049215
 786.953088 -1.029643
 787.462114 -1.097409
 787.971139 -1.056520
 788.480164 -1.068632
 788.989190 -1.056609
 789.498215 -1.029370
 790.007240 -1.024219
 790.516265 -0.981288
 791.025291 -1.083776
 791.534316 -1.092036
 792.043341 -1.029247
 792.552366 -1.021859
 793.061392 -0.972339
 793.570417 -1.073697
 794.079442 -1.058840
 794.588468 -1.057526
 795.097493 -1.090634
 795.606518 -1.080116
 796.115543 -0.973140
 796.624569 -1.067016
 797.133594 -1.101247
 797.642619 -1.059170
 798.151645 -0.971304
 798.660670 -0.954376
 799.169695 -1.004239
 799.678720 -1.114838
 800.187746 -0.987869
 800.696771 -1.080031
 801.205796 -0.993945
 801.714822 -1.059288
 802.223847 -1.067024
 802.732872 -1.136506
 803.241897 -1.054125
 803.750923 -1.061214
 804.259948 -1.095696
 804.768973 -1.069370
 805.277999 -1.008518
 805.787024 -1.026549
 806.296049 -1.061637
 806.805074 -1.080450
 807.314100 -1.015233
 807.823125 -0.984895
 808.332150 -1.061856
 808.841176 -1.083224
 809.350201 -1.060031
 809.859226 -1.013448
 810.368251 -0.944561
 810.877277 -1.074286
 811.386302 -1.044731
 811.895327 -1.035993
 812.404353 -1.058970
 812.913378 -1.012771
 813.422403 -1.033007
 813.931428 -1.013343
 814.440454 -1.055870
 814.949479 -1.075641
 815.458504 -0.992867
 815.967530 -1.043097
 816.476555 -1.088112
 816.985580 -1.032458
 817.494605 -1.022395
 818.003631 -1.007692
 818.512656 -1.078512
 819.021681 -1.042310
 819.530707 -1.038540
 820.039732 -1.071968
 820.548757 -0.988611
 821.057782 -1.003619
 821.566808 -1.090657
 822.075833 -1.134513
 822.584858 -1.047342
 823.093884 -0.969590
 823.602909 -1.032994
 824.111934 -1.094512
 824.620959 -1.071750
 825.129985 -1.032120
 825.639010 -1.012482
 826.148035 -1.107744
 826.657060 -1.090503
 827.166086 -1.018895
 827.675111 -0.957620
 828.184136 -1.043818
 828.693162 -1.053681
 829.202187 -1.060661
 829.711212 -1.026722
 830.220237 -1.031109
 830.729263 -0.992490
 831.238288 -1.059565
 831.747313 -1.082124
 832.256339 -1.062283
 832.765364 -1.040505
 833.274389 -1.021527
 833.783414 -1.042344
 834.292440 -1.055736
 834.801465 -1.067464
 835.310490 -1.041690
 835.819516 -1.000062
 836.328541 -0.986078
 836.837566 -1.041513
 837.346591 -1.106361
 837.855617 -1.068380
 838.364642 -1.027552
 838.873667 -1.063575
 839.382693 -1.113026
 839.891718 -1.018248
 840.400743 -0.959620
 840.909768 -1.000609
 841.418794 -1.060102
 841.927819 -1.057865
 842.436844 -1.065184
 842.945870 -1.075774
 843.454895 -1.034284
 843.963920 -1.020590
 844.472945 -1.016990
 844.981971 -1.014315
 845.490996 -1.054182
 846.000021 -1.015431
 846.509047 -1.075524
 847.018072 -1.094064
 847.527097 -1.065550
 848.036122 -0.977393
 848.545148 -0.965755
 849.054173 -1.080546
 849.563198 -1.073727
 850.072224 -1.011015
 850.581249 -1.045079
 851.090274 -1.029054
 851.599299 -1.019901
 852.108325 -1.060935
 852.617350 -1.087163
 853.126375 -1.042564
 853.635401 -1.035003
 854.144426 -1.049106
 854.653451 -1.084515
 855.162476 -1.041423
 855.671502 -1.010039
 856.180527 -0.929454
 856.689552 -1.018760
 857.198578 -1.060196
 857.707603 -1.075462
 858.216628 -1.094168
 858.725653 -1.122408
 859.234679 -1.013330
 859.743704 -1.057331
 860.252729 -0.995501
 860.761754 -1.055509
 861.270780 -0.979360
 861.779805 -1.011472
 862.288830 -1.095011
 862.797856 -1.104031
 863.306881 -1.089901
 863.815906 -0.986603
 864.324931 -1.002962
 864.833957 -1.100600
 865.342982 -1.061672
 865.852007 -0.953290
 866.361033 -1.058750
 866.870058 -1.113819
 867.379083 -0.988062
 867.888108 -0.998514
 868.397134 -1.015413
 868.906159 -1.102983
 869.415184 -1.057111
 869.924210 -1.038334
 870.433235 -1.046455
 870.942260 -1.058097
 871.451285 -0.978777
 871.960311 -1.060209
 872.469336 -1.012188
 872.978361 -1.016816
 873.487387 -1.038604
 873.996412 -1.062584
 874.505437 -1.093379
 875.014462 -1.017004
 875.523488 -1.057034
 876.032513 -1.046890
 876.541538 -1.049676
 877.050564 -1.031480
 877.559589 -1.035616
 878.068614 -0.993103
 878.577639 -1.066416
 879.086665 -1.061793
 879.595690 -1.039455
 880.104715 -0.962479
 880.613741 -1.025135
 881.122766 -1.039570
 881.631791 -1.063250
 882.140816 -1.020116
 882.649842 -1.022434
 883.158867 -1.048417
 883.667892 -1.072554
 884.176918 -1.032737
 884.685943 -0.934725
 885.194968 -1.023518
 885.703993 -1.070285
 886.213019 -0.999602
 886.722044 -1.017331
 887.231069 -0.979229
 887.740095 -1.034078
 888.249120 -1.070140
 888.758145 -1.137198
 889.267170 -1.001846
 889.776196 -0.940246
 890.285221 -1.007299
 890.794246 -1.092914
 891.303272 -1.082842
 891.812297 -1.045010
 892.321322 -0.986090
 892.830347 -1.083282
 893.339373 -1.033467
 893.848398 -0.975437
 894.357423 -1.013735
 894.866448 -1.042661
 895.375474 -1.091239
 895.884499 -1.054748
 896.393524 -1.003568
 896.902550 -0.961743
 897.411575 -1.037894
 897.920600 -1.081315
 898.429625 -1.078093
 898.938651 -1.036812
 899.447676 -1.054412
 899.956701 -1.041787
 900.465727 -1.036295
 900.974752 -1.025292
 901.483777 -1.060053
 901.992802 -1.109364
 902.501828 -1.065386
 903.010853 -1.043858
 903.519878 -1.057878
 904.028904 -1.042855
 904.537929 -1.018920
 905.046954 -0.985527
 905.555979 -1.008829
 906.065005 -1.069032
 906.574030 -1.097124
 907.083055 -1.039774
 907.592081 -1.024922
 908.101106 -1.057843
 908.610131 -1.084199
 909.119156 -1.053370
 909.628182 -1.080741
 910.137207 -1.052052
 910.646232 -0.989735
 911.155258 -1.084592
 911.664283 -1.027953
 912.173308 -1.045238
 912.682333 -1.042225
 913.191359 -0.991704
 913.700384 -1.044422
 914.209409 -1.058376
 914.718435 -1.051588
 915.227460 -1.006875
 915.736485 -1.021504
 916.245510 -1.078825
 916.754536 -1.096050
 917.263561 -0.978732
 917.772586 -1.041549
 918.281612 -0.976732
 918.790637 -0.998598
 919.299662 -1.036463
 919.808687 -1.078292
 920.317713 -0.995761
 920.826738 -1.080880
 921.335763 -0.987258
 921.844789 -1.029899
 922.353814 -1.056973
 922.862839 -1.042570
 923.371864 -1.060991
 923.880890 -1.028679
 924.389915 -1.073567
 924.898940 -1.065446
 925.407966 -1.061732
 925.916991 -1.093178
 926.426016 -1.002644
 926.935041 -1.041011
 927.444067 -1.045146
 927.953092 -1.061653
 928.462117 -1.015116
 928.971142 -1.025369
 929.480168 -0.996218
 929.989193 -1.070600
 930.498218 -1.007738
 931.007244 -0.975109
 931.516269 -1.019710
 932.025294 -1.090621
 932.534319 -1.068358
 933.043345 -1.023940
 933.552370 -1.012167
 934.061395 -1.096595
 934.570421 -1.034425
 935.079446 -1.006557
 935.588471 -1.049696
 936.097496 -1.115583
 936.606522 -1.083127
 937.115547 -1.029974
 937.624572 -1.016484
 938.133598 -1.069433
 938.642623 -1.023140
 939.151648 -1.060433
 939.660673 -1.019889
 940.169699 -1.010301
 940.678724 -1.007081
 941.187749 -1.054734
 941.696775 -1.089118
 942.205800 -0.989344
 942.714825 -1.008958
 943.223850 -1.068614
 943.732876 -1.009490
 944.241901 -1.035917
 944.750926 -0.998670
 945.259952 -1.080614
 945.768977 -1.031721
 946.278002 -1.021491
 946.787027 -1.063275
 947.296053 -1.022318
 947.805078 -1.088407
 948.314103 -1.019525
 948.823129 -0.981837
 949.332154 -1.025721
 949.841179 -1.040509
 950.350204 -1.022030
 950.859230 -1.030501
 951.368255 -1.041973
 951.877280 -1.088786
 952.386306 -1.019755
 952.895331 -0.981155
 953.404356 -1.037942
 953.913381 -1.026504
 954.422407 -1.083277
 954.931432 -1.019678
 955.440457 -1.027740
 955.949483 -1.056604
 956.458508 -1.054841
 956.967533 -1.035446
 957.476558 -1.033438
 957.985584 -1.040822
 958.494609 -1.037630
 959.003634 -1.017729
 959.512660 -1.048206
 960.021685 -1.049720
 960.530710 -1.037696
 961.039735 -1.029830
 961.548761 -1.016978
 962.057786 -1.074915
 962.566811 -1.081401
 963.075836 -1.063191
 963.584862 -1.046262
 964.093887 -1.034691
 964.602912 -1.008706
 965.111938 -1.020669
 965.620963 -1.002425
 966.129988 -1.005877
 966.639013 -1.032279
 967.148039 -1.058983
 967.657064 -1.023545
 968.166089 -1.057583
 968.675115 -0.954395
 969.184140 -0.991200
 969.693165 -1.013606
 970.202190 -1.048487
 970.711216 -1.002121
 971.220241 -1.001336
 971.729266 -1.046780
 972.238292 -1.038063
 972.747317 -1.080449
 973.256342 -1.067236
 973.765367 -1.033900
 974.274393 -0.954404
 974.783418 -1.033535
 975.292443 -1.103282
 975.801469 -1.032416
 976.310494 -1.000393
 976.819519 -0.985240
 977.328544 -0.970951
 977.837570 -1.100327
 978.346595 -1.034610
 978.855620 -0.969129
 979.364646 -1.008844
 979.873671 -1.147068
 980.382696 -1.087950
 980.891721 -1.009237
 981.400747 -1.044403
 981.909772 -1.024339
 982.418797 -1.032331
 982.927823 -1.003757
 983.436848 -1.024068
 983.945873 -1.063163
 984.454898 -1.014336
 984.963924 -1.021162
 985.472949 -1.093119
 985.981974 -0.999222
 986.491000 -1.020449
 987.000025 -1.067908
 987.509050 -1.079181
 988.018075 -1.051307
 988.527101 -1.018069
 989.036126 -0.959815
 989.545151 -1.025779
 990.054177 -1.021050
 990.563202 -1.095943
 991.072227 -1.031119
 991.581252 -1.008967
 992.090278 -1.000327
 992.599303 -1.082986
 993.108328 -1.039748
 993.617354 -1.053133
 994.126379 -1.032426
 994.635404 -0.992680
 995.144429 -0.980012
 995.653455 -1.027663
 996.162480 -1.054514
 996.671505 -1.057786
 997.180530 -1.109560
 997.689556 -1.033022
 998.198581 -0.998028
 998.707606 -1.050327
 999.216632 -1.077363
 999.725657 -1.007150
 1000.234682 -1.058721
 1000.743707 -1.060268
 1001.252733 -1.005045
 1001.761758 -1.046617
 1002.270783 -0.985532
 1002.779809 -1.013853
 1003.288834 -1.070588
 1003.797859 -1.023707
 1004.306884 -1.012190
 1004.815910 -1.051438
 1005.324935 -1.057033
 1005.833960 -1.006440
 1006.342986 -1.042438
 1006.852011 -1.113319
 1007.361036 -1.024397
 1007.870061 -1.004345
 1008.379087 -0.960126
 1008.888112 -0.988962
 1009.397137 -1.066486
 1009.906163 -1.072908
 1010.415188 -1.055564
 1010.924213 -1.036365
 1011.433238 -1.006624
 1011.942264 -1.088457
 1012.451289 -1.070729
 1012.960314 -1.033703
 1013.469340 -1.079186
 1013.978365 -1.056466
 1014.487390 -1.079027
 1014.996415 -1.064076
 1015.505441 -1.044679
 1016.014466 -0.937203
 1016.523491 -1.008738
 1017.032517 -1.026443
 1017.541542 -1.053348
 1018.050567 -1.004092
