#! FIELDS time cv
 0.000000 -1.158543
 0.509025 -1.181834
 1.018051 -1.292834
 1.527076 -1.287360
 2.036101 -1.221905
 2.545126 -1.224270
 3.054152 -1.246130
 3.563177 -1.224536
 4.072202 -1.222200
 4.581228 -1.198210
 5.090253 -1.253561
 5.599278 -1.304981
 6.108303 -1.251996
 6.617329 -1.247555
 7.126354 -1.266864
 7.635379 -1.241325
 8.144405 -1.256415
 8.653430 -1.245442
 9.162455 -1.307823
 9.671480 -1.200349
 10.180506 -1.267693
 10.689531 -1.258141
 11.198556 -1.266258
 11.707582 -1.258248
 12.216607 -1.243193
 12.725632 -1.220663
 13.234657 -1.213312
 13.743683 -1.209453
 14.252708 -1.209917
 14.761733 -1.313508
 15.270759 -1.240729
 15.779784 -1.172696
 16.288809 -1.210587
 16.797834 -1.277543
 17.306860 -1.286148
 17.815885 -1.299334
 18.324910 -1.223171
 18.833935 -1.216169
 19.342961 -1.292633
 19.851986 -1.267753
 20.361011 -1.238526
 20.870037 -1.195978
 21.379062 -1.311616
 21.888087 -1.257030
 22.397112 -1.266030
 22.906138 -1.247019
 23.415163 -1.167602
 23.924188 -1.227347
 24.433214 -1.216671
 24.942239 -1.235976
 25.451264 -1.269009
 25.960289 -1.312610
 26.469315 -1.227645
 26.978340 -1.231223
 27.487365 -1.250287
 27.996391 -1.276595
 28.505416 -1.288658
 29.014441 -1.258034
 29.523466 -1.296244
 30.032492 -1.258251
 30.541517 -1.238609
 31.050542 -1.236363
 31.559568 -1.187744
 32.068593 -1.224363
 32.577618 -1.248344
 33.086643 -1.261019
 33.595669 -1.283886
 34.104694 -1.231621
 34.613719 -1.210291
 35.122745 -1.267817
 35.631770 -1.242876
 36.140795 -1.329139
 36.649820 -1.251805
 37.158846 -1.363737
 37.667871 -1.357275
 38.176896 -1.256824
 38.685922 -1.198040
 39.194947 -1.220655
 39.703972 -1.219559
 40.212997 -1.197478
 40.722023 -1.234564
 41.231048 -1.243093
 41.740073 -1.165131
 42.249099 -1.194712
 42.758124 -1.285315
 43.267149 -1.338228
 43.776174 -1.192374
 44.285200 -1.167475
 44.794225 -1.304060
 45.303250 -1.281397
 45.812276 -1.287622
 46.321301 -1.269786
 46.830326 -1.225988
 47.339351 -1.250877
 47.848377 -1.228146
 48.357402 -1.219334
 48.866427 -1.266799
 49.375453 -1.237755
 49.884478 -1.252032
 50.393503 -1.272766
 50.902528 -1.250557
 51.411554 -1.247741
 51.920579 -1.226922
 52.429604 -1.252332
 52.938629 -1.243792
 53.447655 -1.259514
 53.956680 -1.238753
 54.465705 -1.293861
 54.974731 -1.273135
 55.483756 -1.164900
 55.992781 -1.202791
 56.501806 -1.313277
 57.010832 -1.275786
 57.519857 -1.236760
 58.028882 -1.194044
 58.537908 -1.249730
 59.046933 -1.234879
 59.555958 -1.240822
 60.064983 -1.220207
 60.574009 -1.257576
 61.083034 -1.205763
 61.592059 -1.252276
 62.101085 -1.280239
 62.610110 -1.268633
 63.119135 -1.291464
 63.628160 -1.266383
 64.137186 -1.233338
 64.646211 -1.260561
 65.155236 -1.193600
 65.664262 -1.255090
 66.173287 -1.280530
 66.682312 -1.310119
 67.191337 -1.226922
 67.700363 -1.199709
 68.209388 -1.281540
 68.718413 -1.250421
 69.227439 -1.258479
 69.736464 -1.262883
 70.245489 -1.235641
 70.754514 -1.221419
 71.263540 -1.236521
 71.772565 -1.295605
 72.281590 -1.294686
 72.790616 -1.212224
 73.299641 -1.229431
 73.808666 -1.276037
 74.317691 -1.205201
 74.826717 -1.175003
 75.335742 -1.236304
 75.844767 -1.284883
 76.353793 -1.241364
 76.862818 -1.211495
 77.371843 -1.249624
 77.880868 -1.235840
 78.389894 -1.267044
 78.898919 -1.288513
 79.407944 -1.295356
 79.916970 -1.242384
 80.425995 -1.199721
 80.935020 -1.230965
 81.444045 -1.237358
 81.953071 -1.253552
 82.462096 -1.208481
 82.971121 -1.196725
 83.480147 -1.257768
 83.989172 -1.240502
 84.498197 -1.178743
 85.007222 -1.241070
 85.516248 -1.274896
 86.025273 -1.238385
 86.534298 -1.250563
 87.043323 -1.213551
 87.552349 -1.274501
 88.061374 -1.268318
 88.570399 -1.289542
 89.079425 -1.193996
 89.588450 -1.146820
 90.097475 -1.258087
 90.606500 -1.325541
 91.115526 -1.236498
 91.624551 -1.186977
 92.133576 -1.217700
 92.642602 -1.280816
 93.151627 -1.215407
 93.660652 -1.234280
 94.169677 -1.199041
 94.678703 -1.218313
 95.187728 -1.223901
 95.696753 -1.268520
 96.205779 -1.229659
 96.714804 -1.168304
 97.223829 -1.262267
 97.732854 -1.305304
 98.241880 -1.208292
 98.750905 -1.235001
 99.259930 -1.273972
 99.768956 -1.267995
 100.277981 -1.254805
 100.787006 -1.194532
 101.296031 -1.243156
 101.805057 -1.212517
 102.314082 -1.208802
 102.823107 -1.174781
 103.332133 -1.316859
 103.841158 -1.305785
 104.350183 -1.276932
 104.859208 -1.174527
 105.368234 -1.263945
 105.877259 -1.277164
 106.386284 -1.233717
 106.895310 -1.242642
 107.404335 -1.241408
 107.913360 -1.257336
 108.422385 -1.225119
 108.931411 -1.258898
 109.440436 -1.305779
 109.949461 -1.195105
 110.458487 -1.229665
 110.967512 -1.248097
 111.476537 -1.261760
 111.985562 -1.213699
 112.494588 -1.204562
 113.003613 -1.258195
 113.512638 -1.267382
 114.021664 -1.198993
 114.530689 -1.267693
 115.039714 -1.302480
 115.548739 -1.265596
 116.057765 -1.242809
 116.566790 -1.214643
 117.075815 -1.239621
 117.584841 -1.233746
 118.093866 -1.223396
 118.602891 -1.297204
 119.111916 -1.255400
 119.620942 -1.174428
 120.129967 -1.202487
 120.638992 -1.223730
 121.148017 -1.220682
 121.657043 -1.269029
 122.166068 -1.211047
 122.675093 -1.230544
 123.184119 -1.245860
 123.693144 -1.193374
 124.202169 -1.171638
 124.711194 -1.238707
 125.220220 -1.241239
 125.729245 -1.296854
 126.238270 -1.320962
 126.747296 -1.259527
 127.256321 -1.186105
 127.765346 -1.332002
 128.274371 -1.339192
 128.783397 -1.286452
 129.292422 -1.264011
 129.801447 -1.215550
 130.310473 -1.259632
 130.819498 -1.272733
 131.328523 -1.182912
 131.837548 -1.242275
 132.346574 -1.253314
 132.855599 -1.223069
 133.364624 -1.260156
 133.873650 -1.274759
 134.382675 -1.233561
 134.891700 -1.184873
 135.400725 -1.231254
 135.909751 -1.328961
 136.418776 -1.362377
 136.927801 -1.161465
 137.436827 -1.184783
 137.945852 -1.229340
 138.454877 -1.278164
 138.963902 -1.229149
 139.472928 -1.253476
 139.981953 -1.285851
 140.490978 -1.279382
 141.000004 -1.216225
 141.509029 -1.268767
 142.018054 -1.248686
 142.527079 -1.198727
 143.036105 -1.214816
 143.545130 -1.272774
 144.054155 -1.230796
 144.563181 -1.230753
 145.072206 -1.244508
 145.581231 -1.249662
 146.090256 -1.268057
 146.599282 -1.266509
 147.108307 -1.218969
 147.617332 -1.225003
 148.126358 -1.255839
 148.635383 -1.254885
 149.144408 -1.231787
 149.653433 -1.274587
 150.162459 -1.175177
 150.671484 -1.220687
 151.180509 -1.306514
 151.689535 -1.237796
 152.198560 -1.223284
 152.707585 -1.275882
 153.216610 -1.333380
 153.725636 -1.226905
 154.234661 -1.198953
 154.743686 -1.240927
 155.252711 -1.294161
 155.761737 -1.219622
 156.270762 -1.187582
 156.779787 -1.233296
 157.288813 -1.223709
 157.797838 -1.253633
 158.306863 -1.256744
 158.815888 -1.268936
 159.324914 -1.232662
 159.833939 -1.254916
 160.342964 -1.224630
 160.851990 -1.254602
 161.361015 -1.276346
 161.870040 -1.247430
 162.379065 -1.236530
 162.888091 -1.255791
 163.397116 -1.214358
 163.906141 -1.256758
 164.415167 -1.222017
 164.924192 -1.231716
 165.433217 -1.286644
 165.942242 -1.248137
 166.451268 -1.298287
 166.960293 -1.311253
 167.469318 -1.200388
 167.978344 -1.236528
 168.487369 -1.197247
 168.996394 -1.221061
 169.505419 -1.258681
 170.014445 -1.253499
 170.523470 -1.244355
 171.032495 -1.257749
 171.541521 -1.256180
 172.050546 -1.224253
 172.559571 -1.205800
 173.068596 -1.213032
 173.577622 -1.268433
 174.086647 -1.315667
 174.595672 -1.303288
 175.104698 -1.218281
 175.613723 -1.223327
 176.122748 -1.274326
 176.631773 -1.247291
 177.140799 -1.220360
 177.649824 -1.239866
 178.158849 -1.299973
 178.667875 -1.257563
 179.176900 -1.202480
 179.685925 -1.268347
 180.194950 -1.267191
 180.703976 -1.262559
 181.213001 -1.230830
 181.722026 -1.251629
 182.231052 -1.232568
 182.740077 -1.282228
 183.249102 -1.219402
 183.758127 -1.253545
 184.267153 -1.162445
 184.776178 -1.246993
 185.285203 -1.245243
 185.794228 -1.238963
 186.303254 -1.239916
 186.812279 -1.310670
 187.321304 -1.231250
 187.830330 -1.225706
 188.339355 -1.215949
 188.848380 -1.282231
 189.357405 -1.267585
 189.866431 -1.246869
 190.375456 -1.168309
 190.884481 -1.223921
 191.393507 -1.253174
 191.902532 -1.285715
 192.411557 -1.265421
 192.920582 -1.161493
 193.429608 -1.299754
 193.938633 -1.264025
 194.447658 -1.225116
 194.956684 -1.300299
 195.465709 -1.268751
 195.974734 -1.225050
 196.483759 -1.230010
 196.992785 -1.292650
 197.501810 -1.274277
 198.010835 -1.209083
 198.519861 -1.209812
 199.028886 -1.252736
 199.537911 -1.259057
 200.046936 -1.293323
 200.555962 -1.248068
 201.064987 -1.275059
 201.574012 -1.254673
 202.083038 -1.280274
 202.592063 -1.253016
 203.101088 -1.296786
 203.610113 -1.290617
 204.119139 -1.303559
 204.628164 -1.275142
 205.137189 -1.269206
 205.646215 -1.265825
 206.155240 -1.227228
 206.664265 -1.226275
 207.173290 -1.251646
 207.682316 -1.235361
 208.191341 -1.185916
 208.700366 -1.204327
 209.209392 -1.269030
 209.718417 -1.320478
 210.227442 -1.273515
 210.736467 -1.232748
 211.245493 -1.222164
 211.754518 -1.198742
 212.263543 -1.189403
 212.772569 -1.263432
 213.281594 -1.254126
 213.790619 -1.240214
 214.299644 -1.208987
 214.808670 -1.253099
 215.317695 -1.209461
 215.826720 -1.242942
 216.335746 -1.300310
 216.844771 -1.284131
 217.353796 -1.208898
 217.862821 -1.175406
 218.371847 -1.266852
 218.880872 -1.342617
 219.389897 -1.292248
 219.898922 -1.265552
 220.407948 -1.222608
 220.916973 -1.288115
 221.425998 -1.271615
 221.935024 -1.233836
 222.444049 -1.265349
 222.953074 -1.265467
 223.462099 -1.235076
 223.971125 -1.191021
 224.480150 -1.232910
 224.989175 -1.262649
 225.498201 -1.333354
 226.007226 -1.253681
 226.516251 -1.229173
 227.025276 -1.176767
 227.534302 -1.271981
 228.043327 -1.279822
 228.552352 -1.242108
 229.061378 -1.212742
 229.570403 -1.260162
 230.079428 -1.256226
 230.588453 -1.267481
 231.097479 -1.260205
 231.606504 -1.217062
 232.115529 -1.310922
 232.624555 -1.305673
 233.133580 -1.257556
 233.642605 -1.285796
 234.151630 -1.280474
 234.660656 -1.240308
 235.169681 -1.240477
 235.678706 -1.267446
 236.187732 -1.230463
 236.696757 -1.219338
 237.205782 -1.224127
 237.714807 -1.275849
 238.223833 -1.305616
 238.732858 -1.276863
 239.241883 -1.240073
 239.750909 -1.250757
 240.259934 -1.193544
 240.768959 -1.226642
 241.277984 -1.190775
 241.787010 -1.251293
 242.296035 -1.239992
 242.805060 -1.250454
 243.314086 -1.253277
 243.823111 -1.234767
 244.332136 -1.297258
 244.841161 -1.233116
 245.350187 -1.135748
 245.859212 -1.276213
 246.368237 -1.329334
 246.877263 -1.279380
 247.386288 -1.197521
 247.895313 -1.165625
 248.404338 -1.277319
 248.913364 -1.315873
 249.422389 -1.263216
 249.931414 -1.169507
 250.440440 -1.179471
 250.949465 -1.272147
 251.458490 -1.296384
 251.967515 -1.220650
 252.476541 -1.202623
 252.985566 -1.228740
 253.494591 -1.318177
 254.003616 -1.314585
 254.512642 -1.262216
 255.021667 -1.261656
 255.530692 -1.261305
 256.039718 -1.222935
 256.548743 -1.287960
 257.057768 -1.295560
 257.566793 -1.292519
 258.075819 -1.288160
 258.584844 -1.232204
 259.093869 -1.303115
 259.602895 -1.264739
 260.111920 -1.227997
 260.620945 -1.198104
 261.129970 -1.218201
 261.638996 -1.188479
 262.148021 -1.283360
 262.657046 -1.257629
 263.166072 -1.213717
 263.675097 -1.192703
 264.184122 -1.266490
 264.693147 -1.284983
 265.202173 -1.233460
 265.711198 -1.224017
 266.220223 -1.230858
 266.729249 -1.267407
 267.238274 -1.248412
 267.747299 -1.294543
 268.256324 -1.214604
 268.765350 -1.245906
 269.274375 -1.223540
 269.783400 -1.224738
 270.292426 -1.223903
 270.801451 -1.218186
 271.310476 -1.272175
 271.819501 -1.239415
 272.328527 -1.263873
 272.837552 -1.258399
 273.346577 -1.253642
 273.855603 -1.258734
 274.364628 -1.259551
 274.873653 -1.269315
 275.382678 -1.243221
 275.891704 -1.211819
 276.400729 -1.221884
 276.909754 -1.251278
 277.418780 -1.251269
 277.927805 -1.222739
 278.436830 -1.251965
 278.945855 -1.259811
 279.454881 -1.211233
 279.963906 -1.251966
 280.472931 -1.247495
 280.981957 -1.184701
 281.490982 -1.191818
 282.000007 -1.252234
 282.509032 -1.281746
 283.018058 -1.302374
 283.527083 -1.238469
 284.036108 -1.180333
 284.545134 -1.251362
 285.054159 -1.234842
 285.563184 -1.293340
 286.072209 -1.285696
 286.581235 -1.168667
 287.090260 -1.269437
 287.599285 -1.256440
 288.108310 -1.237242
 288.617336 -1.189442
 289.126361 -1.262782
 289.635386 -1.231466
 290.144412 -1.261586
 290.653437 -1.281260
 291.162462 -1.227453
 291.671487 -1.237589
 292.180513 -1.255283
 292.689538 -1.252308
 293.198563 -1.214251
 293.707589 -1.203088
 294.216614 -1.247407
 294.725639 -1.226658
 295.234664 -1.313496
 295.743690 -1.299967
 296.252715 -1.250825
 296.761740 -1.287808
 297.270766 -1.237881
 297.779791 -1.260531
 298.288816 -1.242282
 298.797841 -1.262077
 299.306867 -1.267243
 299.815892 -1.274114
 300.324917 -1.316699
 300.833943 -1.259534
 301.342968 -1.216119
 301.851993 -1.260761
 302.361018 -1.237138
 302.870044 -1.311634
 303.379069 -1.299583
 303.888094 -1.223039
 304.397120 -1.265738
 304.906145 -1.248610
 305.415170 -1.238706
 305.924195 -1.221030
 306.433221 -1.273786
 306.942246 -1.285905
 307.451271 -1.220739
 307.960297 -1.213197
 308.469322 -1.250856
 308.978347 -1.245928
 309.487372 -1.239343
 309.996398 -1.219405
 310.505423 -1.298784
 311.014448 -1.280131
 311.523474 -1.227151
 312.032499 -1.302177
 312.541524 -1.302806
 313.050549 -1.277839
 313.559575 -1.271955
 314.068600 -1.291552
 314.577625 -1.248568
 315.086651 -1.211562
 315.595676 -1.229374
 316.104701 -1.284814
 316.613726 -1.233979
 317.122752 -1.219995
 317.631777 -1.241364
 318.140802 -1.241280
 318.649828 -1.186701
 319.158853 -1.218642
 319.667878 -1.194229
 320.176903 -1.212605
 320.685929 -1.260758
 321.194954 -1.259335
 321.703979 -1.219280
 322.213004 -1.187290
 322.722030 -1.215086
 323.231055 -1.295595
 323.740080 -1.321592
 324.249106 -1.289537
 324.758131 -1.271395
 325.267156 -1.231487
 325.776181 -1.275120
 326.285207 -1.295514
 326.794232 -1.257554
 327.303257 -1.235697
 327.812283 -1.269148
 328.321308 -1.218132
 328.830333 -1.158202
 329.339358 -1.186329
 329.848384 -1.296738
 330.357409 -1.298025
 330.866434 -1.226380
 331.375460 -1.241232
 331.884485 -1.285154
 332.393510 -1.240698
 332.902535 -1.237728
 333.411561 -1.254714
 333.920586 -1.248843
 334.429611 -1.232560
 334.938637 -1.239715
 335.447662 -1.177046
 335.956687 -1.263486
 336.465712 -1.328735
 336.974738 -1.271666
 337.483763 -1.178343
 337.992788 -1.287924
 338.501814 -1.233140
 339.010839 -1.242666
 339.519864 -1.216098
 340.028889 -1.242495
 340.537915 -1.277047
 341.046940 -1.267884
 341.555965 -1.270319
 342.064991 -1.255320
 342.574016 -1.237927
 343.083041 -1.247929
 343.592066 -1.257390
 344.101092 -1.262342
 344.610117 -1.252581
 345.119142 -1.191290
 345.628168 -1.242850
 346.137193 -1.267621
 346.646218 -1.288272
 347.155243 -1.263326
 347.664269 -1.242375
 348.173294 -1.232538
 348.682319 -1.287175
 349.191345 -1.258792
 349.700370 -1.285649
 350.209395 -1.254401
 350.718420 -1.231226
 351.227446 -1.229662
 351.736471 -1.327629
 352.245496 -1.261818
 352.754522 -1.191087
 353.263547 -1.259896
 353.772572 -1.285173
 354.281597 -1.252049
 354.790623 -1.262027
 355.299648 -1.283441
 355.808673 -1.228259
 356.317698 -1.255984
 356.826724 -1.246864
 357.335749 -1.252836
 357.844774 -1.278397
 358.353800 -1.305314
 358.862825 -1.207662
 359.371850 -1.192088
 359.880875 -1.312542
 360.389901 -1.280817
 360.898926 -1.244664
 361.407951 -1.205084
 361.916977 -1.247641
 362.426002 -1.237438
 362.935027 -1.253345
 363.444052 -1.298285
 363.953078 -1.249167
 364.462103 -1.185564
 364.971128 -1.272533
 365.480154 -1.270179
 365.989179 -1.198170
 366.498204 -1.227393
 367.007229 -1.261025
 367.516255 -1.300758
 368.025280 -1.192089
 368.534305 -1.211484
 369.043331 -1.152943
 369.552356 -1.234860
 370.061381 -1.224824
 370.570406 -1.291777
 371.079432 -1.277840
 371.588457 -1.233639
 372.097482 -1.221928
 372.606508 -1.258841
 373.115533 -1.273672
 373.624558 -1.270708
 374.133583 -1.246074
 374.642609 -1.225170
 375.151634 -1.251561
 375.660659 -1.271809
 376.169685 -1.260737
 376.678710 -1.242744
 377.187735 -1.255725
 377.696760 -1.263612
 378.205786 -1.283486
 378.714811 -1.212316
 379.223836 -1.139158
 379.732862 -1.235443
 380.241887 -1.262623
 380.750912 -1.217810
 381.259937 -1.265008
 381.768963 -1.216015
 382.277988 -1.216841
 382.787013 -1.274695
 383.296039 -1.248500
 383.805064 -1.261782
 384.314089 -1.176115
 384.823114 -1.187852
 385.332140 -1.225631
 385.841165 -1.225021
 386.350190 -1.255865
 386.859216 -1.294216
 387.368241 -1.292988
 387.877266 -1.252446
 388.386291 -1.133070
 388.895317 -1.203823
 389.404342 -1.296801
 389.913367 -1.324557
 390.422392 -1.262905
 390.931418 -1.171277
 391.440443 -1.282375
 391.949468 -1.286649
 392.458494 -1.219066
 392.967519 -1.254667
 393.476544 -1.274159
 393.985569 -1.221343
 394.494595 -1.204272
 395.003620 -1.220703
 395.512645 -1.230338
 396.021671 -1.271239
 396.530696 -1.231845
 397.039721 -1.229927
 397.548746 -1.176116
 398.057772 -1.274746
 398.566797 -1.301850
 399.075822 -1.267840
 399.584848 -1.250816
 400.093873 -1.307553
 400.602898 -1.235567
 401.111923 -1.193442
 401.620949 -1.282825
 402.129974 -1.310164
 402.638999 -1.258375
 403.148025 -1.250533
 403.657050 -1.222129
 404.166075 -1.240228
 404.675100 -1.287642
 405.184126 -1.258474
 405.693151 -1.244065
 406.202176 -1.252610
 406.711202 -1.222457
 407.220227 -1.192715
 407.729252 -1.256869
 408.238277 -1.274622
 408.747303 -1.290270
 409.256328 -1.308862
 409.765353 -1.243943
 410.274379 -1.143332
 410.783404 -1.257409
 411.292429 -1.276941
 411.801454 -1.245314
 412.310480 -1.322006
 412.819505 -1.258073
 413.328530 -1.208417
 413.837556 -1.257985
 414.346581 -1.286365
 414.855606 -1.243325
 415.364631 -1.217704
 415.873657 -1.266400
 416.382682 -1.267854
 416.891707 -1.282730
 417.400733 -1.219382
 417.909758 -1.177755
 418.418783 -1.233373
 418.927808 -1.277354
 419.436834 -1.242201
 419.945859 -1.242376
 420.454884 -1.222836
 420.963910 -1.254402
 421.472935 -1.245172
 421.981960 -1.288574
 422.490985 -1.287414
 423.000011 -1.236888
 423.509036 -1.209653
 424.018061 -1.276629
 424.527086 -1.301821
 425.036112 -1.299861
 425.545137 -1.265867
 426.054162 -1.250405
 426.563188 -1.199719
 427.072213 -1.207642
 427.581238 -1.250612
 428.090263 -1.269366
 428.599289 -1.249595
 429.108314 -1.229996
 429.617339 -1.283513
 430.126365 -1.285517
 430.635390 -1.203006
 431.144415 -1.227408
 431.653440 -1.256441
 432.162466 -1.296574
 432.671491 -1.232564
 433.180516 -1.254185
 433.689542 -1.224519
 434.198567 -1.252753
 434.707592 -1.267582
 435.216617 -1.268155
 435.725643 -1.249277
 436.234668 -1.187244
 436.743693 -1.254525
 437.252719 -1.260228
 437.761744 -1.238394
 438.270769 -1.262545
 438.779794 -1.172339
 439.288820 -1.279130
 439.797845 -1.289705
 440.306870 -1.186480
 440.815896 -1.195976
 441.324921 -1.215269
 441.833946 -1.241119
 442.342971 -1.180758
 442.851997 -1.182341
 443.361022 -1.262479
 443.870047 -1.282166
 444.379073 -1.218245
 444.888098 -1.289026
 445.397123 -1.258104
 445.906148 -1.216197
 446.415174 -1.272075
 446.924199 -1.266130
 447.433224 -1.232780
 447.942250 -1.288462
 448.451275 -1.262339
 448.960300 -1.245103
 449.469325 -1.265683
 449.978351 -1.179499
 450.487376 -1.252263
 450.996401 -1.268281
 451.505427 -1.197930
 452.014452 -1.195054
 452.523477 -1.184182
 453.032502 -1.278456
 453.541528 -1.296949
 454.050553 -1.172996
 454.559578 -1.231463
 455.068604 -1.281437
 455.577629 -1.258830
 456.086654 -1.255619
 456.595679 -1.214144
 457.104705 -1.222042
 457.613730 -1.198361
 458.122755 -1.303753
 458.631780 -1.295669
 459.140806 -1.263215
 459.649831 -1.269421
 460.158856 -1.260255
 460.667882 -1.239027
 461.176907 -1.255185
 461.685932 -1.252079
 462.194957 -1.241482
 462.703983 -1.259259
 463.213008 -1.236593
 463.722033 -1.217579
 464.231059 -1.268810
 464.740084 -1.284401
 465.249109 -1.205385
 465.758134 -1.232680
 466.267160 -1.272150
 466.776185 -1.286824
 467.285210 -1.212760
 467.794236 -1.221031
 468.303261 -1.221164
 468.812286 -1.234487
 469.321311 -1.229820
 469.830337 -1.269922
 470.339362 -1.277565
 470.848387 -1.267857
 471.357413 -1.258046
 471.866438 -1.195702
 472.375463 -1.223585
 472.884488 -1.226511
 473.393514 -1.173427
 473.902539 -1.232553
 474.411564 -1.244641
 474.920590 -1.282632
 475.429615 -1.242853
 475.938640 -1.213479
 476.447665 -1.266542
 476.956691 -1.271617
 477.465716 -1.255788
 477.974741 -1.191535
 478.483767 -1.199396
 478.992792 -1.241077
 479.501817 -1.225760
 480.010842 -1.306013
 480.519868 -1.241829
 481.028893 -1.243301
 481.537918 -1.189082
 482.046944 -1.265836
 482.555969 -1.321295
 483.064994 -1.326176
 483.574019 -1.271450
 484.083045 -1.159124
 484.592070 -1.266773
 485.101095 -1.265157
 485.610121 -1.252397
 486.119146 -1.267100
 486.628171 -1.261758
 487.137196 -1.274459
 487.646222 -1.230183
 488.155247 -1.280712
 488.664272 -1.296663
 489.173297 -1.271894
 489.682323 -1.211403
 490.191348 -1.213232
 490.700373 -1.243957
 491.209399 -1.222477
 491.718424 -1.238506
 492.227449 -1.179586
 492.736474 -1.284424
 493.245500 -1.224706
 493.754525 -1.232930
 494.263550 -1.239664
 494.772576 -1.228012
 495.281601 -1.230209
 495.790626 -1.255840
 496.299651 -1.244922
 496.808677 -1.268340
 497.317702 -1.248307
 497.826727 -1.213973
 498.335753 -1.268558
 498.844778 -1.217022
 499.353803 -1.231446
 499.862828 -1.272179
 500.371854 -1.216436
 500.880879 -1.277982
 501.389904 -1.235179
 501.898930 -1.213711
 502.407955 -1.263093
 502.916980 -1.240686
 503.426005 -1.228543
 503.935031 -1.202042
 504.444056 -1.198613
 504.953081 -1.226531
 505.462107 -1.222298
 505.971132 -1.256078
 506.480157 -1.303941
 506.989182 -1.254527
 507.498208 -1.254110
 508.007233 -1.226739
 508.516258 -1.219172
 509.025284 -1.257921
 509.534309 -1.230727
 510.043334 -1.258378
 510.552359 -1.231666
 511.061385 -1.235904
 511.570410 -1.234837
 512.079435 -1.331385
 512.588461 -1.267915
 513.097486 -1.221105
 513.606511 -1.203849
 514.115536 -1.237689
 514.624562 -1.221067
 515.133587 -1.283959
 515.642612 -1.263583
 516.151638 -1.240974
 516.660663 -1.255533
 517.169688 -1.242034
 517.678713 -1.287953
 518.187739 -1.295710
 518.696764 -1.239164
 519.205789 -1.242320
 519.714815 -1.203221
 520.223840 -1.221185
 520.732865 -1.263145
 521.241890 -1.291888
 521.750916 -1.237441
 522.259941 -1.250417
 522.768966 -1.236627
 523.277991 -1.241416
 523.787017 -1.242862
 524.296042 -1.298986
 524.805067 -1.225648
 525.314093 -1.169227
 525.823118 -1.241218
 526.332143 -1.297670
 526.841168 -1.262117
 527.350194 -1.237520
 527.859219 -1.236897
 528.368244 -1.283511
 528.877270 -1.236747
 529.386295 -1.207465
 529.895320 -1.227193
 530.404345 -1.282524
 530.913371 -1.271721
 531.422396 -1.199959
 531.931421 -1.172876
 532.440447 -1.256092
 532.949472 -1.304252
 533.458497 -1.276053
 533.967522 -1.204002
 534.476548 -1.242993
 534.985573 -1.309507
 535.494598 -1.288283
 536.003624 -1.225180
 536.512649 -1.243867
 537.021674 -1.212026
 537.530699 -1.247893
 538.039725 -1.260446
 538.548750 -1.252930
 539.057775 -1.190476
 539.566801 -1.273871
 540.075826 -1.239302
 540.584851 -1.268148
 541.093876 -1.257004
 541.602902 -1.260384
 542.111927 -1.266064
 542.620952 -1.256487
 543.129978 -1.270647
 543.639003 -1.237565
 544.148028 -1.234941
 544.657053 -1.216133
 545.166079 -1.221431
 545.675104 -1.292443
 546.184129 -1.274213
 546.693155 -1.197441
 547.202180 -1.203940
 547.711205 -1.277401
 548.220230 -1.299447
 548.729256 -1.259890
 549.238281 -1.217848
 549.747306 -1.246102
 550.256332 -1.302156
 550.765357 -1.285321
 551.274382 -1.174924
 551.783407 -1.236842
 552.292433 -1.246920
 552.801458 -1.209316
 553.310483 -1.212293
 553.819509 -1.269799
 554.328534 -1.246026
 554.837559 -1.283397
 555.346584 -1.264160
 555.855610 -1.218959
 556.364635 -1.242244
 556.873660 -1.187947
 557.382685 -1.243272
 557.891711 -1.271969
 558.400736 -1.230201
 558.909761 -1.182656
 559.418787 -1.189443
 559.927812 -1.282550
 560.436837 -1.206731
 560.945862 -1.177923
 561.454888 -1.323018
 561.963913 -1.253661
 562.472938 -1.210805
 562.981964 -1.225319
 563.490989 -1.259382
 564.000014 -1.262450
 564.509039 -1.298868
 565.018065 -1.263534
 565.527090 -1.237381
 566.036115 -1.241297
 566.545141 -1.237386
 567.054166 -1.245675
 567.563191 -1.249892
 568.072216 -1.257076
 568.581242 -1.286529
 569.090267 -1.235778
 569.599292 -1.206152
 570.108318 -1.259068
 570.617343 -1.283320
 571.126368 -1.335282
 571.635393 -1.265379
 572.144419 -1.248698
 572.653444 -1.265696
 573.162469 -1.270661
 573.671495 -1.233285
 574.180520 -1.229986
 574.689545 -1.234765
 575.198570 -1.273713
 575.707596 -1.208202
 576.216621 -1.219438
 576.725646 -1.249634
 577.234672 -1.206526
 577.743697 -1.222074
 578.252722 -1.251719
 578.761747 -1.244862
 579.270773 -1.233846
 579.779798 -1.239825
 580.288823 -1.239330
 580.797849 -1.239636
 581.306874 -1.220285
 581.815899 -1.195684
 582.324924 -1.268304
 582.833950 -1.269494
 583.342975 -1.261636
 583.852000 -1.247110
 584.361026 -1.217461
 584.870051 -1.286362
 585.379076 -1.263680
 585.888101 -1.183854
 586.397127 -1.211366
 586.906152 -1.263000
 587.415177 -1.207684
 587.924203 -1.233978
 588.433228 -1.228750
 588.942253 -1.266461
 589.451278 -1.263438
 589.960304 -1.226279
 590.469329 -1.210909
 590.978354 -1.247435
 591.487379 -1.323305
 591.996405 -1.279812
 592.505430 -1.227856
 593.014455 -1.215258
 593.523481 -1.256727
 594.032506 -1.284073
 594.541531 -1.246834
 595.050556 -1.241365
 595.559582 -1.240662
 596.068607 -1.257309
 596.577632 -1.247958
 597.086658 -1.229189
 597.595683 -1.286760
 598.104708 -1.267412
 598.613733 -1.226212
 599.122759 -1.259935
 599.631784 -1.241361
 600.140809 -1.277932
 600.649835 -1.294277
 601.158860 -1.216687
 601.667885 -1.248508
 602.176910 -1.218168
 602.685936 -1.208916
 603.194961 -1.290884
 603.703986 -1.286273
 604.213012 -1.238768
 604.722037 -1.230076
 605.231062 -1.226611
 605.740087 -1.259512
 606.249113 -1.221519
 606.758138 -1.247293
 607.267163 -1.201024
 607.776189 -1.249185
 608.285214 -1.256107
 608.794239 -1.173579
 609.303264 -1.218206
 609.812290 -1.234200
 610.321315 -1.230264
 610.830340 -1.239193
 611.339366 -1.297772
 611.848391 -1.231693
 612.357416 -1.243656
 612.866441 -1.217206
 613.375467 -1.247798
 613.884492 -1.243013
 614.393517 -1.274096
 614.902543 -1.241982
 615.411568 -1.241881
 615.920593 -1.212083
 616.429618 -1.254849
 616.938644 -1.276251
 617.447669 -1.234529
 617.956694 -1.244007
 618.465720 -1.292151
 618.974745 -1.287334
 619.483770 -1.279858
 619.992795 -1.267610
 620.501821 -1.236703
 621.010846 -1.229362
 621.519871 -1.197280
 622.028897 -1.211220
 622.537922 -1.218000
 623.046947 -1.246784
 623.555972 -1.241365
 624.064998 -1.225625
 624.574023 -1.280484
 625.083048 -1.263181
 625.592073 -1.273741
 626.101099 -1.210900
 626.610124 -1.278444
 627.119149 -1.237140
 627.628175 -1.174314
 628.137200 -1.284412
 628.646225 -1.299972
 629.155250 -1.264284
 629.664276 -1.250087
 630.173301 -1.139388
 630.682326 -1.202799
 631.191352 -1.308890
 631.700377 -1.252833
 632.209402 -1.160891
 632.718427 -1.321223
 633.227453 -1.299206
 633.736478 -1.156081
 634.245503 -1.222982
 634.754529 -1.240009
 635.263554 -1.266652
 635.772579 -1.242792
 636.281604 -1.213751
 636.790630 -1.266118
 637.299655 -1.235868
 637.808680 -1.249168
 638.317706 -1.228227
 638.826731 -1.228130
 639.335756 -1.245533
 639.844781 -1.207296
 640.353807 -1.283660
 640.862832 -1.247057
 641.371857 -1.255817
 641.880883 -1.284640
 642.389908 -1.209647
 642.898933 -1.215577
 643.407958 -1.237788
 643.916984 -1.246193
 644.426009 -1.206485
 644.935034 -1.261230
 645.444060 -1.226808
 645.953085 -1.200456
 646.462110 -1.268478
 646.971135 -1.310594
 647.480161 -1.228732
 647.989186 -1.240391
 648.498211 -1.185601
 649.007237 -1.258925
 649.516262 -1.264270
 650.025287 -1.226377
 650.534312 -1.253396
 651.043338 -1.331884
 651.552363 -1.294473
 652.061388 -1.256526
 652.570414 -1.266036
 653.079439 -1.266060
 653.588464 -1.243378
 654.097489 -1.274885
 654.606515 -1.239711
 655.115540 -1.268768
 655.624565 -1.301199
 656.133591 -1.205421
 656.642616 -1.224553
 657.151641 -1.276838
 657.660666 -1.185405
 658.169692 -1.207630
 658.678717 -1.240589
 659.187742 -1.282316
 659.696767 -1.199472
 660.205793 -1.249157
 660.714818 -1.284256
 661.223843 -1.237324
 661.732869 -1.259313
 662.241894 -1.310115
 662.750919 -1.212938
 663.259944 -1.205781
 663.768970 -1.218169
 664.277995 -1.257310
 664.787020 -1.251472
 665.296046 -1.221650
 665.805071 -1.159374
 666.314096 -1.231859
 666.823121 -1.273993
 667.332147 -1.255723
 667.841172 -1.247142
 668.350197 -1.291101
 668.859223 -1.170686
 669.368248 -1.211636
 669.877273 -1.223380
 670.386298 -1.233283
 670.895324 -1.248207
 671.404349 -1.242696
 671.913374 -1.291661
 672.422400 -1.228136
 672.931425 -1.260995
 673.440450 -1.282939
 673.949475 -1.290398
 674.458501 -1.260815
 674.967526 -1.270656
 675.476551 -1.225954
 675.985577 -1.218702
 676.494602 -1.214080
 677.003627 -1.235778
 677.512652 -1.220619
 678.021678 -1.250447
 678.530703 -1.285712
 679.039728 -1.224674
 679.548754 -1.285900
 680.057779 -1.237386
 680.566804 -1.214144
 681.075829 -1.219126
 681.584855 -1.278801
 682.093880 -1.307741
 682.602905 -1.278975
 683.111931 -1.213809
 683.620956 -1.189733
 684.129981 -1.255936
 684.639006 -1.274602
 685.148032 -1.281720
 685.657057 -1.289619
 686.166082 -1.254889
 686.675108 -1.276352
 687.184133 -1.249988
 687.693158 -1.206917
 688.202183 -1.215462
 688.711209 -1.201771
 689.220234 -1.279488
 689.729259 -1.304220
 690.238285 -1.225234
 690.747310 -1.266329
 691.256335 -1.279930
 691.765360 -1.256389
 692.274386 -1.284654
 692.783411 -1.148614
 693.292436 -1.242828
 693.801461 -1.336033
 694.310487 -1.172118
 694.819512 -1.202649
 695.328537 -1.250998
 695.837563 -1.249980
 696.346588 -1.220936
 696.855613 -1.225177
 697.364638 -1.287494
 697.873664 -1.304377
 698.382689 -1.216343
 698.891714 -1.247192
 699.400740 -1.274949
 699.909765 -1.258394
 700.418790 -1.265651
 700.927815 -1.233622
 701.436841 -1.205243
 701.945866 -1.264580
 702.454891 -1.300578
 702.963917 -1.300651
 703.472942 -1.289258
 703.981967 -1.212836
 704.490992 -1.175038
 705.000018 -1.261282
 705.509043 -1.272119
 706.018068 -1.244939
 706.527094 -1.239892
 707.036119 -1.267412
 707.545144 -1.305818
 708.054169 -1.265989
 708.563195 -1.210498
 709.072220 -1.264883
 709.581245 -1.213227
 710.090271 -1.230966
 710.599296 -1.315256
 711.108321 -1.281579
 711.617346 -1.253376
 712.126372 -1.228922
 712.635397 -1.268214
 713.144422 -1.268696
 713.653448 -1.294579
 714.162473 -1.146730
 714.671498 -1.244514
 715.180523 -1.238844
 715.689549 -1.217315
 716.198574 -1.223877
 716.707599 -1.237408
 717.216625 -1.297296
 717.725650 -1.248280
 718.234675 -1.231777
 718.743700 -1.318599
 719.252726 -1.334712
 719.761751 -1.218203
 720.270776 -1.180515
 720.779802 -1.268034
 721.288827 -1.297519
 721.797852 -1.189231
 722.306877 -1.261532
 722.815903 -1.326310
 723.324928 -1.314877
 723.833953 -1.238514
 724.342979 -1.255859
 724.852004 -1.242031
 725.361029 -1.273380
 725.870054 -1.279441
 726.379080 -1.192394
 726.888105 -1.216438
 727.397130 -1.309153
 727.906155 -1.275319
 728.415181 -1.201575
 728.924206 -1.205652
 729.433231 -1.270084
 729.942257 -1.268549
 730.451282 -1.246704
 730.960307 -1.194112
 731.469332 -1.253356
 731.978358 -1.248850
 732.487383 -1.250203
 732.996408 -1.223662
 733.505434 -1.273232
 734.014459 -1.262606
 734.523484 -1.227423
 735.032509 -1.225922
 735.541535 -1.246017
 736.050560 -1.267512
 736.559585 -1.184489
 737.068611 -1.258898
 737.577636 -1.272854
 738.086661 -1.250359
 738.595686 -1.246929
 739.104712 -1.243515
 739.613737 -1.253727
 740.122762 -1.223024
 740.631788 -1.268017
 741.140813 -1.259572
 741.649838 -1.208688
 742.158863 -1.223592
 742.667889 -1.214854
 743.176914 -1.278152
 743.685939 -1.267545
 744.194965 -1.207180
 744.703990 -1.206779
 745.213015 -1.262246
 745.722040 -1.220399
 746.231066 -1.205885
 746.740091 -1.223780
 747.249116 -1.266937
 747.758142 -1.255004
 748.267167 -1.285320
 748.776192 -1.247601
 749.285217 -1.241027
 749.794243 -1.150860
 750.303268 -1.264367
 750.812293 -1.334471
 751.321319 -1.180117
 751.830344 -1.212480
 752.339369 -1.278774
 752.848394 -1.278868
 753.357420 -1.233898
 753.866445 -1.244728
 754.375470 -1.249542
 754.884496 -1.265330
 755.393521 -1.292741
 755.902546 -1.261495
 756.411571 -1.253158
 756.920597 -1.270999
 757.429622 -1.261405
 757.938647 -1.234472
 758.447673 -1.201208
 758.956698 -1.252084
 759.465723 -1.230415
 759.974748 -1.270702
 760.483774 -1.204164
 760.992799 -1.274129
 761.501824 -1.277549
 762.010849 -1.277846
 762.519875 -1.228934
 763.028900 -1.273721
 763.537925 -1.287500
 764.046951 -1.299433
 764.555976 -1.308000
 765.065001 -1.240591
 765.574026 -1.273235
 766.083052 -1.256785
 766.592077 -1.217932
 767.101102 -1.266237
 767.610128 -1.309986
 768.119153 -1.204409
 768.628178 -1.219143
 769.137203 -1.249603
 769.646229 -1.271710
 770.155254 -1.232963
 770.664279 -1.191482
 771.173305 -1.256269
 771.682330 -1.310465
 772.191355 -1.244727
 772.700380 -1.282451
 773.209406 -1.243704
 773.718431 -1.298354
 774.227456 -1.329903
 774.736482 -1.352595
 775.245507 -1.254374
 775.754532 -1.195227
 776.263557 -1.220151
 776.772583 -1.265255
 777.281608 -1.205109
 777.790633 -1.245672
 778.299659 -1.292599
 778.808684 -1.244512
 779.317709 -1.265077
 779.826734 -1.257943
 780.335760 -1.280169
 780.844785 -1.302595
 781.353810 -1.233055
 781.862836 -1.214676
 782.371861 -1.276071
 782.880886 -1.232270
 783.389911 -1.246702
 783.898937 -1.253753
 784.407962 -1.239461
 784.916987 -1.217182
 785.426013 -1.269732
 785.935038 -1.267849
 786.444063 -1.188389
 786.953088 -1.194391
 787.462114 -1.243600
 787.971139 -1.304018
 788.480164 -1.218995
 788.989190 -1.211028
 789.498215 -1.276846
 790.007240 -1.273017
 790.516265 -1.259447
 791.025291 -1.262314
 791.534316 -1.225913
 792.043341 -1.188636
 792.552366 -1.193460
 793.061392 -1.178103
 793.570417 -1.285119
 794.079442 -1.213960
 794.588468 -1.244681
 795.097493 -1.272746
 795.606518 -1.292581
 796.115543 -1.235700
 796.624569 -1.232055
 797.133594 -1.265846
 797.642619 -1.273254
 798.151645 -1.224632
 798.660670 -1.268593
 799.169695 -1.305312
 799.678720 -1.231400
 800.187746 -1.230268
 800.696771 -1.262232
 801.205796 -1.218144
 801.714822 -1.208547
 802.223847 -1.233913
 802.732872 -1.333852
 803.241897 -1.336727
 803.750923 -1.249784
 804.259948 -1.258533
 804.768973 -1.251213
 805.277999 -1.227614
 805.787024 -1.227214
 806.296049 -1.185165
 806.805074 -1.277514
 807.314100 -1.321058
 807.823125 -1.270041
 808.332150 -1.257510
 808.841176 -1.197238
 809.350201 -1.241155
 809.859226 -1.197967
 810.368251 -1.240026
 810.877277 -1.284560
 811.386302 -1.259077
 811.895327 -1.205603
 812.404353 -1.164431
 812.913378 -1.260946
 813.422403 -1.310258
 813.931428 -1.188743
 814.440454 -1.183874
 814.949479 -1.236622
 815.458504 -1.255886
 815.967530 -1.263040
 816.476555 -1.192794
 816.985580 -1.220015
 817.494605 -1.256093
 818.003631 -1.288352
 818.512656 -1.244217
 819.021681 -1.179620
 819.530707 -1.237657
 820.039732 -1.272664
 820.548757 -1.285610
 821.057782 -1.235132
 821.566808 -1.248303
 822.075833 -1.258632
 822.584858 -1.166752
 823.093884 -1.224669
 823.602909 -1.245041
 824.111934 -1.217329
 824.620959 -1.251841
 825.129985 -1.288259
 825.639010 -1.261718
 826.148035 -1.258352
 826.657060 -1.184914
 827.166086 -1.283970
 827.675111 -1.247762
 828.184136 -1.207298
 828.693162 -1.267095
 829.202187 -1.278922
 829.711212 -1.264562
 830.220237 -1.208845
 830.729263 -1.224724
 831.238288 -1.270970
 831.747313 -1.251576
 832.256339 -1.276810
 832.765364 -1.232681
 833.274389 -1.211400
 833.783414 -1.257934
 834.292440 -1.254969
 834.801465 -1.193365
 835.310490 -1.253318
 835.819516 -1.238919
 836.328541 -1.248760
 836.837566 -1.217589
 837.346591 -1.296642
 837.855617 -1.293630
 838.364642 -1.261564
 838.873667 -1.201247
 839.382693 -1.242614
 839.891718 -1.279216
 840.400743 -1.311180
 840.909768 -1.243425
 841.418794 -1.158875
 841.927819 -1.297121
 842.436844 -1.257857
 842.945870 -1.225413
 843.454895 -1.222699
 843.963920 -1.256531
 844.472945 -1.271467
 844.981971 -1.274909
 845.490996 -1.262792
 846.000021 -1.257755
 846.509047 -1.253361
 847.018072 -1.218638
 847.527097 -1.305490
 848.036122 -1.296064
 848.545148 -1.282032
 849.054173 -1.202076
 849.563198 -1.239767
 850.072224 -1.227820
 850.581249 -1.225374
 851.090274 -1.208225
 851.599299 -1.260598
 852.108325 -1.257800
 852.617350 -1.282482
 853.126375 -1.252654
 853.635401 -1.243098
 854.144426 -1.256885
 854.653451 -1.236395
 855.162476 -1.290419
 855.671502 -1.252380
 856.180527 -1.188952
 856.689552 -1.175649
 857.198578 -1.210066
 857.707603 -1.224763
 858.216628 -1.236196
 858.725653 -1.283251
 859.234679 -1.238387
 859.743704 -1.254287
 860.252729 -1.269521
 860.761754 -1.267048
 861.270780 -1.252956
 861.779805 -1.218205
 862.288830 -1.239913
 862.797856 -1.241649
 863.306881 -1.199160
 863.815906 -1.234040
 864.324931 -1.285633
 864.833957 -1.275518
 865.342982 -1.222215
 865.852007 -1.250212
 866.361033 -1.238261
 866.870058 -1.307787
 867.379083 -1.269282
 867.888108 -1.177859
 868.397134 -1.222089
 868.906159 -1.293324
 869.415184 -1.285775
 869.924210 -1.277586
 870.433235 -1.233442
 870.942260 -1.176067
 871.451285 -1.256314
 871.960311 -1.284205
 872.469336 -1.223067
 872.978361 -1.246576
 873.487387 -1.287252
 873.996412 -1.204542
 874.505437 -1.254516
 875.014462 -1.191480
 875.523488 -1.245809
 876.032513 -1.239161
 876.541538 -1.352094
 877.050564 -1.363546
 877.559589 -1.286874
 878.068614 -1.194699
 878.577639 -1.243132
 879.086665 -1.279253
 879.595690 -1.340708
 880.104715 -1.180549
 880.613741 -1.222777
 881.122766 -1.209367
 881.631791 -1.293159
 882.140816 -1.233016
 882.649842 -1.336718
 883.158867 -1.221294
 883.667892 -1.172788
 884.176918 -1.229063
 884.685943 -1.296732
 885.194968 -1.222067
 885.703993 -1.231095
 886.213019 -1.216138
 886.722044 -1.253690
 887.231069 -1.237659
 887.740095 -1.235137
 888.249120 -1.239090
 888.758145 -1.204079
 889.267170 -1.274126
 889.776196 -1.275065
 890.285221 -1.240741
 890.794246 -1.269458
 891.303272 -1.198982
 891.812297 -1.235306
 892.321322 -1.273796
 892.830347 -1.251773
 893.339373 -1.172994
 893.848398 -1.200015
 894.357423 -1.265919
 894.866448 -1.250046
 895.375474 -1.214770
 895.884499 -1.227917
 896.393524 -1.204201
 896.902550 -1.273090
 897.411575 -1.254837
 897.920600 -1.218936
 898.429625 -1.271764
 898.938651 -1.314966
 899.447676 -1.248520
 899.956701 -1.174964
 900.465727 -1.223716
 900.974752 -1.239253
 901.483777 -1.195987
 901.992802 -1.228679
 902.501828 -1.284083
 903.010853 -1.246109
 903.519878 -1.225554
 904.028904 -1.241098
 904.537929 -1.259427
 905.046954 -1.188343
 905.555979 -1.235835
 906.065005 -1.237505
 906.574030 -1.251082
 907.083055 -1.289158
 907.592081 -1.259363
 908.101106 -1.249185
 908.610131 -1.243019
 909.119156 -1.230360
 909.628182 -1.253402
 910.137207 -1.252421
 910.646232 -1.230036
 911.155258 -1.286222
 911.664283 -1.249747
 912.173308 -1.223758
 912.682333 -1.218060
 913.191359 -1.256104
 913.700384 -1.265786
 914.209409 -1.208476
 914.718435 -1.234251
 915.227460 -1.267041
 915.736485 -1.229531
 916.245510 -1.223101
 916.754536 -1.244325
 917.263561 -1.226975
 917.772586 -1.242727
 918.281612 -1.260139
 918.790637 -1.299709
 919.299662 -1.173404
 919.808687 -1.208669
 920.317713 -1.239379
 920.826738 -1.315033
 921.335763 -1.324547
 921.844789 -1.249316
 922.353814 -1.297536
 922.862839 -1.247761
 923.371864 -1.204453
 923.880890 -1.273561
 924.389915 -1.254852
 924.898940 -1.283685
 925.407966 -1.253344
 925.916991 -1.201111
 926.426016 -1.191731
 926.935041 -1.243234
 927.444067 -1.269739
 927.953092 -1.317113
 928.462117 -1.227475
 928.971142 -1.292015
 929.480168 -1.253295
 929.989193 -1.244246
 930.498218 -1.193387
 931.007244 -1.259182
 931.516269 -1.247377
 932.025294 -1.190438
 932.534319 -1.258062
 933.043345 -1.255314
 933.552370 -1.255915
 934.061395 -1.267899
 934.570421 -1.269013
 935.079446 -1.263448
 935.588471 -1.220052
 936.097496 -1.255253
 936.606522 -1.229071
 937.115547 -1.216888
 937.624572 -1.266574
 938.133598 -1.211494
 938.642623 -1.316434
 939.151648 -1.284464
 939.660673 -1.260153
 940.169699 -1.274147
 940.678724 -1.223800
 941.187749 -1.268477
 941.696775 -1.232737
 942.205800 -1.263836
 942.714825 -1.231476
 943.223850 -1.226066
 943.732876 -1.230404
 944.241901 -1.235488
 944.750926 -1.271222
 945.259952 -1.270116
 945.768977 -1.269544
 946.278002 -1.241254
 946.787027 -1.242272
 947.296053 -1.246006
 947.805078 -1.260182
 948.314103 -1.249457
 948.823129 -1.245345
 949.332154 -1.309070
 949.841179 -1.216602
 950.350204 -1.196903
 950.859230 -1.203040
 951.368255 -1.188708
 951.877280 -1.259539
 952.386306 -1.237828
 952.895331 -1.248798
 953.404356 -1.235500
 953.913381 -1.178604
 954.422407 -1.244177
 954.931432 -1.239302
 955.440457 -1.242635
 955.949483 -1.240884
 956.458508 -1.265901
 956.967533 -1.314679
 957.476558 -1.221713
 957.985584 -1.229666
 958.494609 -1.229366
 959.003634 -1.227527
 959.512660 -1.272303
 960.021685 -1.282254
 960.530710 -1.205455
 961.039735 -1.180864
 961.548761 -1.266423
 962.057786 -1.269463
 962.566811 -1.258557
 963.075836 -1.198257
 963.584862 -1.263523
 964.093887 -1.277321
 964.602912 -1.291976
 965.111938 -1.256228
 965.620963 -1.211568
 966.129988 -1.261072
 966.639013 -1.236486
 967.148039 -1.238525
 967.657064 -1.264125
 968.166089 -1.262453
 968.675115 -1.288411
 969.184140 -1.205496
 969.693165 -1.253345
 970.202190 -1.303685
 970.711216 -1.238160
 971.220241 -1.282390
 971.729266 -1.228335
 972.238292 -1.195168
 972.747317 -1.277155
 973.256342 -1.235711
 973.765367 -1.263057
 974.274393 -1.238100
 974.783418 -1.267769
 975.292443 -1.246978
 975.801469 -1.264553
 976.310494 -1.233940
 976.819519 -1.253571
 977.328544 -1.252844
 977.837570 -1.227777
 978.346595 -1.220576
 978.855620 -1.260216
 979.364646 -1.279040
 979.873671 -1.302184
 980.382696 -1.217797
 980.891721 -1.228871
 981.400747 -1.267645
 981.909772 -1.243693
 982.418797 -1.192332
 982.927823 -1.233634
 983.436848 -1.262560
 983.945873 -1.268247
 984.454898 -1.199748
 984.963924 -1.200571
 985.472949 -1.276890
 985.981974 -1.246720
 986.491000 -1.256196
 987.000025 -1.233166
 987.509050 -1.245727
 988.018075 -1.246310
 988.527101 -1.230335
 989.036126 -1.258323
 989.545151 -1.206017
 990.054177 -1.195345
 990.563202 -1.220700
 991.072227 -1.276079
 991.581252 -1.223369
 992.090278 -1.257461
 992.599303 -1.268057
 993.108328 -1.283300
 993.617354 -1.275367
 994.126379 -1.263980
 994.635404 -1.302352
 995.144429 -1.251989
 995.653455 -1.206598
 996.162480 -1.209499
 996.671505 -1.275101
 997.180530 -1.249256
 997.689556 -1.219565
 998.198581 -1.193002
 998.707606 -1.281311
 999.216632 -1.256040
 999.725657 -1.214621
 1000.234682 -1.268133
 1000.743707 -1.224187
 1001.252733 -1.265691
 1001.761758 -1.215003
 1002.270783 -1.223277
 1002.779809 -1.234507
 1003.288834 -1.239251
 1003.797859 -1.210676
 1004.306884 -1.179602
 1004.815910 -1.201476
 1005.324935 -1.257902
 1005.833960 -1.255937
 1006.342986 -1.210722
 1006.852011 -1.225157
 1007.361036 -1.255280
 1007.870061 -1.272903
 1008.379087 -1.261949
 1008.888112 -1.229374
 1009.397137 -1.231708
 1009.906163 -1.258416
 1010.415188 -1.205305
 1010.924213 -1.206978
 1011.433238 -1.244619
 1011.942264 -1.289714
 1012.451289 -1.293466
 1012.960314 -1.237513
 1013.469340 -1.238177
 1013.978365 -1.289454
 1014.487390 -1.264011
 1014.996415 -1.227957
 1015.505441 -1.229433
 1016.014466 -1.285612
 1016.523491 -1.274506
 1017.032517 -1.206899
 1017.541542 -1.228735
 1018.050567 -1.297340
