#! FIELDS time cv
 0.000000 -3.181800
 0.509025 -3.281291
 1.018051 -3.318040
 1.527076 -3.281532
 2.036101 -3.222480
 2.545126 -3.225413
 3.054152 -3.255227
 3.563177 -3.304130
 4.072202 -3.284156
 4.581228 -3.239808
 5.090253 -3.273987
 5.599278 -3.292636
 6.108303 -3.263962
 6.617329 -3.196367
 7.126354 -3.238475
 7.635379 -3.341955
 8.144405 -3.300804
 8.653430 -3.213875
 9.162455 -3.284455
 9.671480 -3.283349
 10.180506 -3.252214
 10.689531 -3.268761
 11.198556 -3.332385
 11.707582 -3.245630
 12.216607 -3.195058
 12.725632 -3.240139
 13.234657 -3.358700
 13.743683 -3.296371
 14.252708 -3.268696
 14.761733 -3.272354
 15.270759 -3.251864
 15.779784 -3.286949
 16.288809 -3.303331
 16.797834 -3.293319
 17.306860 -3.225419
 17.815885 -3.316790
 18.324910 -3.306109
 18.833935 -3.223883
 19.342961 -3.266627
 19.851986 -3.274180
 20.361011 -3.251993
 20.870037 -3.306339
 21.379062 -3.319432
 21.888087 -3.250855
 22.397112 -3.272685
 22.906138 -3.274043
 23.415163 -3.283360
 23.924188 -3.249599
 24.433214 -3.261170
 24.942239 -3.251129
 25.451264 -3.331891
 25.960289 -3.298019
 26.469315 -3.216991
 26.978340 -3.298762
 27.487365 -3.347408
 27.996391 -3.270241
 28.505416 -3.178914
 29.014441 -3.312049
 29.523466 -3.310143
 30.032492 -3.263874
 30.541517 -3.287743
 31.050542 -3.255817
 31.559568 -3.258375
 32.068593 -3.275561
 32.577618 -3.219417
 33.086643 -3.273654
 33.595669 -3.265359
 34.104694 -3.253282
 34.613719 -3.306008
 35.122745 -3.292832
 35.631770 -3.219219
 36.140795 -3.230039
 36.649820 -3.325805
 37.158846 -3.233703
 37.667871 -3.232143
 38.176896 -3.328994
 38.685922 -3.297806
 39.194947 -3.234889
 39.703972 -3.219476
 40.212997 -3.309876
 40.722023 -3.291401
 41.231048 -3.204936
 41.740073 -3.243110
 42.249099 -3.326543
 42.758124 -3.302232
 43.267149 -3.271131
 43.776174 -3.234718
 44.285200 -3.293279
 44.794225 -3.289002
 45.303250 -3.282004
 45.812276 -3.261419
 46.321301 -3.297888
 46.830326 -3.241688
 47.339351 -3.273126
 47.848377 -3.271235
 48.357402 -3.270620
 48.866427 -3.248947
 49.375453 -3.239886
 49.884478 -3.320576
 50.393503 -3.311201
 50.902528 -3.244372
 51.411554 -3.285572
 51.920579 -3.320270
 52.429604 -3.301760
 52.938629 -3.262179
 53.447655 -3.237822
 53.956680 -3.247696
 54.465705 -3.345356
 54.974731 -3.273953
 55.483756 -3.208439
 55.992781 -3.279992
 56.501806 -3.280168
 57.010832 -3.235297
 57.519857 -3.302740
 58.028882 -3.251233
 58.537908 -3.264952
 59.046933 -3.268675
 59.555958 -3.266981
 60.064983 -3.306521
 60.574009 -3.319378
 61.083034 -3.246002
 61.592059 -3.243749
 62.101085 -3.269517
 62.610110 -3.246410
 63.119135 -3.285548
 63.628160 -3.222164
 64.137186 -3.248599
 64.646211 -3.310978
 65.155236 -3.303644
 65.664262 -3.261803
 66.173287 -3.219374
 66.682312 -3.257446
 67.191337 -3.313833
 67.700363 -3.228209
 68.209388 -3.232289
 68.718413 -3.282369
 69.227439 -3.283040
 69.736464 -3.262788
 70.245489 -3.243361
 70.754514 -3.293311
 71.263540 -3.274068
 71.772565 -3.256046
 72.281590 -3.263493
 72.790616 -3.300836
 73.299641 -3.266565
 73.808666 -3.229009
 74.317691 -3.232707
 74.826717 -3.370259
 75.335742 -3.296353
 75.844767 -3.167477
 76.353793 -3.283108
 76.862818 -3.315782
 77.371843 -3.321095
 77.880868 -3.236638
 78.389894 -3.211526
 78.898919 -3.214919
 79.407944 -3.280922
 79.916970 -3.323726
 80.425995 -3.241175
 80.935020 -3.192775
 81.444045 -3.271068
 81.953071 -3.302798
 82.462096 -3.301466
 82.971121 -3.241757
 83.480147 -3.214215
 83.989172 -3.238402
 84.498197 -3.273892
 85.007222 -3.266969
 85.516248 -3.273386
 86.025273 -3.243968
 86.534298 -3.239744
 87.043323 -3.249706
 87.552349 -3.304350
 88.061374 -3.272345
 88.570399 -3.262026
 89.079425 -3.269810
 89.588450 -3.287798
 90.097475 -3.270338
 90.606500 -3.284716
 91.115526 -3.309859
 91.624551 -3.188155
 92.133576 -3.266980
 92.642602 -3.307284
 93.151627 -3.280591
 93.660652 -3.263763
 94.169677 -3.279199
 94.678703 -3.220635
 95.187728 -3.239163
 95.696753 -3.271591
 96.205779 -3.224945
 96.714804 -3.286377
 97.223829 -3.289212
 97.732854 -3.286241
 98.241880 -3.247116
 98.750905 -3.238600
 99.259930 -3.278652
 99.768956 -3.319969
 100.277981 -3.274332
 100.787006 -3.220606
 101.296031 -3.283908
 101.805057 -3.318985
 102.314082 -3.282186
 102.823107 -3.205685
 103.332133 -3.217227
 103.841158 -3.334515
 104.350183 -3.388552
 104.859208 -3.177673
 105.368234 -3.144221
 105.877259 -3.327289
 106.386284 -3.393100
 106.895310 -3.255386
 107.404335 -3.165896
 107.913360 -3.303201
 108.422385 -3.307445
 108.931411 -3.201342
 109.440436 -3.261047
 109.949461 -3.351699
 110.458487 -3.282029
 110.967512 -3.251760
 111.476537 -3.254768
 111.985562 -3.342653
 112.494588 -3.324634
 113.003613 -3.227749
 113.512638 -3.258573
 114.021664 -3.254126
 114.530689 -3.260495
 115.039714 -3.286236
 115.548739 -3.293295
 116.057765 -3.271607
 116.566790 -3.264959
 117.075815 -3.297458
 117.584841 -3.292612
 118.093866 -3.250172
 118.602891 -3.263334
 119.111916 -3.271710
 119.620942 -3.237288
 120.129967 -3.264973
 120.638992 -3.345549
 121.148017 -3.294102
 121.657043 -3.257014
 122.166068 -3.281934
 122.675093 -3.236284
 123.184119 -3.287241
 123.693144 -3.331217
 124.202169 -3.291174
 124.711194 -3.238849
 125.220220 -3.275244
 125.729245 -3.289569
 126.238270 -3.320793
 126.747296 -3.250239
 127.256321 -3.249246
 127.765346 -3.333810
 128.274371 -3.284054
 128.783397 -3.141661
 129.292422 -3.238972
 129.801447 -3.372074
 130.310473 -3.269576
 130.819498 -3.248341
 131.328523 -3.269843
 131.837548 -3.274114
 132.346574 -3.244126
 132.855599 -3.272397
 133.364624 -3.272909
 133.873650 -3.293456
 134.382675 -3.317546
 134.891700 -3.266928
 135.400725 -3.222290
 135.909751 -3.259357
 136.418776 -3.272635
 136.927801 -3.272983
 137.436827 -3.308241
 137.945852 -3.253628
 138.454877 -3.237359
 138.963902 -3.253728
 139.472928 -3.305692
 139.981953 -3.271649
 140.490978 -3.281482
 141.000004 -3.295199
 141.509029 -3.229331
 142.018054 -3.269912
 142.527079 -3.324216
 143.036105 -3.318226
 143.545130 -3.258041
 144.054155 -3.204744
 144.563181 -3.290906
 145.072206 -3.272106
 145.581231 -3.282489
 146.090256 -3.223349
 146.599282 -3.272993
 147.108307 -3.286032
 147.617332 -3.303905
 148.126358 -3.288360
 148.635383 -3.234301
 149.144408 -3.237377
 149.653433 -3.322811
 150.162459 -3.297242
 150.671484 -3.240733
 151.180509 -3.256521
 151.689535 -3.304770
 152.198560 -3.339666
 152.707585 -3.201567
 153.216610 -3.202017
 153.725636 -3.260637
 154.234661 -3.355643
 154.743686 -3.268968
 155.252711 -3.191735
 155.761737 -3.254875
 156.270762 -3.339885
 156.779787 -3.236092
 157.288813 -3.194490
 157.797838 -3.248746
 158.306863 -3.337242
 158.815888 -3.286561
 159.324914 -3.240150
 159.833939 -3.263168
 160.342964 -3.330309
 160.851990 -3.282955
 161.361015 -3.219452
 161.870040 -3.285911
 162.379065 -3.328077
 162.888091 -3.242200
 163.397116 -3.236414
 163.906141 -3.322058
 164.415167 -3.251349
 164.924192 -3.208481
 165.433217 -3.346074
 165.942242 -3.242690
 166.451268 -3.238406
 166.960293 -3.219303
 167.469318 -3.289792
 167.978344 -3.246846
 168.487369 -3.260375
 168.996394 -3.297450
 169.505419 -3.228077
 170.014445 -3.187199
 170.523470 -3.280955
 171.032495 -3.349465
 171.541521 -3.289667
 172.050546 -3.199281
 172.559571 -3.273526
 173.068596 -3.296314
 173.577622 -3.244228
 174.086647 -3.219294
 174.595672 -3.246137
 175.104698 -3.318422
 175.613723 -3.257785
 176.122748 -3.214739
 176.631773 -3.221254
 177.140799 -3.238546
 177.649824 -3.343829
 178.158849 -3.302021
 178.667875 -3.264921
 179.176900 -3.302583
 179.685925 -3.255758
 180.194950 -3.279785
 180.703976 -3.257854
 181.213001 -3.285271
 181.722026 -3.275353
 182.231052 -3.251565
 182.740077 -3.292447
 183.249102 -3.297536
 183.758127 -3.280721
 184.267153 -3.299143
 184.776178 -3.276399
 185.285203 -3.302612
 185.794228 -3.222310
 186.303254 -3.247241
 186.812279 -3.291125
 187.321304 -3.279380
 187.830330 -3.211389
 188.339355 -3.236845
 188.848380 -3.310569
 189.357405 -3.324808
 189.866431 -3.258630
 190.375456 -3.212426
 190.884481 -3.274711
 191.393507 -3.284601
 191.902532 -3.210675
 192.411557 -3.236385
 192.920582 -3.289993
 193.429608 -3.303389
 193.938633 -3.246081
 194.447658 -3.271848
 194.956684 -3.243400
 195.465709 -3.310936
 195.974734 -3.384577
 196.483759 -3.241410
 196.992785 -3.160735
 197.501810 -3.276119
 198.010835 -3.332171
 198.519861 -3.289723
 199.028886 -3.196267
 199.537911 -3.237918
 200.046936 -3.333928
 200.555962 -3.347080
 201.064987 -3.212814
 201.574012 -3.188128
 202.083038 -3.332580
 202.592063 -3.334827
 203.101088 -3.265073
 203.610113 -3.222584
 204.119139 -3.258586
 204.628164 -3.320931
 205.137189 -3.274037
 205.646215 -3.229942
 206.155240 -3.310578
 206.664265 -3.309954
 207.173290 -3.204060
 207.682316 -3.220598
 208.191341 -3.298731
 208.700366 -3.306950
 209.209392 -3.252213
 209.718417 -3.193213
 210.227442 -3.321323
 210.736467 -3.312811
 211.245493 -3.204972
 211.754518 -3.248595
 212.263543 -3.331356
 212.772569 -3.296921
 213.281594 -3.216271
 213.790619 -3.262304
 214.299644 -3.367909
 214.808670 -3.262709
 215.317695 -3.165679
 215.826720 -3.277554
 216.335746 -3.336734
 216.844771 -3.268574
 217.353796 -3.196615
 217.862821 -3.195940
 218.371847 -3.298632
 218.880872 -3.347919
 219.389897 -3.230001
 219.898922 -3.215514
 220.407948 -3.251715
 220.916973 -3.303005
 221.425998 -3.289986
 221.935024 -3.262147
 222.444049 -3.270672
 222.953074 -3.256565
 223.462099 -3.303492
 223.971125 -3.326134
 224.480150 -3.255452
 224.989175 -3.212659
 225.498201 -3.317943
 226.007226 -3.341851
 226.516251 -3.287386
 227.025276 -3.246812
 227.534302 -3.202680
 228.043327 -3.307559
 228.552352 -3.339533
 229.061378 -3.176516
 229.570403 -3.217281
 230.079428 -3.276492
 230.588453 -3.298845
 231.097479 -3.266669
 231.606504 -3.262463
 232.115529 -3.236242
 232.624555 -3.292537
 233.133580 -3.245124
 233.642605 -3.280133
 234.151630 -3.266019
 234.660656 -3.264992
 235.169681 -3.263517
 235.678706 -3.252614
 236.187732 -3.248902
 236.696757 -3.320847
 237.205782 -3.297731
 237.714807 -3.171670
 238.223833 -3.239068
 238.732858 -3.344524
 239.241883 -3.326378
 239.750909 -3.232571
 240.259934 -3.211450
 240.768959 -3.297145
 241.277984 -3.324166
 241.787010 -3.340935
 242.296035 -3.226975
 242.805060 -3.214728
 243.314086 -3.296956
 243.823111 -3.370368
 244.332136 -3.285340
 244.841161 -3.261287
 245.350187 -3.295306
 245.859212 -3.268559
 246.368237 -3.248817
 246.877263 -3.299942
 247.386288 -3.282516
 247.895313 -3.253987
 248.404338 -3.318635
 248.913364 -3.340490
 249.422389 -3.239949
 249.931414 -3.189400
 250.440440 -3.231017
 250.949465 -3.350784
 251.458490 -3.297222
 251.967515 -3.243829
 252.476541 -3.238367
 252.985566 -3.263329
 253.494591 -3.312117
 254.003616 -3.244947
 254.512642 -3.218041
 255.021667 -3.289483
 255.530692 -3.299573
 256.039718 -3.202210
 256.548743 -3.234772
 257.057768 -3.307090
 257.566793 -3.314051
 258.075819 -3.209043
 258.584844 -3.280794
 259.093869 -3.313749
 259.602895 -3.311260
 260.111920 -3.301357
 260.620945 -3.232875
 261.129970 -3.241482
 261.638996 -3.298942
 262.148021 -3.286174
 262.657046 -3.298838
 263.166072 -3.315026
 263.675097 -3.260289
 264.184122 -3.242027
 264.693147 -3.261839
 265.202173 -3.290551
 265.711198 -3.288382
 266.220223 -3.294699
 266.729249 -3.279640
 267.238274 -3.230879
 267.747299 -3.268413
 268.256324 -3.312671
 268.765350 -3.304895
 269.274375 -3.250855
 269.783400 -3.247183
 270.292426 -3.280896
 270.801451 -3.325991
 271.310476 -3.251575
 271.819501 -3.281106
 272.328527 -3.263331
 272.837552 -3.234974
 273.346577 -3.290510
 273.855603 -3.321252
 274.364628 -3.237456
 274.873653 -3.192158
 275.382678 -3.330801
 275.891704 -3.304214
 276.400729 -3.226624
 276.909754 -3.244931
 277.418780 -3.257615
 277.927805 -3.292659
 278.436830 -3.323883
 278.945855 -3.269243
 279.454881 -3.303970
 279.963906 -3.263177
 280.472931 -3.235630
 280.981957 -3.306438
 281.490982 -3.293436
 282.000007 -3.258107
 282.509032 -3.236658
 283.018058 -3.310465
 283.527083 -3.259760
 284.036108 -3.245683
 284.545134 -3.316358
 285.054159 -3.317785
 285.563184 -3.252035
 286.072209 -3.266597
 286.581235 -3.251620
 287.090260 -3.286510
 287.599285 -3.260038
 288.108310 -3.268314
 288.617336 -3.283872
 289.126361 -3.287570
 289.635386 -3.230845
 290.144412 -3.258225
 290.653437 -3.292682
 291.162462 -3.270282
 291.671487 -3.235241
 292.180513 -3.239170
 292.689538 -3.268047
 293.198563 -3.274059
 293.707589 -3.254294
 294.216614 -3.277400
 294.725639 -3.333983
 295.234664 -3.264005
 295.743690 -3.246471
 296.252715 -3.303281
 296.761740 -3.294588
 297.270766 -3.252761
 297.779791 -3.290311
 298.288816 -3.235533
 298.797841 -3.236359
 299.306867 -3.287355
 299.815892 -3.288221
 300.324917 -3.274008
 300.833943 -3.179768
 301.342968 -3.303614
 301.851993 -3.320174
 302.361018 -3.258756
 302.870044 -3.201822
 303.379069 -3.248515
 303.888094 -3.309407
 304.397120 -3.297458
 304.906145 -3.258221
 305.415170 -3.261315
 305.924195 -3.256042
 306.433221 -3.240055
 306.942246 -3.285270
 307.451271 -3.278266
 307.960297 -3.279786
 308.469322 -3.241098
 308.978347 -3.238142
 309.487372 -3.251024
 309.996398 -3.245761
 310.505423 -3.210622
 311.014448 -3.261636
 311.523474 -3.320625
 312.032499 -3.269461
 312.541524 -3.251082
 313.050549 -3.248948
 313.559575 -3.269133
 314.068600 -3.291473
 314.577625 -3.275519
 315.086651 -3.251132
 315.595676 -3.238778
 316.104701 -3.292555
 316.613726 -3.279128
 317.122752 -3.269763
 317.631777 -3.271272
 318.140802 -3.281149
 318.649828 -3.297162
 319.158853 -3.223124
 319.667878 -3.271049
 320.176903 -3.296803
 320.685929 -3.297441
 321.194954 -3.230646
 321.703979 -3.283539
 322.213004 -3.324415
 322.722030 -3.289091
 323.231055 -3.256076
 323.740080 -3.258985
 324.249106 -3.238570
 324.758131 -3.317143
 325.267156 -3.291044
 325.776181 -3.269052
 326.285207 -3.247044
 326.794232 -3.273082
 327.303257 -3.295112
 327.812283 -3.282614
 328.321308 -3.276343
 328.830333 -3.258050
 329.339358 -3.266109
 329.848384 -3.254023
 330.357409 -3.260926
 330.866434 -3.259037
 331.375460 -3.329353
 331.884485 -3.268655
 332.393510 -3.178106
 332.902535 -3.298623
 333.411561 -3.283345
 333.920586 -3.225966
 334.429611 -3.239154
 334.938637 -3.282559
 335.447662 -3.349747
 335.956687 -3.245082
 336.465712 -3.204831
 336.974738 -3.273341
 337.483763 -3.288732
 337.992788 -3.284373
 338.501814 -3.251062
 339.010839 -3.278916
 339.519864 -3.288520
 340.028889 -3.370506
 340.537915 -3.272739
 341.046940 -3.218516
 341.555965 -3.209242
 342.064991 -3.323137
 342.574016 -3.351016
 343.083041 -3.261562
 343.592066 -3.223446
 344.101092 -3.293503
 344.610117 -3.298949
 345.119142 -3.285218
 345.628168 -3.290099
 346.137193 -3.260618
 346.646218 -3.234621
 347.155243 -3.268589
 347.664269 -3.274648
 348.173294 -3.322688
 348.682319 -3.276377
 349.191345 -3.212775
 349.700370 -3.221904
 350.209395 -3.246167
 350.718420 -3.314411
 351.227446 -3.294963
 351.736471 -3.254949
 352.245496 -3.220869
 352.754522 -3.243196
 353.263547 -3.257330
 353.772572 -3.298873
 354.281597 -3.210824
 354.790623 -3.270180
 355.299648 -3.261545
 355.808673 -3.266253
 356.317698 -3.247057
 356.826724 -3.245145
 357.335749 -3.285802
 357.844774 -3.290864
 358.353800 -3.249960
 358.862825 -3.277670
 359.371850 -3.265208
 359.880875 -3.252375
 360.389901 -3.354182
 360.898926 -3.274634
 361.407951 -3.215637
 361.916977 -3.269189
 362.426002 -3.314213
 362.935027 -3.237534
 363.444052 -3.259503
 363.953078 -3.267055
 364.462103 -3.258927
 364.971128 -3.261302
 365.480154 -3.276548
 365.989179 -3.322321
 366.498204 -3.288724
 367.007229 -3.250425
 367.516255 -3.249354
 368.025280 -3.277008
 368.534305 -3.284816
 369.043331 -3.213293
 369.552356 -3.302242
 370.061381 -3.283479
 370.570406 -3.295651
 371.079432 -3.220433
 371.588457 -3.233416
 372.097482 -3.336933
 372.606508 -3.305081
 373.115533 -3.205408
 373.624558 -3.217488
 374.133583 -3.299470
 374.642609 -3.322402
 375.151634 -3.303884
 375.660659 -3.195551
 376.169685 -3.265027
 376.678710 -3.280821
 377.187735 -3.243965
 377.696760 -3.232825
 378.205786 -3.295785
 378.714811 -3.246898
 379.223836 -3.242425
 379.732862 -3.293137
 380.241887 -3.324896
 380.750912 -3.283025
 381.259937 -3.238749
 381.768963 -3.287987
 382.277988 -3.269931
 382.787013 -3.285853
 383.296039 -3.292931
 383.805064 -3.285840
 384.314089 -3.238898
 384.823114 -3.232174
 385.332140 -3.270753
 385.841165 -3.283574
 386.350190 -3.248659
 386.859216 -3.265422
 387.368241 -3.251464
 387.877266 -3.316620
 388.386291 -3.265368
 388.895317 -3.250245
 389.404342 -3.310877
 389.913367 -3.333484
 390.422392 -3.213626
 390.931418 -3.249018
 391.440443 -3.325812
 391.949468 -3.253096
 392.458494 -3.160859
 392.967519 -3.286616
 393.476544 -3.344816
 393.985569 -3.279082
 394.494595 -3.241166
 395.003620 -3.316888
 395.512645 -3.334364
 396.021671 -3.286721
 396.530696 -3.233064
 397.039721 -3.241893
 397.548746 -3.255556
 398.057772 -3.258633
 398.566797 -3.289025
 399.075822 -3.318295
 399.584848 -3.225232
 400.093873 -3.221403
 400.602898 -3.294674
 401.111923 -3.307154
 401.620949 -3.276904
 402.129974 -3.237365
 402.638999 -3.298013
 403.148025 -3.289706
 403.657050 -3.228873
 404.166075 -3.261055
 404.675100 -3.294681
 405.184126 -3.344148
 405.693151 -3.222350
 406.202176 -3.151196
 406.711202 -3.287440
 407.220227 -3.335767
 407.729252 -3.275346
 408.238277 -3.254899
 408.747303 -3.289173
 409.256328 -3.264718
 409.765353 -3.283665
 410.274379 -3.308666
 410.783404 -3.252930
 411.292429 -3.256103
 411.801454 -3.285296
 412.310480 -3.291720
 412.819505 -3.244021
 413.328530 -3.264671
 413.837556 -3.303196
 414.346581 -3.274568
 414.855606 -3.295133
 415.364631 -3.309885
 415.873657 -3.243158
 416.382682 -3.275633
 416.891707 -3.239542
 417.400733 -3.316912
 417.909758 -3.344263
 418.418783 -3.281370
 418.927808 -3.210056
 419.436834 -3.270592
 419.945859 -3.285982
 420.454884 -3.264614
 420.963910 -3.241145
 421.472935 -3.235314
 421.981960 -3.250965
 422.490985 -3.275150
 423.000011 -3.263360
 423.509036 -3.279696
 424.018061 -3.278914
 424.527086 -3.231526
 425.036112 -3.239025
 425.545137 -3.354354
 426.054162 -3.278136
 426.563188 -3.228012
 427.072213 -3.242038
 427.581238 -3.340952
 428.090263 -3.284369
 428.599289 -3.274010
 429.108314 -3.258706
 429.617339 -3.300095
 430.126365 -3.320247
 430.635390 -3.284409
 431.144415 -3.297511
 431.653440 -3.305092
 432.162466 -3.226106
 432.671491 -3.276822
 433.180516 -3.339105
 433.689542 -3.218280
 434.198567 -3.235620
 434.707592 -3.254581
 435.216617 -3.324639
 435.725643 -3.287306
 436.234668 -3.254609
 436.743693 -3.233275
 437.252719 -3.300559
 437.761744 -3.303547
 438.270769 -3.235122
 438.779794 -3.197682
 439.288820 -3.314628
 439.797845 -3.389868
 440.306870 -3.248645
 440.815896 -3.198501
 441.324921 -3.319767
 441.833946 -3.273562
 442.342971 -3.232048
 442.851997 -3.317193
 443.361022 -3.284154
 443.870047 -3.243224
 444.379073 -3.261376
 444.888098 -3.298947
 445.397123 -3.278154
 445.906148 -3.272049
 446.415174 -3.260134
 446.924199 -3.273500
 447.433224 -3.297763
 447.942250 -3.250977
 448.451275 -3.300519
 448.960300 -3.269437
 449.469325 -3.261800
 449.978351 -3.257262
 450.487376 -3.205447
 450.996401 -3.257204
 451.505427 -3.277570
 452.014452 -3.300481
 452.523477 -3.273519
 453.032502 -3.320484
 453.541528 -3.312557
 454.050553 -3.268834
 454.559578 -3.251241
 455.068604 -3.282202
 455.577629 -3.233937
 456.086654 -3.264299
 456.595679 -3.261208
 457.104705 -3.247051
 457.613730 -3.282215
 458.122755 -3.276463
 458.631780 -3.224641
 459.140806 -3.287005
 459.649831 -3.357466
 460.158856 -3.311805
 460.667882 -3.245367
 461.176907 -3.251028
 461.685932 -3.290182
 462.194957 -3.283857
 462.703983 -3.220615
 463.213008 -3.219385
 463.722033 -3.329162
 464.231059 -3.284558
 464.740084 -3.271036
 465.249109 -3.283180
 465.758134 -3.248041
 466.267160 -3.249079
 466.776185 -3.278474
 467.285210 -3.279066
 467.794236 -3.252102
 468.303261 -3.196738
 468.812286 -3.278956
 469.321311 -3.294775
 469.830337 -3.272329
 470.339362 -3.256561
 470.848387 -3.304923
 471.357413 -3.264505
 471.866438 -3.226916
 472.375463 -3.251438
 472.884488 -3.223684
 473.393514 -3.312147
 473.902539 -3.314328
 474.411564 -3.273729
 474.920590 -3.221895
 475.429615 -3.289873
 475.938640 -3.282868
 476.447665 -3.290721
 476.956691 -3.261631
 477.465716 -3.293119
 477.974741 -3.293868
 478.483767 -3.198019
 478.992792 -3.251126
 479.501817 -3.335681
 480.010842 -3.314498
 480.519868 -3.290931
 481.028893 -3.302823
 481.537918 -3.236891
 482.046944 -3.213900
 482.555969 -3.273999
 483.064994 -3.309197
 483.574019 -3.241706
 484.083045 -3.230352
 484.592070 -3.282857
 485.101095 -3.353243
 485.610121 -3.251008
 486.119146 -3.222963
 486.628171 -3.262913
 487.137196 -3.302031
 487.646222 -3.307883
 488.155247 -3.234674
 488.664272 -3.187856
 489.173297 -3.327071
 489.682323 -3.363324
 490.191348 -3.276953
 490.700373 -3.269077
 491.209399 -3.255104
 491.718424 -3.234090
 492.227449 -3.285374
 492.736474 -3.318827
 493.245500 -3.224158
 493.754525 -3.217782
 494.263550 -3.363698
 494.772576 -3.281126
 495.281601 -3.215364
 495.790626 -3.271356
 496.299651 -3.380303
 496.808677 -3.231116
 497.317702 -3.181715
 497.826727 -3.227603
 498.335753 -3.336831
 498.844778 -3.307005
 499.353803 -3.275452
 499.862828 -3.290536
 500.371854 -3.258901
 500.880879 -3.302679
 501.389904 -3.250762
 501.898930 -3.266684
 502.407955 -3.303966
 502.916980 -3.252783
 503.426005 -3.292118
 503.935031 -3.303744
 504.444056 -3.300524
 504.953081 -3.252280
 505.462107 -3.282289
 505.971132 -3.261471
 506.480157 -3.279342
 506.989182 -3.269733
 507.498208 -3.238773
 508.007233 -3.243018
 508.516258 -3.341148
 509.025284 -3.319358
 509.534309 -3.258790
 510.043334 -3.248841
 510.552359 -3.239591
 511.061385 -3.362751
 511.570410 -3.277980
 512.079435 -3.223823
 512.588461 -3.268924
 513.097486 -3.303070
 513.606511 -3.273839
 514.115536 -3.263533
 514.624562 -3.300432
 515.133587 -3.222484
 515.642612 -3.298999
 516.151638 -3.278521
 516.660663 -3.260085
 517.169688 -3.291759
 517.678713 -3.328832
 518.187739 -3.263566
 518.696764 -3.229520
 519.205789 -3.213013
 519.714815 -3.263912
 520.223840 -3.265540
 520.732865 -3.249027
 521.241890 -3.290011
 521.750916 -3.291467
 522.259941 -3.240750
 522.768966 -3.243180
 523.277991 -3.281657
 523.787017 -3.318594
 524.296042 -3.275314
 524.805067 -3.189076
 525.314093 -3.278968
 525.823118 -3.340433
 526.332143 -3.171713
 526.841168 -3.284019
 527.350194 -3.399075
 527.859219 -3.289559
 528.368244 -3.197442
 528.877270 -3.287595
 529.386295 -3.328205
 529.895320 -3.255684
 530.404345 -3.230801
 530.913371 -3.270840
 531.422396 -3.282224
 531.931421 -3.218734
 532.440447 -3.231917
 532.949472 -3.353172
 533.458497 -3.318807
 533.967522 -3.182932
 534.476548 -3.227292
 534.985573 -3.276212
 535.494598 -3.312590
 536.003624 -3.245267
 536.512649 -3.251635
 537.021674 -3.271150
 537.530699 -3.270415
 538.039725 -3.268280
 538.548750 -3.258449
 539.057775 -3.228521
 539.566801 -3.238797
 540.075826 -3.288801
 540.584851 -3.316669
 541.093876 -3.251022
 541.602902 -3.262152
 542.111927 -3.279962
 542.620952 -3.274901
 543.129978 -3.202160
 543.639003 -3.239384
 544.148028 -3.311593
 544.657053 -3.305017
 545.166079 -3.233850
 545.675104 -3.343708
 546.184129 -3.301276
 546.693155 -3.282499
 547.202180 -3.236963
 547.711205 -3.276475
 548.220230 -3.352821
 548.729256 -3.325625
 549.238281 -3.217808
 549.747306 -3.304090
 550.256332 -3.283027
 550.765357 -3.211535
 551.274382 -3.222929
 551.783407 -3.339345
 552.292433 -3.323715
 552.801458 -3.260241
 553.310483 -3.259814
 553.819509 -3.258649
 554.328534 -3.292252
 554.837559 -3.312932
 555.346584 -3.251776
 555.855610 -3.236176
 556.364635 -3.257677
 556.873660 -3.278042
 557.382685 -3.302812
 557.891711 -3.284219
 558.400736 -3.279444
 558.909761 -3.229399
 559.418787 -3.247966
 559.927812 -3.315982
 560.436837 -3.288723
 560.945862 -3.257009
 561.454888 -3.286189
 561.963913 -3.254369
 562.472938 -3.266556
 562.981964 -3.284361
 563.490989 -3.276504
 564.000014 -3.285146
 564.509039 -3.303030
 565.018065 -3.265787
 565.527090 -3.263324
 566.036115 -3.282689
 566.545141 -3.231618
 567.054166 -3.321022
 567.563191 -3.341932
 568.072216 -3.242793
 568.581242 -3.229167
 569.090267 -3.303464
 569.599292 -3.354856
 570.108318 -3.198813
 570.617343 -3.286034
 571.126368 -3.287044
 571.635393 -3.256362
 572.144419 -3.267503
 572.653444 -3.240575
 573.162469 -3.303270
 573.671495 -3.273443
 574.180520 -3.223002
 574.689545 -3.247138
 575.198570 -3.274787
 575.707596 -3.268577
 576.216621 -3.311021
 576.725646 -3.220811
 577.234672 -3.228574
 577.743697 -3.323453
 578.252722 -3.301773
 578.761747 -3.239092
 579.270773 -3.241503
 579.779798 -3.313181
 580.288823 -3.270262
 580.797849 -3.280691
 581.306874 -3.263075
 581.815899 -3.331331
 582.324924 -3.317824
 582.833950 -3.254203
 583.342975 -3.278743
 583.852000 -3.261140
 584.361026 -3.238384
 584.870051 -3.347936
 585.379076 -3.312347
 585.888101 -3.216767
 586.397127 -3.218703
 586.906152 -3.260746
 587.415177 -3.267468
 587.924203 -3.323590
 588.433228 -3.321429
 588.942253 -3.178509
 589.451278 -3.271498
 589.960304 -3.287418
 590.469329 -3.294691
 590.978354 -3.245534
 591.487379 -3.294425
 591.996405 -3.270017
 592.505430 -3.254599
 593.014455 -3.206475
 593.523481 -3.262389
 594.032506 -3.328579
 594.541531 -3.296271
 595.050556 -3.268752
 595.559582 -3.229971
 596.068607 -3.271845
 596.577632 -3.292856
 597.086658 -3.317280
 597.595683 -3.227350
 598.104708 -3.191500
 598.613733 -3.279422
 599.122759 -3.356585
 599.631784 -3.201788
 600.140809 -3.199022
 600.649835 -3.303686
 601.158860 -3.249582
 601.667885 -3.275386
 602.176910 -3.254969
 602.685936 -3.293980
 603.194961 -3.318670
 603.703986 -3.250246
 604.213012 -3.294634
 604.722037 -3.293029
 605.231062 -3.272374
 605.740087 -3.264799
 606.249113 -3.254628
 606.758138 -3.284856
 607.267163 -3.301187
 607.776189 -3.230150
 608.285214 -3.272572
 608.794239 -3.317616
 609.303264 -3.331490
 609.812290 -3.192866
 610.321315 -3.229790
 610.830340 -3.369724
 611.339366 -3.319877
 611.848391 -3.194058
 612.357416 -3.233254
 612.866441 -3.308768
 613.375467 -3.299295
 613.884492 -3.237994
 614.393517 -3.243637
 614.902543 -3.288486
 615.411568 -3.274512
 615.920593 -3.267913
 616.429618 -3.297434
 616.938644 -3.305833
 617.447669 -3.270418
 617.956694 -3.249508
 618.465720 -3.250402
 618.974745 -3.301437
 619.483770 -3.299822
 619.992795 -3.305462
 620.501821 -3.287105
 621.010846 -3.246018
 621.519871 -3.256699
 622.028897 -3.298551
 622.537922 -3.283844
 623.046947 -3.228046
 623.555972 -3.256754
 624.064998 -3.263113
 624.574023 -3.302414
 625.083048 -3.324086
 625.592073 -3.227953
 626.101099 -3.247650
 626.610124 -3.230051
 627.119149 -3.216680
 627.628175 -3.315923
 628.137200 -3.325640
 628.646225 -3.247398
 629.155250 -3.322360
 629.664276 -3.312117
 630.173301 -3.260356
 630.682326 -3.277203
 631.191352 -3.276686
 631.700377 -3.234741
 632.209402 -3.270445
 632.718427 -3.304764
 633.227453 -3.271162
 633.736478 -3.245787
 634.245503 -3.259071
 634.754529 -3.317842
 635.263554 -3.239634
 635.772579 -3.240422
 636.281604 -3.342713
 636.790630 -3.309489
 637.299655 -3.260588
 637.808680 -3.244599
 638.317706 -3.328244
 638.826731 -3.259554
 639.335756 -3.280509
 639.844781 -3.336614
 640.353807 -3.281693
 640.862832 -3.198989
 641.371857 -3.330583
 641.880883 -3.308214
 642.389908 -3.245821
 642.898933 -3.248175
 643.407958 -3.278609
 643.916984 -3.341313
 644.426009 -3.255172
 644.935034 -3.197849
 645.444060 -3.309533
 645.953085 -3.324451
 646.462110 -3.247467
 646.971135 -3.209750
 647.480161 -3.257016
 647.989186 -3.299711
 648.498211 -3.224397
 649.007237 -3.254204
 649.516262 -3.269317
 650.025287 -3.242535
 650.534312 -3.344399
 651.043338 -3.359644
 651.552363 -3.218663
 652.061388 -3.198237
 652.570414 -3.315731
 653.079439 -3.343243
 653.588464 -3.264220
 654.097489 -3.289090
 654.606515 -3.304886
 655.115540 -3.245791
 655.624565 -3.238031
 656.133591 -3.268638
 656.642616 -3.296890
 657.151641 -3.327375
 657.660666 -3.249687
 658.169692 -3.207488
 658.678717 -3.315630
 659.187742 -3.294373
 659.696767 -3.169043
 660.205793 -3.284125
 660.714818 -3.284831
 661.223843 -3.276844
 661.732869 -3.305530
 662.241894 -3.245484
 662.750919 -3.185996
 663.259944 -3.282890
 663.768970 -3.281453
 664.277995 -3.328534
 664.787020 -3.271497
 665.296046 -3.253688
 665.805071 -3.258340
 666.314096 -3.214487
 666.823121 -3.273541
 667.332147 -3.371478
 667.841172 -3.256861
 668.350197 -3.260502
 668.859223 -3.302076
 669.368248 -3.362292
 669.877273 -3.229657
 670.386298 -3.191000
 670.895324 -3.283771
 671.404349 -3.316281
 671.913374 -3.279633
 672.422400 -3.262691
 672.931425 -3.261809
 673.440450 -3.213880
 673.949475 -3.210858
 674.458501 -3.295655
 674.967526 -3.287416
 675.476551 -3.255011
 675.985577 -3.307594
 676.494602 -3.293548
 677.003627 -3.238100
 677.512652 -3.257692
 678.021678 -3.279366
 678.530703 -3.290944
 679.039728 -3.306384
 679.548754 -3.234575
 680.057779 -3.259786
 680.566804 -3.314403
 681.075829 -3.261056
 681.584855 -3.200083
 682.093880 -3.237490
 682.602905 -3.288975
 683.111931 -3.229594
 683.620956 -3.217886
 684.129981 -3.312925
 684.639006 -3.330113
 685.148032 -3.223615
 685.657057 -3.196847
 686.166082 -3.300751
 686.675108 -3.367496
 687.184133 -3.243657
 687.693158 -3.254758
 688.202183 -3.249475
 688.711209 -3.231082
 689.220234 -3.310050
 689.729259 -3.321066
 690.238285 -3.298050
 690.747310 -3.221627
 691.256335 -3.289621
 691.765360 -3.263847
 692.274386 -3.267535
 692.783411 -3.247158
 693.292436 -3.274940
 693.801461 -3.285696
 694.310487 -3.271141
 694.819512 -3.260266
 695.328537 -3.320861
 695.837563 -3.339121
 696.346588 -3.283585
 696.855613 -3.234914
 697.364638 -3.277064
 697.873664 -3.274995
 698.382689 -3.266826
 698.891714 -3.264302
 699.400740 -3.250035
 699.909765 -3.275359
 700.418790 -3.317448
 700.927815 -3.272927
 701.436841 -3.203097
 701.945866 -3.238895
 702.454891 -3.349206
 702.963917 -3.261853
 703.472942 -3.178924
 703.981967 -3.272717
 704.490992 -3.328786
 705.000018 -3.284948
 705.509043 -3.238215
 706.018068 -3.243868
 706.527094 -3.249241
 707.036119 -3.285808
 707.545144 -3.203388
 708.054169 -3.246218
 708.563195 -3.345327
 709.072220 -3.279401
 709.581245 -3.287973
 710.090271 -3.268488
 710.599296 -3.267563
 711.108321 -3.283424
 711.617346 -3.255826
 712.126372 -3.248062
 712.635397 -3.296201
 713.144422 -3.313288
 713.653448 -3.264935
 714.162473 -3.249636
 714.671498 -3.261596
 715.180523 -3.283286
 715.689549 -3.319246
 716.198574 -3.260656
 716.707599 -3.229338
 717.216625 -3.249112
 717.725650 -3.311164
 718.234675 -3.321491
 718.743700 -3.234196
 719.252726 -3.215412
 719.761751 -3.289629
 720.270776 -3.282736
 720.779802 -3.331916
 721.288827 -3.234674
 721.797852 -3.211887
 722.306877 -3.246540
 722.815903 -3.308685
 723.324928 -3.274292
 723.833953 -3.233507
 724.342979 -3.231319
 724.852004 -3.316594
 725.361029 -3.279500
 725.870054 -3.251999
 726.379080 -3.250939
 726.888105 -3.233176
 727.397130 -3.285814
 727.906155 -3.334749
 728.415181 -3.320389
 728.924206 -3.264884
 729.433231 -3.305990
 729.942257 -3.307671
 730.451282 -3.251991
 730.960307 -3.259664
 731.469332 -3.260776
 731.978358 -3.226497
 732.487383 -3.266640
 732.996408 -3.239141
 733.505434 -3.226775
 734.014459 -3.364761
 734.523484 -3.337146
 735.032509 -3.234705
 735.541535 -3.186785
 736.050560 -3.297017
 736.559585 -3.305691
 737.068611 -3.313452
 737.577636 -3.273150
 738.086661 -3.212948
 738.595686 -3.265862
 739.104712 -3.290988
 739.613737 -3.255096
 740.122762 -3.263668
 740.631788 -3.300740
 741.140813 -3.267756
 741.649838 -3.247883
 742.158863 -3.244968
 742.667889 -3.285801
 743.176914 -3.298358
 743.685939 -3.283948
 744.194965 -3.306075
 744.703990 -3.296674
 745.213015 -3.304222
 745.722040 -3.223319
 746.231066 -3.232257
 746.740091 -3.289805
 747.249116 -3.272580
 747.758142 -3.214834
 748.267167 -3.261417
 748.776192 -3.310270
 749.285217 -3.292878
 749.794243 -3.262719
 750.303268 -3.224313
 750.812293 -3.287559
 751.321319 -3.219982
 751.830344 -3.251600
 752.339369 -3.295120
 752.848394 -3.303455
 753.357420 -3.252633
 753.866445 -3.232550
 754.375470 -3.263080
 754.884496 -3.249303
 755.393521 -3.245570
 755.902546 -3.299648
 756.411571 -3.287697
 756.920597 -3.273934
 757.429622 -3.289564
 757.938647 -3.278098
 758.447673 -3.269535
 758.956698 -3.327319
 759.465723 -3.258414
 759.974748 -3.311913
 760.483774 -3.280968
 760.992799 -3.266941
 761.501824 -3.267886
 762.010849 -3.300936
 762.519875 -3.309664
 763.028900 -3.226498
 763.537925 -3.268730
 764.046951 -3.312217
 764.555976 -3.253232
 765.065001 -3.230463
 765.574026 -3.265412
 766.083052 -3.349418
 766.592077 -3.326594
 767.101102 -3.261575
 767.610128 -3.225362
 768.119153 -3.257614
 768.628178 -3.288889
 769.137203 -3.311810
 769.646229 -3.284479
 770.155254 -3.275529
 770.664279 -3.252538
 771.173305 -3.306928
 771.682330 -3.334815
 772.191355 -3.229573
 772.700380 -3.211562
 773.209406 -3.222836
 773.718431 -3.327063
 774.227456 -3.301363
 774.736482 -3.302215
 775.245507 -3.232987
 775.754532 -3.205527
 776.263557 -3.318057
 776.772583 -3.375360
 777.281608 -3.223558
 777.790633 -3.216338
 778.299659 -3.319595
 778.808684 -3.322137
 779.317709 -3.223410
 779.826734 -3.255852
 780.335760 -3.287813
 780.844785 -3.281871
 781.353810 -3.273133
 781.862836 -3.295840
 782.371861 -3.282256
 782.880886 -3.283262
 783.389911 -3.284814
 783.898937 -3.302989
 784.407962 -3.286810
 784.916987 -3.251866
 785.426013 -3.292618
 785.935038 -3.278505
 786.444063 -3.242788
 786.953088 -3.242213
 787.462114 -3.281870
 787.971139 -3.324672
 788.480164 -3.238376
 788.989190 -3.280434
 789.498215 -3.322975
 790.007240 -3.285663
 790.516265 -3.261353
 791.025291 -3.278387
 791.534316 -3.271976
 792.043341 -3.270380
 792.552366 -3.281674
 793.061392 -3.339781
 793.570417 -3.239083
 794.079442 -3.203401
 794.588468 -3.284723
 795.097493 -3.352390
 795.606518 -3.218849
 796.115543 -3.208599
 796.624569 -3.280014
 797.133594 -3.290998
 797.642619 -3.243534
 798.151645 -3.252647
 798.660670 -3.263193
 799.169695 -3.259611
 799.678720 -3.273428
 800.187746 -3.255582
 800.696771 -3.239697
 801.205796 -3.219663
 801.714822 -3.281852
 802.223847 -3.269535
 802.732872 -3.252539
 803.241897 -3.264089
 803.750923 -3.274138
 804.259948 -3.316723
 804.768973 -3.267372
 805.277999 -3.260533
 805.787024 -3.311465
 806.296049 -3.273931
 806.805074 -3.292608
 807.314100 -3.237215
 807.823125 -3.243182
 808.332150 -3.295901
 808.841176 -3.290901
 809.350201 -3.301676
 809.859226 -3.253378
 810.368251 -3.277261
 810.877277 -3.316977
 811.386302 -3.303898
 811.895327 -3.219365
 812.404353 -3.273240
 812.913378 -3.272251
 813.422403 -3.294415
 813.931428 -3.238620
 814.440454 -3.213053
 814.949479 -3.338428
 815.458504 -3.284849
 815.967530 -3.254146
 816.476555 -3.214032
 816.985580 -3.287932
 817.494605 -3.340177
 818.003631 -3.209784
 818.512656 -3.227470
 819.021681 -3.265644
 819.530707 -3.293045
 820.039732 -3.310165
 820.548757 -3.276866
 821.057782 -3.246916
 821.566808 -3.237919
 822.075833 -3.231438
 822.584858 -3.277168
 823.093884 -3.255101
 823.602909 -3.253238
 824.111934 -3.233196
 824.620959 -3.269044
 825.129985 -3.224684
 825.639010 -3.271977
 826.148035 -3.256733
 826.657060 -3.265839
 827.166086 -3.267476
 827.675111 -3.283868
 828.184136 -3.247068
 828.693162 -3.247088
 829.202187 -3.332762
 829.711212 -3.293635
 830.220237 -3.176737
 830.729263 -3.205359
 831.238288 -3.292290
 831.747313 -3.290540
 832.256339 -3.237673
 832.765364 -3.302908
 833.274389 -3.311641
 833.783414 -3.240974
 834.292440 -3.256340
 834.801465 -3.212235
 835.310490 -3.293494
 835.819516 -3.295717
 836.328541 -3.271828
 836.837566 -3.203026
 837.346591 -3.283943
 837.855617 -3.267865
 838.364642 -3.294606
 838.873667 -3.290944
 839.382693 -3.264954
 839.891718 -3.252648
 840.400743 -3.318530
 840.909768 -3.239327
 841.418794 -3.243801
 841.927819 -3.242195
 842.436844 -3.293160
 842.945870 -3.325644
 843.454895 -3.215343
 843.963920 -3.206828
 844.472945 -3.304184
 844.981971 -3.310855
 845.490996 -3.233129
 846.000021 -3.242615
 846.509047 -3.259537
 847.018072 -3.313024
 847.527097 -3.281361
 848.036122 -3.243522
 848.545148 -3.283675
 849.054173 -3.305583
 849.563198 -3.262602
 850.072224 -3.288157
 850.581249 -3.260915
 851.090274 -3.241225
 851.599299 -3.245126
 852.108325 -3.308970
 852.617350 -3.254893
 853.126375 -3.270120
 853.635401 -3.302496
 854.144426 -3.268146
 854.653451 -3.232651
 855.162476 -3.259816
 855.671502 -3.296283
 856.180527 -3.227327
 856.689552 -3.251170
 857.198578 -3.341115
 857.707603 -3.230847
 858.216628 -3.211259
 858.725653 -3.302093
 859.234679 -3.313450
 859.743704 -3.242472
 860.252729 -3.253140
 860.761754 -3.294917
 861.270780 -3.318059
 861.779805 -3.271257
 862.288830 -3.228750
 862.797856 -3.216671
 863.306881 -3.280665
 863.815906 -3.300106
 864.324931 -3.268254
 864.833957 -3.271756
 865.342982 -3.270475
 865.852007 -3.332330
 866.361033 -3.283962
 866.870058 -3.237536
 867.379083 -3.311223
 867.888108 -3.327385
 868.397134 -3.217259
 868.906159 -3.243199
 869.415184 -3.277066
 869.924210 -3.264680
 870.433235 -3.281870
 870.942260 -3.279827
 871.451285 -3.346154
 871.960311 -3.326371
 872.469336 -3.164594
 872.978361 -3.222306
 873.487387 -3.373665
 873.996412 -3.304044
 874.505437 -3.216400
 875.014462 -3.243629
 875.523488 -3.293338
 876.032513 -3.251333
 876.541538 -3.225477
 877.050564 -3.269594
 877.559589 -3.294040
 878.068614 -3.255304
 878.577639 -3.298570
 879.086665 -3.273367
 879.595690 -3.239464
 880.104715 -3.258569
 880.613741 -3.291030
 881.122766 -3.270507
 881.631791 -3.263795
 882.140816 -3.315511
 882.649842 -3.306606
 883.158867 -3.208509
 883.667892 -3.237077
 884.176918 -3.317776
 884.685943 -3.247549
 885.194968 -3.238983
 885.703993 -3.273437
 886.213019 -3.320859
 886.722044 -3.242428
 887.231069 -3.254998
 887.740095 -3.308428
 888.249120 -3.290727
 888.758145 -3.225937
 889.267170 -3.251824
 889.776196 -3.296065
 890.285221 -3.239777
 890.794246 -3.229379
 891.303272 -3.271002
 891.812297 -3.240283
 892.321322 -3.281394
 892.830347 -3.319404
 893.339373 -3.261847
 893.848398 -3.234230
 894.357423 -3.278290
 894.866448 -3.293790
 895.375474 -3.314848
 895.884499 -3.283772
 896.393524 -3.242088
 896.902550 -3.283762
 897.411575 -3.310256
 897.920600 -3.286595
 898.429625 -3.281454
 898.938651 -3.289068
 899.447676 -3.288329
 899.956701 -3.216645
 900.465727 -3.278135
 900.974752 -3.332083
 901.483777 -3.322097
 901.992802 -3.254670
 902.501828 -3.229589
 903.010853 -3.273708
 903.519878 -3.316935
 904.028904 -3.278821
 904.537929 -3.257909
 905.046954 -3.241020
 905.555979 -3.309428
 906.065005 -3.353160
 906.574030 -3.187863
 907.083055 -3.225116
 907.592081 -3.340305
 908.101106 -3.292629
 908.610131 -3.219429
 909.119156 -3.254340
 909.628182 -3.306487
 910.137207 -3.268457
 910.646232 -3.280433
 911.155258 -3.260336
 911.664283 -3.262724
 912.173308 -3.269052
 912.682333 -3.228011
 913.191359 -3.279318
 913.700384 -3.318573
 914.209409 -3.312468
 914.718435 -3.266872
 915.227460 -3.212528
 915.736485 -3.337980
 916.245510 -3.338714
 916.754536 -3.202264
 917.263561 -3.219486
 917.772586 -3.359343
 918.281612 -3.238118
 918.790637 -3.208212
 919.299662 -3.255686
 919.808687 -3.337822
 920.317713 -3.289180
 920.826738 -3.287905
 921.335763 -3.218608
 921.844789 -3.216618
 922.353814 -3.325201
 922.862839 -3.261295
 923.371864 -3.213161
 923.880890 -3.313646
 924.389915 -3.270054
 924.898940 -3.246378
 925.407966 -3.237807
 925.916991 -3.305153
 926.426016 -3.231489
 926.935041 -3.195268
 927.444067 -3.293387
 927.953092 -3.309024
 928.462117 -3.295922
 928.971142 -3.304832
 929.480168 -3.281946
 929.989193 -3.236616
 930.498218 -3.289045
 931.007244 -3.299012
 931.516269 -3.283860
 932.025294 -3.275726
 932.534319 -3.249700
 933.043345 -3.265707
 933.552370 -3.308633
 934.061395 -3.247751
 934.570421 -3.263144
 935.079446 -3.299364
 935.588471 -3.211986
 936.097496 -3.244494
 936.606522 -3.289380
 937.115547 -3.233870
 937.624572 -3.225958
 938.133598 -3.259689
 938.642623 -3.244242
 939.151648 -3.216193
 939.660673 -3.271952
 940.169699 -3.319883
 940.678724 -3.276931
 941.187749 -3.258389
 941.696775 -3.296415
 942.205800 -3.306252
 942.714825 -3.278710
 943.223850 -3.209882
 943.732876 -3.198610
 944.241901 -3.245602
 944.750926 -3.363770
 945.259952 -3.330224
 945.768977 -3.196819
 946.278002 -3.257114
 946.787027 -3.317060
 947.296053 -3.219919
 947.805078 -3.242530
 948.314103 -3.298652
 948.823129 -3.257118
 949.332154 -3.221374
 949.841179 -3.271151
 950.350204 -3.340462
 950.859230 -3.293878
 951.368255 -3.229918
 951.877280 -3.201712
 952.386306 -3.237607
 952.895331 -3.289942
 953.404356 -3.296088
 953.913381 -3.276252
 954.422407 -3.268596
 954.931432 -3.243480
 955.440457 -3.310927
 955.949483 -3.275122
 956.458508 -3.270849
 956.967533 -3.243880
 957.476558 -3.252764
 957.985584 -3.298124
 958.494609 -3.261203
 959.003634 -3.267388
 959.512660 -3.242336
 960.021685 -3.255209
 960.530710 -3.339263
 961.039735 -3.299521
 961.548761 -3.245712
 962.057786 -3.220573
 962.566811 -3.273946
 963.075836 -3.302157
 963.584862 -3.279813
 964.093887 -3.287580
 964.602912 -3.292667
 965.111938 -3.246031
 965.620963 -3.284724
 966.129988 -3.276657
 966.639013 -3.264718
 967.148039 -3.279667
 967.657064 -3.250612
 968.166089 -3.235762
 968.675115 -3.247521
 969.184140 -3.212693
 969.693165 -3.275145
 970.202190 -3.340960
 970.711216 -3.341668
 971.220241 -3.234214
 971.729266 -3.240854
 972.238292 -3.282401
 972.747317 -3.280575
 973.256342 -3.254682
 973.765367 -3.252985
 974.274393 -3.279864
 974.783418 -3.249994
 975.292443 -3.282667
 975.801469 -3.274798
 976.310494 -3.260407
 976.819519 -3.245658
 977.328544 -3.309593
 977.837570 -3.261526
 978.346595 -3.254784
 978.855620 -3.333593
 979.364646 -3.283458
 979.873671 -3.274001
 980.382696 -3.223249
 980.891721 -3.255896
 981.400747 -3.310891
 981.909772 -3.307956
 982.418797 -3.270325
 982.927823 -3.219544
 983.436848 -3.260802
 983.945873 -3.297369
 984.454898 -3.251274
 984.963924 -3.277945
 985.472949 -3.246168
 985.981974 -3.255248
 986.491000 -3.258074
 987.000025 -3.307852
 987.509050 -3.254068
 988.018075 -3.281805
 988.527101 -3.268834
 989.036126 -3.316778
 989.545151 -3.259916
 990.054177 -3.224524
 990.563202 -3.280481
 991.072227 -3.308050
 991.581252 -3.274729
 992.090278 -3.222468
 992.599303 -3.224973
 993.108328 -3.321810
 993.617354 -3.341272
 994.126379 -3.245251
 994.635404 -3.230377
 995.144429 -3.303708
 995.653455 -3.332457
 996.162480 -3.265383
 996.671505 -3.220813
 997.180530 -3.229721
 997.689556 -3.238069
 998.198581 -3.303372
 998.707606 -3.284697
 999.216632 -3.314763
 999.725657 -3.266247
 1000.234682 -3.244980
 1000.743707 -3.268516
 1001.252733 -3.249326
 1001.761758 -3.301818
 1002.270783 -3.296203
 1002.779809 -3.226251
 1003.288834 -3.252478
 1003.797859 -3.315833
 1004.306884 -3.260611
 1004.815910 -3.267689
 1005.324935 -3.265046
 1005.833960 -3.223372
 1006.342986 -3.309620
 1006.852011 -3.310314
 1007.361036 -3.252566
 1007.870061 -3.218920
 1008.379087 -3.352301
 1008.888112 -3.299630
 1009.397137 -3.253134
 1009.906163 -3.322749
 1010.415188 -3.315139
 1010.924213 -3.251017
 1011.433238 -3.223752
 1011.942264 -3.241716
 1012.451289 -3.319384
 1012.960314 -3.284673
 1013.469340 -3.244467
 1013.978365 -3.306255
 1014.487390 -3.278021
 1014.996415 -3.326755
 1015.505441 -3.270240
 1016.014466 -3.293730
 1016.523491 -3.275350
 1017.032517 -3.281834
 1017.541542 -3.309314
 1018.050567 -3.264435
