#! FIELDS time cv
 0.000000 -0.931563
 0.509025 -1.016996
 1.018051 -0.978143
 1.527076 -0.947795
 2.036101 -0.964964
 2.545126 -0.976301
 3.054152 -0.980441
 3.563177 -0.967077
 4.072202 -1.041735
 4.581228 -0.987375
 5.090253 -0.990420
 5.599278 -0.952108
 6.108303 -0.954772
 6.617329 -1.036970
 7.126354 -0.933274
 7.635379 -0.940919
 8.144405 -1.011400
 8.653430 -1.010437
 9.162455 -1.005736
 9.671480 -1.003053
 10.180506 -0.965961
 10.689531 -0.976852
 11.198556 -0.987263
 11.707582 -0.941630
 12.216607 -0.951784
 12.725632 -0.979855
 13.234657 -0.953560
 13.743683 -0.908893
 14.252708 -0.937876
 14.761733 -0.925152
 15.270759 -0.945395
 15.779784 -0.965784
 16.288809 -0.934864
 16.797834 -0.953736
 17.306860 -0.979358
 17.815885 -0.917418
 18.324910 -0.991095
 18.833935 -1.010246
 19.342961 -0.926126
 19.851986 -0.984363
 20.361011 -0.999781
 20.870037 -0.934759
 21.379062 -0.963574
 21.888087 -0.970801
 22.397112 -0.943434
 22.906138 -0.959039
 23.415163 -0.992261
 23.924188 -1.001819
 24.433214 -0.973056
 24.942239 -0.938931
 25.451264 -0.903304
 25.960289 -0.915808
 26.469315 -0.850526
 26.978340 -0.925601
 27.487365 -1.015304
 27.996391 -1.026089
 28.505416 -1.025846
 29.014441 -0.971848
 29.523466 -0.939365
 30.032492 -0.956938
 30.541517 -0.981928
 31.050542 -0.913310
 31.559568 -0.977558
 32.068593 -0.982359
 32.577618 -0.945469
 33.086643 -0.974773
 33.595669 -1.007174
 34.104694 -0.932298
 34.613719 -0.999623
 35.122745 -0.981064
 35.631770 -0.994956
 36.140795 -0.951356
 36.649820 -0.969161
 37.158846 -1.019460
 37.667871 -0.999993
 38.176896 -0.964745
 38.685922 -1.018650
 39.194947 -0.974963
 39.703972 -0.911562
 40.212997 -0.993554
 40.722023 -1.007920
 41.231048 -0.946757
 41.740073 -0.994929
 42.249099 -0.968726
 42.758124 -0.990035
 43.267149 -1.011749
 43.776174 -1.017672
 44.285200 -0.932203
 44.794225 -1.010823
 45.303250 -0.985056
 45.812276 -0.995738
 46.321301 -0.989059
 46.830326 -1.002451
 47.339351 -0.977021
 47.848377 -0.998060
 48.357402 -0.955249
 48.866427 -0.966491
 49.375453 -0.944120
 49.884478 -0.963286
 50.393503 -0.979733
 50.902528 -0.980246
 51.411554 -0.921769
 51.920579 -0.978650
 52.429604 -0.987440
 52.938629 -0.966254
 53.447655 -0.973074
 53.956680 -0.986070
 54.465705 -0.993031
 54.974731 -0.928486
 55.483756 -1.015361
 55.992781 -1.021504
 56.501806 -0.962274
 57.010832 -0.925239
 57.519857 -0.950030
 58.028882 -0.964993
 58.537908 -1.033804
 59.046933 -1.015082
 59.555958 -0.961731
 60.064983 -0.982651
 60.574009 -0.937456
 61.083034 -0.993608
 61.592059 -1.012377
 62.101085 -1.023244
 62.610110 -0.993407
 63.119135 -0.959229
 63.628160 -0.964243
 64.137186 -0.993019
 64.646211 -1.005473
 65.155236 -0.990602
 65.664262 -0.943017
 66.173287 -0.931657
 66.682312 -0.986548
 67.191337 -0.973449
 67.700363 -1.052149
 68.209388 -1.015513
 68.718413 -0.958343
 69.227439 -0.990429
 69.736464 -0.925525
 70.245489 -1.001029
 70.754514 -0.978263
 71.263540 -1.059505
 71.772565 -1.010220
 72.281590 -0.933307
 72.790616 -0.977711
 73.299641 -0.994007
 73.808666 -0.955134
 74.317691 -0.979524
 74.826717 -0.964412
 75.335742 -1.015179
 75.844767 -0.961866
 76.353793 -0.943430
 76.862818 -0.911599
 77.371843 -0.966547
 77.880868 -1.008594
 78.389894 -1.002084
 78.898919 -0.956799
 79.407944 -0.989421
 79.916970 -0.985202
 80.425995 -0.983125
 80.935020 -0.930101
 81.444045 -0.905353
 81.953071 -0.991232
 82.462096 -0.945290
 82.971121 -0.958169
 83.480147 -1.001587
 83.989172 -0.988835
 84.498197 -0.990478
 85.007222 -0.932937
 85.516248 -0.977475
 86.025273 -0.988781
 86.534298 -0.989616
 87.043323 -0.988982
 87.552349 -0.985852
 88.061374 -0.963963
 88.570399 -0.943532
 89.079425 -1.013591
 89.588450 -0.952468
 90.097475 -0.961845
 90.606500 -0.967919
 91.115526 -0.942846
 91.624551 -0.961735
 92.133576 -0.971649
 92.642602 -1.006382
 93.151627 -0.977777
 93.660652 -0.980848
 94.169677 -0.956095
 94.678703 -0.891169
 95.187728 -0.923955
 95.696753 -1.078420
 96.205779 -0.932164
 96.714804 -0.993909
 97.223829 -0.936805
 97.732854 -1.026260
 98.241880 -0.991398
 98.750905 -0.930955
 99.259930 -1.030361
 99.768956 -0.886911
 100.277981 -0.959705
 100.787006 -0.980911
 101.296031 -0.955490
 101.805057 -0.929460
 102.314082 -0.995539
 102.823107 -1.018264
 103.332133 -0.983933
 103.841158 -1.000171
 104.350183 -0.918240
 104.859208 -0.962339
 105.368234 -1.044671
 105.877259 -1.034841
 106.386284 -0.936641
 106.895310 -0.921152
 107.404335 -0.911934
 107.913360 -1.017827
 108.422385 -1.024000
 108.931411 -0.976656
 109.440436 -0.998535
 109.949461 -1.009634
 110.458487 -1.008562
 110.967512 -0.898800
 111.476537 -0.953035
 111.985562 -0.954884
 112.494588 -0.954970
 113.003613 -0.967376
 113.512638 -0.976361
 114.021664 -1.016499
 114.530689 -0.988789
 115.039714 -0.999567
 115.548739 -0.977679
 116.057765 -0.890116
 116.566790 -0.955484
 117.075815 -1.023074
 117.584841 -0.953776
 118.093866 -0.966562
 118.602891 -0.962748
 119.111916 -0.999976
 119.620942 -1.045466
 120.129967 -0.998573
 120.638992 -0.959713
 121.148017 -0.895408
 121.657043 -1.017129
 122.166068 -1.000257
 122.675093 -1.010626
 123.184119 -1.008789
 123.693144 -0.920780
 124.202169 -1.016268
 124.711194 -0.971054
 125.220220 -0.939898
 125.729245 -0.925272
 126.238270 -0.998681
 126.747296 -0.968733
 127.256321 -0.994381
 127.765346 -1.001958
 128.274371 -0.990172
 128.783397 -0.959536
 129.292422 -0.940910
 129.801447 -1.006726
 130.310473 -0.950107
 130.819498 -1.019475
 131.328523 -0.976884
 131.837548 -0.965215
 132.346574 -0.952874
 132.855599 -1.034022
 133.364624 -0.987120
 133.873650 -0.954143
 134.382675 -0.968146
 134.891700 -0.958831
 135.400725 -1.027186
 135.909751 -0.951693
 136.418776 -0.985852
 136.927801 -0.942006
 137.436827 -0.924401
 137.945852 -1.004132
 138.454877 -1.010274
 138.963902 -0.957200
 139.472928 -0.947774
 139.981953 -0.953771
 140.490978 -0.988377
 141.000004 -0.948449
 141.509029 -0.984777
 142.018054 -0.955987
 142.527079 -0.940103
 143.036105 -1.002204
 143.545130 -1.013485
 144.054155 -0.959172
 144.563181 -0.975462
 145.072206 -0.954657
 145.581231 -0.918997
 146.090256 -0.982270
 146.599282 -0.979456
 147.108307 -0.952474
 147.617332 -0.880665
 148.126358 -0.918887
 148.635383 -1.007609
 149.144408 -0.912789
 149.653433 -0.941964
 150.162459 -0.994918
 150.671484 -0.940209
 151.180509 -0.959921
 151.689535 -0.981753
 152.198560 -0.927836
 152.707585 -0.951192
 153.216610 -1.005426
 153.725636 -0.978628
 154.234661 -0.955009
 154.743686 -0.946682
 155.252711 -0.963037
 155.761737 -1.007336
 156.270762 -1.046690
 156.779787 -0.965857
 157.288813 -0.950624
 157.797838 -0.982506
 158.306863 -0.971558
 158.815888 -0.949415
 159.324914 -0.943102
 159.833939 -0.939126
 160.342964 -0.952669
 160.851990 -0.945681
 161.361015 -0.922479
 161.870040 -0.974737
 162.379065 -0.939078
 162.888091 -0.981395
 163.397116 -0.973211
 163.906141 -0.983815
 164.415167 -0.938388
 164.924192 -0.974990
 165.433217 -0.925041
 165.942242 -1.028080
 166.451268 -1.017469
 166.960293 -0.944671
 167.469318 -0.977489
 167.978344 -1.010265
 168.487369 -1.013819
 168.996394 -0.937750
 169.505419 -0.948215
 170.014445 -0.969522
 170.523470 -0.972444
 171.032495 -0.975868
 171.541521 -0.978248
 172.050546 -0.974430
 172.559571 -0.978973
 173.068596 -0.945727
 173.577622 -0.935958
 174.086647 -0.970428
 174.595672 -0.967141
 175.104698 -0.956671
 175.613723 -1.035461
 176.122748 -0.949941
 176.631773 -0.915339
 177.140799 -0.981068
 177.649824 -1.026908
 178.158849 -0.947767
 178.667875 -0.983593
 179.176900 -1.032321
 179.685925 -0.995258
 180.194950 -0.997523
 180.703976 -0.960260
 181.213001 -0.939256
 181.722026 -0.933747
 182.231052 -1.063891
 182.740077 -1.007227
 183.249102 -1.044542
 183.758127 -0.985158
 184.267153 -0.948565
 184.776178 -0.963745
 185.285203 -0.976055
 185.794228 -0.978444
 186.303254 -0.937479
 186.812279 -0.974521
 187.321304 -0.950678
 187.830330 -0.937489
 188.339355 -0.991430
 188.848380 -0.982086
 189.357405 -0.991245
 189.866431 -0.964006
 190.375456 -1.015601
 190.884481 -1.003214
 191.393507 -0.948122
 191.902532 -0.917603
 192.411557 -0.998607
 192.920582 -0.962259
 193.429608 -1.023523
 193.938633 -0.931780
 194.447658 -0.957649
 194.956684 -1.022046
 195.465709 -0.971334
 195.974734 -0.928107
 196.483759 -0.986964
 196.992785 -0.968564
 197.501810 -0.982747
 198.010835 -0.984261
 198.519861 -0.937526
 199.028886 -0.934371
 199.537911 -0.984308
 200.046936 -1.001195
 200.555962 -0.949189
 201.064987 -0.968056
 201.574012 -0.977208
 202.083038 -0.982185
 202.592063 -0.997694
 203.101088 -0.998733
 203.610113 -0.983778
 204.119139 -0.966402
 204.628164 -0.987577
 205.137189 -1.023164
 205.646215 -0.957924
 206.155240 -0.946119
 206.664265 -0.968147
 207.173290 -0.906331
 207.682316 -1.011388
 208.191341 -0.969502
 208.700366 -0.978117
 209.209392 -0.942613
 209.718417 -0.957658
 210.227442 -0.983608
 210.736467 -0.978307
 211.245493 -0.968498
 211.754518 -0.961534
 212.263543 -0.967199
 212.772569 -0.991023
 213.281594 -0.990925
 213.790619 -0.918846
 214.299644 -0.977218
 214.808670 -0.987386
 215.317695 -0.971230
 215.826720 -0.954848
 216.335746 -0.981556
 216.844771 -0.991415
 217.353796 -0.948342
 217.862821 -0.934268
 218.371847 -0.991382
 218.880872 -1.016630
 219.389897 -0.988045
 219.898922 -0.933436
 220.407948 -0.984428
 220.916973 -0.988764
 221.425998 -0.971710
 221.935024 -0.930776
 222.444049 -0.965366
 222.953074 -1.019392
 223.462099 -1.031783
 223.971125 -0.934657
 224.480150 -0.935197
 224.989175 -1.022176
 225.498201 -0.954944
 226.007226 -0.963478
 226.516251 -0.966761
 227.025276 -0.967759
 227.534302 -1.048499
 228.043327 -0.925878
 228.552352 -0.944597
 229.061378 -0.969979
 229.570403 -0.998827
 230.079428 -0.978340
 230.588453 -0.928715
 231.097479 -1.024454
 231.606504 -1.008013
 232.115529 -0.983315
 232.624555 -0.937063
 233.133580 -0.953132
 233.642605 -0.973242
 234.151630 -0.994139
 234.660656 -1.076488
 235.169681 -0.983489
 235.678706 -0.927201
 236.187732 -0.948142
 236.696757 -0.982310
 237.205782 -0.980653
 237.714807 -0.958030
 238.223833 -0.994556
 238.732858 -0.993261
 239.241883 -0.983046
 239.750909 -0.985769
 240.259934 -1.007433
 240.768959 -0.955507
 241.277984 -0.941450
 241.787010 -0.979431
 242.296035 -0.999518
 242.805060 -1.016586
 243.314086 -1.003431
 243.823111 -0.919539
 244.332136 -0.975746
 244.841161 -0.963288
 245.350187 -1.020375
 245.859212 -1.027728
 246.368237 -1.015490
 246.877263 -0.926880
 247.386288 -0.958656
 247.895313 -0.975430
 248.404338 -0.968012
 248.913364 -1.035534
 249.422389 -0.939870
 249.931414 -1.001486
 250.440440 -0.941945
 250.949465 -0.937277
 251.458490 -0.983835
 251.967515 -0.997189
 252.476541 -0.976733
 252.985566 -1.025098
 253.494591 -1.007981
 254.003616 -0.900951
 254.512642 -0.932554
 255.021667 -1.026091
 255.530692 -0.969115
 256.039718 -0.974182
 256.548743 -0.984774
 257.057768 -1.032117
 257.566793 -0.906298
 258.075819 -0.914986
 258.584844 -1.046119
 259.093869 -0.921333
 259.602895 -0.964872
 260.111920 -0.904596
 260.620945 -0.978359
 261.129970 -0.983657
 261.638996 -1.001305
 262.148021 -0.980588
 262.657046 -0.948376
 263.166072 -0.962867
 263.675097 -0.966955
 264.184122 -0.979339
 264.693147 -0.990461
 265.202173 -0.956321
 265.711198 -0.928407
 266.220223 -0.992112
 266.729249 -0.958821
 267.238274 -0.971404
 267.747299 -0.938437
 268.256324 -1.003799
 268.765350 -1.026520
 269.274375 -1.022526
 269.783400 -0.916012
 270.292426 -0.957644
 270.801451 -0.961058
 271.310476 -0.979334
 271.819501 -0.919692
 272.328527 -0.957526
 272.837552 -0.977837
 273.346577 -1.002439
 273.855603 -0.950001
 274.364628 -0.978013
 274.873653 -0.992669
 275.382678 -0.978300
 275.891704 -0.954137
 276.400729 -0.964977
 276.909754 -0.948445
 277.418780 -0.945188
 277.927805 -0.942531
 278.436830 -0.935757
 278.945855 -0.981327
 279.454881 -1.011480
 279.963906 -1.022248
 280.472931 -0.965607
 280.981957 -1.013290
 281.490982 -0.939897
 282.000007 -0.918118
 282.509032 -0.951287
 283.018058 -0.986239
 283.527083 -0.960533
 284.036108 -0.943977
 284.545134 -0.984252
 285.054159 -0.984138
 285.563184 -0.942331
 286.072209 -0.966695
 286.581235 -1.006062
 287.090260 -0.907727
 287.599285 -0.935407
 288.108310 -1.009272
 288.617336 -0.974424
 289.126361 -0.996689
 289.635386 -0.918023
 290.144412 -0.978339
 290.653437 -1.016171
 291.162462 -0.987844
 291.671487 -0.975019
 292.180513 -0.940634
 292.689538 -0.989928
 293.198563 -1.005056
 293.707589 -0.927155
 294.216614 -0.988709
 294.725639 -0.981910
 295.234664 -1.004324
 295.743690 -0.931794
 296.252715 -0.908076
 296.761740 -0.968163
 297.270766 -0.918856
 297.779791 -1.006457
 298.288816 -0.968719
 298.797841 -1.032418
 299.306867 -0.999082
 299.815892 -0.918508
 300.324917 -0.922679
 300.833943 -0.999818
 301.342968 -1.010534
 301.851993 -0.925004
 302.361018 -0.983480
 302.870044 -0.961101
 303.379069 -0.971150
 303.888094 -0.873430
 304.397120 -0.981653
 304.906145 -0.984608
 305.415170 -0.966725
 305.924195 -0.904895
 306.433221 -0.887458
 306.942246 -0.983194
 307.451271 -1.028689
 307.960297 -0.926341
 308.469322 -0.963322
 308.978347 -0.959089
 309.487372 -1.040392
 309.996398 -0.986875
 310.505423 -1.014509
 311.014448 -0.997083
 311.523474 -1.010769
 312.032499 -0.964098
 312.541524 -0.943879
 313.050549 -0.978692
 313.559575 -0.968855
 314.068600 -0.918847
 314.577625 -0.980521
 315.086651 -1.010635
 315.595676 -1.015040
 316.104701 -0.884802
 316.613726 -0.960914
 317.122752 -0.968039
 317.631777 -1.003439
 318.140802 -0.980384
 318.649828 -0.907612
 319.158853 -1.002191
 319.667878 -1.026272
 320.176903 -0.904793
 320.685929 -0.903631
 321.194954 -0.968636
 321.703979 -0.992805
 322.213004 -0.992758
 322.722030 -0.985220
 323.231055 -0.988684
 323.740080 -0.935723
 324.249106 -0.940898
 324.758131 -0.992497
 325.267156 -0.957988
 325.776181 -0.998264
 326.285207 -1.002392
 326.794232 -1.007509
 327.303257 -1.011261
 327.812283 -0.973921
 328.321308 -0.991568
 328.830333 -1.027853
 329.339358 -1.002864
 329.848384 -0.908899
 330.357409 -0.973712
 330.866434 -0.956901
 331.375460 -0.954530
 331.884485 -0.978279
 332.393510 -0.986500
 332.902535 -0.964063
 333.411561 -1.027703
 333.920586 -0.929564
 334.429611 -0.968993
 334.938637 -0.980834
 335.447662 -1.019074
 335.956687 -0.997028
 336.465712 -1.007843
 336.974738 -0.945111
 337.483763 -0.993705
 337.992788 -1.001346
 338.501814 -0.976365
 339.010839 -0.886616
 339.519864 -0.973155
 340.028889 -0.983161
 340.537915 -0.983626
 341.046940 -0.981314
 341.555965 -1.016058
 342.064991 -1.015572
 342.574016 -0.997716
 343.083041 -0.999426
 343.592066 -1.012487
 344.101092 -0.879614
 344.610117 -0.939118
 345.119142 -0.979425
 345.628168 -0.995031
 346.137193 -1.011262
 346.646218 -0.971197
 347.155243 -0.995922
 347.664269 -0.961747
 348.173294 -0.886505
 348.682319 -0.996916
 349.191345 -1.009139
 349.700370 -0.991450
 350.209395 -1.004049
 350.718420 -1.000842
 351.227446 -0.978870
 351.736471 -0.985665
 352.245496 -1.020198
 352.754522 -1.039606
 353.263547 -0.997778
 353.772572 -0.909169
 354.281597 -0.923924
 354.790623 -0.967076
 355.299648 -1.027321
 355.808673 -0.969219
 356.317698 -0.941831
 356.826724 -0.919323
 357.335749 -0.927014
 357.844774 -0.923030
 358.353800 -0.982033
 358.862825 -1.045873
 359.371850 -0.987842
 359.880875 -0.869682
 360.389901 -0.977213
 360.898926 -1.033269
 361.407951 -1.005857
 361.916977 -0.919210
 362.426002 -0.984519
 362.935027 -1.021583
 363.444052 -0.978377
 363.953078 -0.949270
 364.462103 -0.932470
 364.971128 -1.015346
 365.480154 -1.010240
 365.989179 -0.954507
 366.498204 -0.953957
 367.007229 -1.007356
 367.516255 -0.996171
 368.025280 -1.036626
 368.534305 -0.952279
 369.043331 -0.948012
 369.552356 -0.969469
 370.061381 -0.953350
 370.570406 -0.996300
 371.079432 -0.971658
 371.588457 -1.000179
 372.097482 -0.977667
 372.606508 -0.968613
 373.115533 -0.932956
 373.624558 -0.945018
 374.133583 -1.007610
 374.642609 -0.926503
 375.151634 -0.992632
 375.660659 -1.034329
 376.169685 -1.020483
 376.678710 -0.931979
 377.187735 -0.956078
 377.696760 -0.920071
 378.205786 -1.008983
 378.714811 -1.010782
 379.223836 -0.956268
 379.732862 -0.976033
 380.241887 -1.012885
 380.750912 -0.921527
 381.259937 -0.946605
 381.768963 -0.925290
 382.277988 -0.995461
 382.787013 -0.965698
 383.296039 -0.998820
 383.805064 -1.003172
 384.314089 -0.942741
 384.823114 -0.975863
 385.332140 -0.979209
 385.841165 -0.993631
 386.350190 -0.988752
 386.859216 -0.982260
 387.368241 -1.006611
 387.877266 -0.917536
 388.386291 -0.966828
 388.895317 -0.929714
 389.404342 -0.963985
 389.913367 -1.002279
 390.422392 -0.963648
 390.931418 -0.917437
 391.440443 -0.913389
 391.949468 -0.989748
 392.458494 -0.943690
 392.967519 -0.962421
 393.476544 -0.977753
 393.985569 -0.958563
 394.494595 -1.017764
 395.003620 -1.003595
 395.512645 -0.968750
 396.021671 -0.993027
 396.530696 -0.857043
 397.039721 -0.985383
 397.548746 -0.941693
 398.057772 -1.043351
 398.566797 -1.044499
 399.075822 -0.991704
 399.584848 -0.958709
 400.093873 -0.965400
 400.602898 -0.934936
 401.111923 -1.001791
 401.620949 -0.937672
 402.129974 -0.947831
 402.638999 -0.992939
 403.148025 -0.973078
 403.657050 -1.005839
 404.166075 -1.063223
 404.675100 -1.040968
 405.184126 -0.901508
 405.693151 -0.995588
 406.202176 -0.950631
 406.711202 -1.007299
 407.220227 -1.011907
 407.729252 -1.014215
 408.238277 -0.915337
 408.747303 -0.862972
 409.256328 -1.007388
 409.765353 -1.034480
 410.274379 -0.984282
 410.783404 -0.933156
 411.292429 -1.020294
 411.801454 -0.969451
 412.310480 -1.014374
 412.819505 -0.954436
 413.328530 -0.951065
 413.837556 -0.946968
 414.346581 -0.975362
 414.855606 -0.980263
 415.364631 -0.932153
 415.873657 -0.931953
 416.382682 -1.008651
 416.891707 -0.986238
 417.400733 -0.951221
 417.909758 -0.944482
 418.418783 -0.937675
 418.927808 -0.961470
 419.436834 -0.980922
 419.945859 -0.955875
 420.454884 -0.986237
 420.963910 -1.026020
 421.472935 -0.988140
 421.981960 -0.895025
 422.490985 -0.961607
 423.000011 -1.020751
 423.509036 -0.987553
 424.018061 -1.019506
 424.527086 -0.989799
 425.036112 -0.908526
 425.545137 -1.036972
 426.054162 -0.955779
 426.563188 -0.983324
 427.072213 -0.995908
 427.581238 -0.958079
 428.090263 -0.920973
 428.599289 -0.982943
 429.108314 -0.955951
 429.617339 -0.985532
 430.126365 -0.975453
 430.635390 -0.990951
 431.144415 -0.953858
 431.653440 -0.989241
 432.162466 -0.976494
 432.671491 -0.993856
 433.180516 -0.988686
 433.689542 -0.968632
 434.198567 -0.956378
 434.707592 -0.951327
 435.216617 -0.981429
 435.725643 -0.995309
 436.234668 -0.964376
 436.743693 -0.997797
 437.252719 -0.965020
 437.761744 -0.966714
 438.270769 -0.983315
 438.779794 -0.933609
 439.288820 -0.967659
 439.797845 -0.990460
 440.306870 -0.972575
 440.815896 -1.009168
 441.324921 -0.981229
 441.833946 -1.018764
 442.342971 -0.979340
 442.851997 -0.958506
 443.361022 -0.955017
 443.870047 -0.944884
 444.379073 -0.965556
 444.888098 -0.990569
 445.397123 -0.979538
 445.906148 -0.946384
 446.415174 -0.936479
 446.924199 -0.998923
 447.433224 -0.999489
 447.942250 -1.020214
 448.451275 -0.960401
 448.960300 -0.913286
 449.469325 -0.996367
 449.978351 -1.032391
 450.487376 -0.997354
 450.996401 -1.011099
 451.505427 -0.953086
 452.014452 -0.937762
 452.523477 -0.955309
 453.032502 -1.007537
 453.541528 -0.973656
 454.050553 -0.969340
 454.559578 -1.002313
 455.068604 -1.001379
 455.577629 -0.974868
 456.086654 -0.939919
 456.595679 -1.048432
 457.104705 -0.985160
 457.613730 -0.957082
 458.122755 -0.998943
 458.631780 -0.961437
 459.140806 -0.981039
 459.649831 -0.954296
 460.158856 -0.941461
 460.667882 -1.008214
 461.176907 -0.953475
 461.685932 -0.974899
 462.194957 -1.049730
 462.703983 -0.982584
 463.213008 -0.946297
 463.722033 -0.893905
 464.231059 -0.974023
 464.740084 -0.989107
 465.249109 -0.975281
 465.758134 -0.995765
 466.267160 -0.997052
 466.776185 -0.965969
 467.285210 -0.990623
 467.794236 -0.951451
 468.303261 -0.955854
 468.812286 -0.955819
 469.321311 -0.919157
 469.830337 -0.933209
 470.339362 -1.015882
 470.848387 -0.899438
 471.357413 -0.942060
 471.866438 -0.960722
 472.375463 -1.004073
 472.884488 -0.934114
 473.393514 -0.971716
 473.902539 -1.000380
 474.411564 -0.962202
 474.920590 -0.947511
 475.429615 -0.979558
 475.938640 -1.005112
 476.447665 -0.957256
 476.956691 -0.969918
 477.465716 -0.915025
 477.974741 -1.014787
 478.483767 -0.988799
 478.992792 -0.986956
 479.501817 -0.976618
 480.010842 -0.945209
 480.519868 -0.903283
 481.028893 -1.025534
 481.537918 -1.043700
 482.046944 -0.932273
 482.555969 -0.935495
 483.064994 -0.994894
 483.574019 -1.028911
 484.083045 -0.967641
 484.592070 -0.969334
 485.101095 -1.046806
 485.610121 -1.015489
 486.119146 -0.928959
 486.628171 -0.892465
 487.137196 -0.976234
 487.646222 -1.035933
 488.155247 -0.953678
 488.664272 -0.994526
 489.173297 -0.939399
 489.682323 -0.937000
 490.191348 -0.958924
 490.700373 -1.016783
 491.209399 -0.989270
 491.718424 -0.905818
 492.227449 -0.973347
 492.736474 -0.988668
 493.245500 -0.953500
 493.754525 -0.949691
 494.263550 -0.972494
 494.772576 -0.990161
 495.281601 -0.974475
 495.790626 -1.002615
 496.299651 -0.967984
 496.808677 -0.939030
 497.317702 -0.984387
 497.826727 -0.957459
 498.335753 -1.045374
 498.844778 -0.986345
 499.353803 -0.930432
 499.862828 -0.920678
 500.371854 -1.038113
 500.880879 -1.025221
 501.389904 -0.988989
 501.898930 -0.943472
 502.407955 -0.990159
 502.916980 -0.992616
 503.426005 -0.920059
 503.935031 -0.966661
 504.444056 -0.964464
 504.953081 -0.991351
 505.462107 -1.074786
 505.971132 -0.925418
 506.480157 -0.926311
 506.989182 -0.940360
 507.498208 -1.012770
 508.007233 -0.943837
 508.516258 -0.954898
 509.025284 -0.973578
 509.534309 -0.962828
 510.043334 -1.018424
 510.552359 -0.985807
 511.061385 -0.905311
 511.570410 -0.958296
 512.079435 -1.046555
 512.588461 -1.036020
 513.097486 -0.976703
 513.606511 -0.902201
 514.115536 -0.990144
 514.624562 -0.976323
 515.133587 -0.997554
 515.642612 -0.984923
 516.151638 -0.956969
 516.660663 -0.985982
 517.169688 -0.972350
 517.678713 -1.013744
 518.187739 -0.981546
 518.696764 -0.966391
 519.205789 -0.971315
 519.714815 -0.974520
 520.223840 -1.005761
 520.732865 -0.983475
 521.241890 -0.917842
 521.750916 -0.990936
 522.259941 -0.974446
 522.768966 -0.978729
 523.277991 -0.939444
 523.787017 -1.010873
 524.296042 -1.002792
 524.805067 -0.991705
 525.314093 -0.997540
 525.823118 -0.991963
 526.332143 -0.979038
 526.841168 -0.972976
 527.350194 -0.944607
 527.859219 -0.921164
 528.368244 -0.992168
 528.877270 -0.938735
 529.386295 -0.990471
 529.895320 -0.941729
 530.404345 -0.926936
 530.913371 -1.009754
 531.422396 -0.990519
 531.931421 -1.012669
 532.440447 -0.967811
 532.949472 -0.919986
 533.458497 -0.998395
 533.967522 -0.952593
 534.476548 -0.912617
 534.985573 -0.995399
 535.494598 -1.015331
 536.003624 -0.940473
 536.512649 -0.973429
 537.021674 -0.918203
 537.530699 -1.001981
 538.039725 -0.970055
 538.548750 -0.999321
 539.057775 -0.962150
 539.566801 -0.966880
 540.075826 -0.974433
 540.584851 -0.947084
 541.093876 -1.032932
 541.602902 -0.956558
 542.111927 -0.923927
 542.620952 -1.010044
 543.129978 -1.034207
 543.639003 -0.897850
 544.148028 -0.943911
 544.657053 -1.067848
 545.166079 -1.020764
 545.675104 -0.987063
 546.184129 -0.946901
 546.693155 -0.942351
 547.202180 -0.858524
 547.711205 -0.936740
 548.220230 -1.010918
 548.729256 -1.047147
 549.238281 -0.939919
 549.747306 -0.952459
 550.256332 -0.964307
 550.765357 -1.025931
 551.274382 -0.989448
 551.783407 -1.019931
 552.292433 -0.979181
 552.801458 -0.909381
 553.310483 -0.936749
 553.819509 -0.991964
 554.328534 -1.041766
 554.837559 -1.000879
 555.346584 -0.937031
 555.855610 -0.991642
 556.364635 -1.033388
 556.873660 -1.013618
 557.382685 -0.959481
 557.891711 -0.924699
 558.400736 -0.918119
 558.909761 -0.995069
 559.418787 -0.960706
 559.927812 -0.946000
 560.436837 -0.963739
 560.945862 -0.986647
 561.454888 -0.919797
 561.963913 -0.960539
 562.472938 -0.933293
 562.981964 -0.997690
 563.490989 -1.053891
 564.000014 -0.987622
 564.509039 -0.941248
 565.018065 -0.916146
 565.527090 -0.914741
 566.036115 -0.969588
 566.545141 -0.996927
 567.054166 -0.989434
 567.563191 -0.971231
 568.072216 -0.978938
 568.581242 -0.965651
 569.090267 -0.939999
 569.599292 -0.956711
 570.108318 -0.963627
 570.617343 -0.964601
 571.126368 -0.911793
 571.635393 -0.953739
 572.144419 -0.978501
 572.653444 -0.940381
 573.162469 -0.997876
 573.671495 -0.991307
 574.180520 -0.933235
 574.689545 -1.009944
 575.198570 -1.013103
 575.707596 -0.953274
 576.216621 -0.959344
 576.725646 -0.953746
 577.234672 -0.968932
 577.743697 -0.970249
 578.252722 -0.980559
 578.761747 -0.952041
 579.270773 -0.971757
 579.779798 -0.973770
 580.288823 -1.043957
 580.797849 -0.968535
 581.306874 -0.880455
 581.815899 -0.989311
 582.324924 -0.993131
 582.833950 -1.001983
 583.342975 -0.959570
 583.852000 -0.971661
 584.361026 -1.036019
 584.870051 -1.015219
 585.379076 -0.944378
 585.888101 -1.010067
 586.397127 -0.941895
 586.906152 -0.923881
 587.415177 -0.987528
 587.924203 -1.003303
 588.433228 -1.011953
 588.942253 -0.968754
 589.451278 -0.986197
 589.960304 -0.959884
 590.469329 -0.938318
 590.978354 -0.977173
 591.487379 -0.977246
 591.996405 -0.967060
 592.505430 -0.928119
 593.014455 -0.975223
 593.523481 -1.019035
 594.032506 -0.973288
 594.541531 -0.923885
 595.050556 -0.952938
 595.559582 -1.000014
 596.068607 -0.939324
 596.577632 -0.957336
 597.086658 -0.975666
 597.595683 -1.023031
 598.104708 -0.963438
 598.613733 -0.985137
 599.122759 -0.946716
 599.631784 -1.017107
 600.140809 -1.014523
 600.649835 -1.010413
 601.158860 -0.932727
 601.667885 -0.958372
 602.176910 -0.916188
 602.685936 -1.001075
 603.194961 -0.961091
 603.703986 -0.886337
 604.213012 -1.000698
 604.722037 -1.012275
 605.231062 -1.016018
 605.740087 -0.983609
 606.249113 -0.958569
 606.758138 -0.973862
 607.267163 -0.945009
 607.776189 -0.980062
 608.285214 -0.958483
 608.794239 -1.016383
 609.303264 -1.044383
 609.812290 -0.906158
 610.321315 -0.934733
 610.830340 -1.046946
 611.339366 -1.009275
 611.848391 -0.920880
 612.357416 -0.964492
 612.866441 -0.969509
 613.375467 -1.006192
 613.884492 -1.005088
 614.393517 -0.980961
 614.902543 -0.916007
 615.411568 -1.000930
 615.920593 -0.982071
 616.429618 -1.014135
 616.938644 -0.959606
 617.447669 -0.989888
 617.956694 -0.970955
 618.465720 -0.997243
 618.974745 -1.012706
 619.483770 -0.989545
 619.992795 -0.948861
 620.501821 -0.969447
 621.010846 -0.914759
 621.519871 -0.960506
 622.028897 -0.928132
 622.537922 -0.937567
 623.046947 -0.930074
 623.555972 -0.943243
 624.064998 -1.065213
 624.574023 -1.020224
 625.083048 -1.028983
 625.592073 -0.937405
 626.101099 -0.920638
 626.610124 -0.963732
 627.119149 -0.994505
 627.628175 -0.965201
 628.137200 -0.942002
 628.646225 -0.941410
 629.155250 -0.977016
 629.664276 -0.932198
 630.173301 -0.951563
 630.682326 -0.995595
 631.191352 -0.958901
 631.700377 -0.957067
 632.209402 -0.935143
 632.718427 -0.991511
 633.227453 -0.983383
 633.736478 -0.959651
 634.245503 -0.997337
 634.754529 -1.004818
 635.263554 -0.945228
 635.772579 -0.976052
 636.281604 -1.027281
 636.790630 -0.990434
 637.299655 -0.937888
 637.808680 -0.950610
 638.317706 -0.958358
 638.826731 -0.941089
 639.335756 -0.982122
 639.844781 -0.972665
 640.353807 -0.968623
 640.862832 -0.943194
 641.371857 -0.905981
 641.880883 -0.875715
 642.389908 -1.015411
 642.898933 -1.038138
 643.407958 -0.951667
 643.916984 -0.973557
 644.426009 -0.981943
 644.935034 -0.983777
 645.444060 -0.979876
 645.953085 -0.958815
 646.462110 -0.993821
 646.971135 -1.022232
 647.480161 -0.938046
 647.989186 -0.969287
 648.498211 -1.050466
 649.007237 -1.009870
 649.516262 -0.993095
 650.025287 -0.961353
 650.534312 -0.989486
 651.043338 -1.002343
 651.552363 -0.998029
 652.061388 -0.963901
 652.570414 -0.964986
 653.079439 -0.993944
 653.588464 -0.993158
 654.097489 -0.956367
 654.606515 -0.943492
 655.115540 -0.959768
 655.624565 -1.000382
 656.133591 -1.007867
 656.642616 -0.950749
 657.151641 -1.000369
 657.660666 -0.981230
 658.169692 -1.005529
 658.678717 -0.941404
 659.187742 -0.943111
 659.696767 -0.968047
 660.205793 -0.962271
 660.714818 -0.969163
 661.223843 -0.922387
 661.732869 -0.978357
 662.241894 -0.985424
 662.750919 -1.016319
 663.259944 -0.941283
 663.768970 -0.995365
 664.277995 -1.009349
 664.787020 -0.980398
 665.296046 -0.925067
 665.805071 -0.986016
 666.314096 -1.031460
 666.823121 -1.001420
 667.332147 -0.980854
 667.841172 -0.901163
 668.350197 -0.926257
 668.859223 -0.906245
 669.368248 -0.962704
 669.877273 -1.011827
 670.386298 -0.973217
 670.895324 -0.998685
 671.404349 -0.925789
 671.913374 -0.982912
 672.422400 -0.999324
 672.931425 -0.897204
 673.440450 -0.979896
 673.949475 -0.975932
 674.458501 -0.957696
 674.967526 -0.956944
 675.476551 -0.969068
 675.985577 -0.944089
 676.494602 -1.002357
 677.003627 -0.971865
 677.512652 -0.991349
 678.021678 -0.945625
 678.530703 -0.978802
 679.039728 -0.997598
 679.548754 -1.004288
 680.057779 -0.954712
 680.566804 -0.902132
 681.075829 -0.891469
 681.584855 -1.005784
 682.093880 -0.986555
 682.602905 -0.967632
 683.111931 -0.958479
 683.620956 -0.994681
 684.129981 -0.911262
 684.639006 -0.916092
 685.148032 -0.937928
 685.657057 -0.970483
 686.166082 -1.065369
 686.675108 -0.983815
 687.184133 -0.938884
 687.693158 -0.920489
 688.202183 -0.975641
 688.711209 -0.994937
 689.220234 -0.972379
 689.729259 -0.982235
 690.238285 -0.949955
 690.747310 -0.946306
 691.256335 -1.030686
 691.765360 -0.968409
 692.274386 -1.022522
 692.783411 -0.925570
 693.292436 -0.967087
 693.801461 -0.980506
 694.310487 -0.980076
 694.819512 -0.978946
 695.328537 -0.982383
 695.837563 -0.979856
 696.346588 -0.978744
 696.855613 -1.030680
 697.364638 -0.923736
 697.873664 -1.014583
 698.382689 -0.933233
 698.891714 -0.928566
 699.400740 -0.967521
 699.909765 -0.919103
 700.418790 -0.911183
 700.927815 -0.976120
 701.436841 -0.919605
 701.945866 -0.900202
 702.454891 -0.935448
 702.963917 -0.996061
 703.472942 -1.054734
 703.981967 -0.916585
 704.490992 -0.910391
 705.000018 -0.954895
 705.509043 -0.962467
 706.018068 -0.935849
 706.527094 -1.010648
 707.036119 -0.920000
 707.545144 -0.971683
 708.054169 -1.031193
 708.563195 -0.964826
 709.072220 -0.952430
 709.581245 -1.004648
 710.090271 -0.917008
 710.599296 -0.906238
 711.108321 -0.984775
 711.617346 -1.010858
 712.126372 -1.017456
 712.635397 -0.954645
 713.144422 -1.021936
 713.653448 -0.975083
 714.162473 -0.940030
 714.671498 -0.937725
 715.180523 -0.987121
 715.689549 -0.931891
 716.198574 -0.964364
 716.707599 -0.996687
 717.216625 -1.048918
 717.725650 -0.979013
 718.234675 -0.954197
 718.743700 -0.955371
 719.252726 -0.966267
 719.761751 -0.998260
 720.270776 -0.968593
 720.779802 -0.985859
 721.288827 -0.946010
 721.797852 -0.944320
 722.306877 -0.947810
 722.815903 -0.999303
 723.324928 -0.989143
 723.833953 -0.966308
 724.342979 -0.971897
 724.852004 -0.917746
 725.361029 -1.004122
 725.870054 -0.971574
 726.379080 -1.024484
 726.888105 -1.016202
 727.397130 -0.924394
 727.906155 -0.949533
 728.415181 -0.988349
 728.924206 -1.009799
 729.433231 -1.025084
 729.942257 -0.946801
 730.451282 -0.950278
 730.960307 -1.043697
 731.469332 -0.985460
 731.978358 -0.875647
 732.487383 -0.951540
 732.996408 -1.048909
 733.505434 -0.975814
 734.014459 -0.945132
 734.523484 -0.946576
 735.032509 -0.988244
 735.541535 -1.000712
 736.050560 -1.012580
 736.559585 -0.982886
 737.068611 -0.946410
 737.577636 -0.973018
 738.086661 -0.906603
 738.595686 -0.933727
 739.104712 -0.968261
 739.613737 -0.982446
 740.122762 -0.983518
 740.631788 -1.006830
 741.140813 -0.967990
 741.649838 -0.909876
 742.158863 -1.000251
 742.667889 -0.998851
 743.176914 -0.975459
 743.685939 -0.961328
 744.194965 -1.000500
 744.703990 -0.967228
 745.213015 -1.003136
 745.722040 -1.008954
 746.231066 -0.993661
 746.740091 -0.989306
 747.249116 -0.982032
 747.758142 -0.966198
 748.267167 -1.012368
 748.776192 -1.012536
 749.285217 -0.995683
 749.794243 -0.907680
 750.303268 -0.935152
 750.812293 -0.958986
 751.321319 -0.991826
 751.830344 -0.977367
 752.339369 -0.956394
 752.848394 -0.977623
 753.357420 -1.024767
 753.866445 -0.939720
 754.375470 -0.926201
 754.884496 -0.950244
 755.393521 -0.979155
 755.902546 -0.993957
 756.411571 -0.960707
 756.920597 -1.028388
 757.429622 -1.023657
 757.938647 -1.008533
 758.447673 -0.985427
 758.956698 -0.959593
 759.465723 -0.955524
 759.974748 -0.986205
 760.483774 -0.973395
 760.992799 -0.893245
 761.501824 -0.968411
 762.010849 -1.032146
 762.519875 -1.019443
 763.028900 -1.035306
 763.537925 -1.025382
 764.046951 -0.978890
 764.555976 -0.976604
 765.065001 -0.896123
 765.574026 -0.940835
 766.083052 -1.004051
 766.592077 -0.970977
 767.101102 -0.927595
 767.610128 -0.966180
 768.119153 -1.031346
 768.628178 -0.971689
 769.137203 -0.945925
 769.646229 -0.984227
 770.155254 -0.965483
 770.664279 -0.955875
 771.173305 -1.020254
 771.682330 -1.069803
 772.191355 -0.948808
 772.700380 -0.918989
 773.209406 -0.919125
 773.718431 -1.045225
 774.227456 -0.986304
 774.736482 -0.911721
 775.245507 -0.920943
 775.754532 -1.018608
 776.263557 -0.981375
 776.772583 -0.963114
 777.281608 -0.965939
 777.790633 -0.977964
 778.299659 -0.963282
 778.808684 -0.942016
 779.317709 -0.983738
 779.826734 -1.012765
 780.335760 -0.987553
 780.844785 -0.924326
 781.353810 -0.998334
 781.862836 -1.010310
 782.371861 -1.061799
 782.880886 -0.940314
 783.389911 -0.900510
 783.898937 -0.969574
 784.407962 -0.940133
 784.916987 -0.928795
 785.426013 -0.991741
 785.935038 -1.011266
 786.444063 -0.988947
 786.953088 -0.965634
 787.462114 -0.900845
 787.971139 -0.932020
 788.480164 -0.973925
 788.989190 -1.011211
 789.498215 -1.006065
 790.007240 -0.975288
 790.516265 -0.963465
 791.025291 -0.939354
 791.534316 -1.001565
 792.043341 -1.027236
 792.552366 -0.966835
 793.061392 -0.955153
 793.570417 -1.024678
 794.079442 -1.004594
 794.588468 -0.961794
 795.097493 -0.897790
 795.606518 -0.951331
 796.115543 -0.981246
 796.624569 -0.966680
 797.133594 -1.025450
 797.642619 -0.993831
 798.151645 -0.989916
 798.660670 -1.056234
 799.169695 -1.022220
 799.678720 -0.989408
 800.187746 -0.988154
 800.696771 -0.919241
 801.205796 -0.988827
 801.714822 -0.995454
 802.223847 -0.973220
 802.732872 -0.966591
 803.241897 -0.970966
 803.750923 -0.989184
 804.259948 -0.987685
 804.768973 -1.016235
 805.277999 -0.945538
 805.787024 -0.965483
 806.296049 -0.975400
 806.805074 -0.948536
 807.314100 -1.007382
 807.823125 -1.038417
 808.332150 -0.958864
 808.841176 -0.996751
 809.350201 -1.014273
 809.859226 -0.999122
 810.368251 -0.964807
 810.877277 -0.959888
 811.386302 -1.013003
 811.895327 -0.913613
 812.404353 -0.925909
 812.913378 -0.957230
 813.422403 -1.005878
 813.931428 -0.974165
 814.440454 -0.961358
 814.949479 -0.917634
 815.458504 -0.992409
 815.967530 -0.936778
 816.476555 -0.970278
 816.985580 -0.945092
 817.494605 -0.956648
 818.003631 -0.978996
 818.512656 -0.961660
 819.021681 -0.997639
 819.530707 -0.994305
 820.039732 -0.928562
 820.548757 -1.008076
 821.057782 -1.016118
 821.566808 -1.008958
 822.075833 -0.960776
 822.584858 -0.953190
 823.093884 -0.978788
 823.602909 -0.992234
 824.111934 -0.950431
 824.620959 -0.942232
 825.129985 -0.923896
 825.639010 -1.036694
 826.148035 -0.884567
 826.657060 -0.950393
 827.166086 -1.014307
 827.675111 -1.017584
 828.184136 -1.017113
 828.693162 -0.969267
 829.202187 -0.969016
 829.711212 -0.984684
 830.220237 -0.956298
 830.729263 -0.971550
 831.238288 -0.969154
 831.747313 -0.907790
 832.256339 -1.015889
 832.765364 -0.883281
 833.274389 -0.922798
 833.783414 -0.947815
 834.292440 -0.966778
 834.801465 -0.976493
 835.310490 -0.991594
 835.819516 -1.000946
 836.328541 -0.979879
 836.837566 -0.950262
 837.346591 -1.036723
 837.855617 -1.034433
 838.364642 -0.958443
 838.873667 -0.918471
 839.382693 -0.914361
 839.891718 -0.978297
 840.400743 -0.974208
 840.909768 -0.958950
 841.418794 -1.010684
 841.927819 -0.884966
 842.436844 -0.900807
 842.945870 -0.937174
 843.454895 -0.965112
 843.963920 -0.990795
 844.472945 -0.988981
 844.981971 -0.904650
 845.490996 -0.968877
 846.000021 -0.951156
 846.509047 -1.040063
 847.018072 -0.988250
 847.527097 -0.973463
 848.036122 -0.972965
 848.545148 -0.969375
 849.054173 -0.906964
 849.563198 -0.949341
 850.072224 -1.040352
 850.581249 -1.010707
 851.090274 -0.994411
 851.599299 -0.890117
 852.108325 -0.951385
 852.617350 -0.985229
 853.126375 -1.009857
 853.635401 -0.950626
 854.144426 -0.899356
 854.653451 -1.015714
 855.162476 -0.981482
 855.671502 -0.986632
 856.180527 -0.971475
 856.689552 -1.004586
 857.198578 -0.982651
 857.707603 -0.956230
 858.216628 -0.990093
 858.725653 -0.958161
 859.234679 -0.932355
 859.743704 -0.912938
 860.252729 -1.002793
 860.761754 -1.005654
 861.270780 -0.941318
 861.779805 -0.971000
 862.288830 -1.005447
 862.797856 -0.971029
 863.306881 -0.954985
 863.815906 -1.004530
 864.324931 -0.990038
 864.833957 -0.933917
 865.342982 -0.861996
 865.852007 -0.938601
 866.361033 -1.013534
 866.870058 -0.954909
 867.379083 -0.937523
 867.888108 -0.935807
 868.397134 -1.022865
 868.906159 -0.969223
 869.415184 -0.895475
 869.924210 -1.010418
 870.433235 -0.974457
 870.942260 -0.952917
 871.451285 -1.018550
 871.960311 -0.996026
 872.469336 -0.918738
 872.978361 -0.933138
 873.487387 -0.900090
 873.996412 -1.003312
 874.505437 -0.962400
 875.014462 -0.965754
 875.523488 -0.969317
 876.032513 -1.021053
 876.541538 -0.981300
 877.050564 -0.983239
 877.559589 -0.962353
 878.068614 -1.031450
 878.577639 -0.997115
 879.086665 -1.008988
 879.595690 -0.967621
 880.104715 -0.905981
 880.613741 -1.018199
 881.122766 -0.947565
 881.631791 -0.918099
 882.140816 -0.912833
 882.649842 -1.043453
 883.158867 -1.028865
 883.667892 -1.003241
 884.176918 -1.015127
 884.685943 -1.003608
 885.194968 -1.074775
 885.703993 -0.988864
 886.213019 -0.980209
 886.722044 -0.994247
 887.231069 -0.906671
 887.740095 -0.946018
 888.249120 -1.061216
 888.758145 -1.028995
 889.267170 -0.902738
 889.776196 -0.932281
 890.285221 -1.042150
 890.794246 -0.947861
 891.303272 -0.980832
 891.812297 -0.938558
 892.321322 -0.969304
 892.830347 -1.000664
 893.339373 -1.056401
 893.848398 -0.934480
 894.357423 -0.941585
 894.866448 -0.972639
 895.375474 -1.002623
 895.884499 -0.995845
 896.393524 -0.957670
 896.902550 -0.946070
 897.411575 -0.898006
 897.920600 -0.980330
 898.429625 -0.937501
 898.938651 -0.995571
 899.447676 -0.929488
 899.956701 -0.955455
 900.465727 -1.059758
 900.974752 -1.022105
 901.483777 -0.980245
 901.992802 -0.944240
 902.501828 -0.904660
 903.010853 -0.979403
 903.519878 -1.000307
 904.028904 -0.974378
 904.537929 -1.007014
 905.046954 -1.003499
 905.555979 -0.945769
 906.065005 -0.989916
 906.574030 -0.910122
 907.083055 -0.941015
 907.592081 -0.993279
 908.101106 -1.004111
 908.610131 -0.937621
 909.119156 -0.952459
 909.628182 -0.926616
 910.137207 -1.032169
 910.646232 -1.017785
 911.155258 -0.956819
 911.664283 -0.975876
 912.173308 -0.996464
 912.682333 -1.002335
 913.191359 -1.013503
 913.700384 -0.929346
 914.209409 -0.903912
 914.718435 -1.065213
 915.227460 -0.986162
 915.736485 -0.966761
 916.245510 -0.979141
 916.754536 -0.893286
 917.263561 -0.959280
 917.772586 -0.919118
 918.281612 -0.983170
 918.790637 -0.989644
 919.299662 -0.972379
 919.808687 -1.011775
 920.317713 -1.010460
 920.826738 -0.995738
 921.335763 -0.988388
 921.844789 -0.978100
 922.353814 -0.988821
 922.862839 -0.979715
 923.371864 -1.065252
 923.880890 -0.972764
 924.389915 -0.952719
 924.898940 -0.925980
 925.407966 -1.001163
 925.916991 -1.011448
 926.426016 -0.956147
 926.935041 -0.966222
 927.444067 -0.975072
 927.953092 -1.007583
 928.462117 -1.018591
 928.971142 -0.993768
 929.480168 -0.955262
 929.989193 -0.999001
 930.498218 -0.958787
 931.007244 -0.956793
 931.516269 -0.909263
 932.025294 -0.958726
 932.534319 -0.954305
 933.043345 -1.039787
 933.552370 -1.045906
 934.061395 -0.972233
 934.570421 -0.957172
 935.079446 -1.001805
 935.588471 -0.963861
 936.097496 -0.937836
 936.606522 -0.928106
 937.115547 -0.976751
 937.624572 -0.970845
 938.133598 -0.987052
 938.642623 -1.017914
 939.151648 -0.976797
 939.660673 -0.976117
 940.169699 -0.966003
 940.678724 -0.931345
 941.187749 -0.934642
 941.696775 -0.988906
 942.205800 -1.024468
 942.714825 -0.945704
 943.223850 -0.961769
 943.732876 -0.905437
 944.241901 -1.003904
 944.750926 -0.957807
 945.259952 -0.882640
 945.768977 -0.946624
 946.278002 -0.925306
 946.787027 -0.938938
 947.296053 -0.979340
 947.805078 -0.948175
 948.314103 -0.935692
 948.823129 -0.943653
 949.332154 -1.000278
 949.841179 -0.966124
 950.350204 -0.956658
 950.859230 -1.021736
 951.368255 -0.948713
 951.877280 -0.905166
 952.386306 -0.953963
 952.895331 -0.981203
 953.404356 -1.017802
 953.913381 -0.920654
 954.422407 -0.994308
 954.931432 -0.947581
 955.440457 -1.050295
 955.949483 -0.965121
 956.458508 -0.973490
 956.967533 -1.001206
 957.476558 -0.943160
 957.985584 -0.950022
 958.494609 -0.978600
 959.003634 -0.970719
 959.512660 -0.991568
 960.021685 -0.981466
 960.530710 -0.948476
 961.039735 -0.915364
 961.548761 -0.979594
 962.057786 -0.954137
 962.566811 -0.986295
 963.075836 -1.008767
 963.584862 -0.946490
 964.093887 -0.955581
 964.602912 -0.976237
 965.111938 -1.015672
 965.620963 -0.926734
 966.129988 -0.971650
 966.639013 -1.036996
 967.148039 -1.002025
 967.657064 -0.944189
 968.166089 -0.975847
 968.675115 -0.989725
 969.184140 -0.903366
 969.693165 -0.976299
 970.202190 -0.992032
 970.711216 -1.020402
 971.220241 -1.000556
 971.729266 -0.955786
 972.238292 -0.980321
 972.747317 -0.940434
 973.256342 -0.972148
 973.765367 -0.970848
 974.274393 -0.971011
 974.783418 -0.980232
 975.292443 -0.949803
 975.801469 -0.950114
 976.310494 -1.028898
 976.819519 -1.024471
 977.328544 -0.962791
 977.837570 -0.950788
 978.346595 -1.006384
 978.855620 -0.925290
 979.364646 -0.936336
 979.873671 -0.997923
 980.382696 -0.976381
 980.891721 -0.955896
 981.400747 -0.914766
 981.909772 -1.004597
 982.418797 -0.936140
 982.927823 -0.911277
 983.436848 -1.000426
 983.945873 -0.991650
 984.454898 -0.950051
 984.963924 -0.983317
 985.472949 -1.037974
 985.981974 -0.970631
 986.491000 -0.960521
 987.000025 -0.972291
 987.509050 -0.949767
 988.018075 -1.015070
 988.527101 -0.991081
 989.036126 -0.974213
 989.545151 -0.976620
 990.054177 -1.005480
 990.563202 -0.980822
 991.072227 -0.958349
 991.581252 -0.997500
 992.090278 -0.995147
 992.599303 -0.977469
 993.108328 -0.912494
 993.617354 -0.993556
 994.126379 -0.979035
 994.635404 -0.959718
 995.144429 -0.929089
 995.653455 -0.888962
 996.162480 -1.009382
 996.671505 -0.987919
 997.180530 -0.936040
 997.689556 -0.902923
 998.198581 -0.977910
 998.707606 -0.991526
 999.216632 -1.021169
 999.725657 -1.008617
 1000.234682 -0.997286
 1000.743707 -0.995545
 1001.252733 -0.937501
 1001.761758 -0.923502
 1002.270783 -0.966080
 1002.779809 -0.996124
 1003.288834 -0.955639
 1003.797859 -0.994768
 1004.306884 -0.960330
 1004.815910 -0.912604
 1005.324935 -0.946039
 1005.833960 -1.019858
 1006.342986 -1.034057
 1006.852011 -1.042110
 1007.361036 -0.894615
 1007.870061 -0.972207
 1008.379087 -1.035840
 1008.888112 -0.972542
 1009.397137 -0.974913
 1009.906163 -0.978508
 1010.415188 -1.012028
 1010.924213 -0.958909
 1011.433238 -0.924723
 1011.942264 -0.990125
 1012.451289 -0.943413
 1012.960314 -1.004427
 1013.469340 -1.001837
 1013.978365 -0.954441
 1014.487390 -0.994090
 1014.996415 -1.031155
 1015.505441 -0.975056
 1016.014466 -1.005225
 1016.523491 -0.957006
 1017.032517 -0.988277
 1017.541542 -0.978175
 1018.050567 -0.952751
