#! FIELDS time cv
 0.000000 -2.217975
 0.509025 -2.409653
 1.018051 -2.546738
 1.527076 -2.408560
 2.036101 -2.291076
 2.545126 -2.415709
 3.054152 -2.521447
 3.563177 -2.349922
 4.072202 -2.436603
 4.581228 -2.395364
 5.090253 -2.376070
 5.599278 -2.422264
 6.108303 -2.378586
 6.617329 -2.406594
 7.126354 -2.460031
 7.635379 -2.388664
 8.144405 -2.317106
 8.653430 -2.394473
 9.162455 -2.518265
 9.671480 -2.381958
 10.180506 -2.345020
 10.689531 -2.423766
 11.198556 -2.457496
 11.707582 -2.378682
 12.216607 -2.426846
 12.725632 -2.433959
 13.234657 -2.459518
 13.743683 -2.412119
 14.252708 -2.378238
 14.761733 -2.388968
 15.270759 -2.450689
 15.779784 -2.457296
 16.288809 -2.332270
 16.797834 -2.430394
 17.306860 -2.480173
 17.815885 -2.433094
 18.324910 -2.495118
 18.833935 -2.398832
 19.342961 -2.356422
 19.851986 -2.415336
 20.361011 -2.461491
 20.870037 -2.409405
 21.379062 -2.394070
 21.888087 -2.369638
 22.397112 -2.426886
 22.906138 -2.429437
 23.415163 -2.385912
 23.924188 -2.369300
 24.433214 -2.422636
 24.942239 -2.388769
 25.451264 -2.409572
 25.960289 -2.469779
 26.469315 -2.362369
 26.978340 -2.385175
 27.487365 -2.436367
 27.996391 -2.396757
 28.505416 -2.394535
 29.014441 -2.424119
 29.523466 -2.406018
 30.032492 -2.414758
 30.541517 -2.374690
 31.050542 -2.434132
 31.559568 -2.441030
 32.068593 -2.393722
 32.577618 -2.289701
 33.086643 -2.435156
 33.595669 -2.499526
 34.104694 -2.372626
 34.613719 -2.323963
 35.122745 -2.458063
 35.631770 -2.433355
 36.140795 -2.340622
 36.649820 -2.418118
 37.158846 -2.455602
 37.667871 -2.425533
 38.176896 -2.390034
 38.685922 -2.422389
 39.194947 -2.373375
 39.703972 -2.375504
 40.212997 -2.368874
 40.722023 -2.403916
 41.231048 -2.447777
 41.740073 -2.403004
 42.249099 -2.386808
 42.758124 -2.413838
 43.267149 -2.443480
 43.776174 -2.482139
 44.285200 -2.402381
 44.794225 -2.406629
 45.303250 -2.457591
 45.812276 -2.398007
 46.321301 -2.425246
 46.830326 -2.398057
 47.339351 -2.388248
 47.848377 -2.385349
 48.357402 -2.367814
 48.866427 -2.441331
 49.375453 -2.454760
 49.884478 -2.368208
 50.393503 -2.414780
 50.902528 -2.477917
 51.411554 -2.431291
 51.920579 -2.390992
 52.429604 -2.315401
 52.938629 -2.404708
 53.447655 -2.482698
 53.956680 -2.403338
 54.465705 -2.331828
 54.974731 -2.354137
 55.483756 -2.433767
 55.992781 -2.493228
 56.501806 -2.380754
 57.010832 -2.367330
 57.519857 -2.447454
 58.028882 -2.463259
 58.537908 -2.375781
 59.046933 -2.346239
 59.555958 -2.405965
 60.064983 -2.508266
 60.574009 -2.427376
 61.083034 -2.310607
 61.592059 -2.412638
 62.101085 -2.462679
 62.610110 -2.364581
 63.119135 -2.298620
 63.628160 -2.509818
 64.137186 -2.455455
 64.646211 -2.289557
 65.155236 -2.415139
 65.664262 -2.410551
 66.173287 -2.409175
 66.682312 -2.401072
 67.191337 -2.419335
 67.700363 -2.438274
 68.209388 -2.342119
 68.718413 -2.383826
 69.227439 -2.455555
 69.736464 -2.380103
 70.245489 -2.363053
 70.754514 -2.372036
 71.263540 -2.415848
 71.772565 -2.397649
 72.281590 -2.363806
 72.790616 -2.372891
 73.299641 -2.413988
 73.808666 -2.424584
 74.317691 -2.417448
 74.826717 -2.396042
 75.335742 -2.420356
 75.844767 -2.421548
 76.353793 -2.361690
 76.862818 -2.416808
 77.371843 -2.446168
 77.880868 -2.464423
 78.389894 -2.399576
 78.898919 -2.384598
 79.407944 -2.382152
 79.916970 -2.401694
 80.425995 -2.418357
 80.935020 -2.407683
 81.444045 -2.389480
 81.953071 -2.423947
 82.462096 -2.407921
 82.971121 -2.405421
 83.480147 -2.406997
 83.989172 -2.487590
 84.498197 -2.455426
 85.007222 -2.317146
 85.516248 -2.377099
 86.025273 -2.383939
 86.534298 -2.389873
 87.043323 -2.437112
 87.552349 -2.381962
 88.061374 -2.407983
 88.570399 -2.433712
 89.079425 -2.428459
 89.588450 -2.357457
 90.097475 -2.400858
 90.606500 -2.468999
 91.115526 -2.413132
 91.624551 -2.390557
 92.133576 -2.415415
 92.642602 -2.465755
 93.151627 -2.416398
 93.660652 -2.397573
 94.169677 -2.437864
 94.678703 -2.405143
 95.187728 -2.470998
 95.696753 -2.416185
 96.205779 -2.361436
 96.714804 -2.347599
 97.223829 -2.422298
 97.732854 -2.440320
 98.241880 -2.380353
 98.750905 -2.392590
 99.259930 -2.386618
 99.768956 -2.460385
 100.277981 -2.423258
 100.787006 -2.423227
 101.296031 -2.403139
 101.805057 -2.410077
 102.314082 -2.399479
 102.823107 -2.438956
 103.332133 -2.357109
 103.841158 -2.386524
 104.350183 -2.379727
 104.859208 -2.388975
 105.368234 -2.431736
 105.877259 -2.404620
 106.386284 -2.355829
 106.895310 -2.379374
 107.404335 -2.436730
 107.913360 -2.402045
 108.422385 -2.379991
 108.931411 -2.353539
 109.440436 -2.431796
 109.949461 -2.475473
 110.458487 -2.375131
 110.967512 -2.391091
 111.476537 -2.471407
 111.985562 -2.460192
 112.494588 -2.392207
 113.003613 -2.386130
 113.512638 -2.369300
 114.021664 -2.361040
 114.530689 -2.432293
 115.039714 -2.417596
 115.548739 -2.372696
 116.057765 -2.383414
 116.566790 -2.418471
 117.075815 -2.396728
 117.584841 -2.376380
 118.093866 -2.348698
 118.602891 -2.418693
 119.111916 -2.511611
 119.620942 -2.379761
 120.129967 -2.302612
 120.638992 -2.458074
 121.148017 -2.468563
 121.657043 -2.391821
 122.166068 -2.371341
 122.675093 -2.395929
 123.184119 -2.436886
 123.693144 -2.358577
 124.202169 -2.404592
 124.711194 -2.423759
 125.220220 -2.435004
 125.729245 -2.368792
 126.238270 -2.379250
 126.747296 -2.431239
 127.256321 -2.441775
 127.765346 -2.427472
 128.274371 -2.387023
 128.783397 -2.426547
 129.292422 -2.467687
 129.801447 -2.361995
 130.310473 -2.311607
 130.819498 -2.436647
 131.328523 -2.414358
 131.837548 -2.373365
 132.346574 -2.363575
 132.855599 -2.385155
 133.364624 -2.415846
 133.873650 -2.379505
 134.382675 -2.398334
 134.891700 -2.408155
 135.400725 -2.392592
 135.909751 -2.435941
 136.418776 -2.432558
 136.927801 -2.431573
 137.436827 -2.396466
 137.945852 -2.360940
 138.454877 -2.418178
 138.963902 -2.438407
 139.472928 -2.387879
 139.981953 -2.395814
 140.490978 -2.426062
 141.000004 -2.448226
 141.509029 -2.390136
 142.018054 -2.378672
 142.527079 -2.387567
 143.036105 -2.410385
 143.545130 -2.397847
 144.054155 -2.446380
 144.563181 -2.395852
 145.072206 -2.381280
 145.581231 -2.380114
 146.090256 -2.453279
 146.599282 -2.432422
 147.108307 -2.353109
 147.617332 -2.429921
 148.126358 -2.482505
 148.635383 -2.367554
 149.144408 -2.334000
 149.653433 -2.456428
 150.162459 -2.409951
 150.671484 -2.375379
 151.180509 -2.429874
 151.689535 -2.391889
 152.198560 -2.370957
 152.707585 -2.389778
 153.216610 -2.363070
 153.725636 -2.364972
 154.234661 -2.408256
 154.743686 -2.388140
 155.252711 -2.421279
 155.761737 -2.421693
 156.270762 -2.375286
 156.779787 -2.389183
 157.288813 -2.412955
 157.797838 -2.347414
 158.306863 -2.418355
 158.815888 -2.448533
 159.324914 -2.433009
 159.833939 -2.379312
 160.342964 -2.400155
 160.851990 -2.358087
 161.361015 -2.447001
 161.870040 -2.434458
 162.379065 -2.359487
 162.888091 -2.409624
 163.397116 -2.369082
 163.906141 -2.450722
 164.415167 -2.449208
 164.924192 -2.371838
 165.433217 -2.357020
 165.942242 -2.387412
 166.451268 -2.406988
 166.960293 -2.451203
 167.469318 -2.407375
 167.978344 -2.434572
 168.487369 -2.416531
 168.996394 -2.351335
 169.505419 -2.416196
 170.014445 -2.532996
 170.523470 -2.384253
 171.032495 -2.315015
 171.541521 -2.445368
 172.050546 -2.441096
 172.559571 -2.343588
 173.068596 -2.339164
 173.577622 -2.367681
 174.086647 -2.471903
 174.595672 -2.430989
 175.104698 -2.383903
 175.613723 -2.410269
 176.122748 -2.394545
 176.631773 -2.344602
 177.140799 -2.395719
 177.649824 -2.396143
 178.158849 -2.392711
 178.667875 -2.355820
 179.176900 -2.426361
 179.685925 -2.412496
 180.194950 -2.424400
 180.703976 -2.398453
 181.213001 -2.434102
 181.722026 -2.400787
 182.231052 -2.394864
 182.740077 -2.399762
 183.249102 -2.431378
 183.758127 -2.398045
 184.267153 -2.349560
 184.776178 -2.381556
 185.285203 -2.415198
 185.794228 -2.427510
 186.303254 -2.462353
 186.812279 -2.401444
 187.321304 -2.359023
 187.830330 -2.386375
 188.339355 -2.418554
 188.848380 -2.405420
 189.357405 -2.359893
 189.866431 -2.396617
 190.375456 -2.427922
 190.884481 -2.418555
 191.393507 -2.373433
 191.902532 -2.385096
 192.411557 -2.444931
 192.920582 -2.463492
 193.429608 -2.381065
 193.938633 -2.342388
 194.447658 -2.461478
 194.956684 -2.397017
 195.465709 -2.385037
 195.974734 -2.447409
 196.483759 -2.419300
 196.992785 -2.313528
 197.501810 -2.459446
 198.010835 -2.443866
 198.519861 -2.315304
 199.028886 -2.405259
 199.537911 -2.448476
 200.046936 -2.490753
 200.555962 -2.316621
 201.064987 -2.349276
 201.574012 -2.412984
 202.083038 -2.384112
 202.592063 -2.401575
 203.101088 -2.441332
 203.610113 -2.451388
 204.119139 -2.421003
 204.628164 -2.368130
 205.137189 -2.412285
 205.646215 -2.444720
 206.155240 -2.429955
 206.664265 -2.417239
 207.173290 -2.456175
 207.682316 -2.425781
 208.191341 -2.344706
 208.700366 -2.423615
 209.209392 -2.416931
 209.718417 -2.374575
 210.227442 -2.409534
 210.736467 -2.413831
 211.245493 -2.427497
 211.754518 -2.418721
 212.263543 -2.383796
 212.772569 -2.450432
 213.281594 -2.463787
 213.790619 -2.313747
 214.299644 -2.333901
 214.808670 -2.465163
 215.317695 -2.409893
 215.826720 -2.375576
 216.335746 -2.463671
 216.844771 -2.343737
 217.353796 -2.317547
 217.862821 -2.396352
 218.371847 -2.488062
 218.880872 -2.396570
 219.389897 -2.322486
 219.898922 -2.454726
 220.407948 -2.441580
 220.916973 -2.334129
 221.425998 -2.400967
 221.935024 -2.457630
 222.444049 -2.501194
 222.953074 -2.377511
 223.462099 -2.301368
 223.971125 -2.340560
 224.480150 -2.457486
 224.989175 -2.398670
 225.498201 -2.383682
 226.007226 -2.423965
 226.516251 -2.429403
 227.025276 -2.389981
 227.534302 -2.434310
 228.043327 -2.476225
 228.552352 -2.423856
 229.061378 -2.418680
 229.570403 -2.458988
 230.079428 -2.465158
 230.588453 -2.345189
 231.097479 -2.324307
 231.606504 -2.466343
 232.115529 -2.492325
 232.624555 -2.344951
 233.133580 -2.393853
 233.642605 -2.457898
 234.151630 -2.428057
 234.660656 -2.347067
 235.169681 -2.431238
 235.678706 -2.456268
 236.187732 -2.400802
 236.696757 -2.420560
 237.205782 -2.486500
 237.714807 -2.395275
 238.223833 -2.372604
 238.732858 -2.400579
 239.241883 -2.401158
 239.750909 -2.475220
 240.259934 -2.391895
 240.768959 -2.393413
 241.277984 -2.447579
 241.787010 -2.439848
 242.296035 -2.413186
 242.805060 -2.403903
 243.314086 -2.401211
 243.823111 -2.348755
 244.332136 -2.361131
 244.841161 -2.418305
 245.350187 -2.488012
 245.859212 -2.402057
 246.368237 -2.391059
 246.877263 -2.439856
 247.386288 -2.387577
 247.895313 -2.415491
 248.404338 -2.400606
 248.913364 -2.377159
 249.422389 -2.454591
 249.931414 -2.453722
 250.440440 -2.407819
 250.949465 -2.366941
 251.458490 -2.419257
 251.967515 -2.424433
 252.476541 -2.364098
 252.985566 -2.394114
 253.494591 -2.437420
 254.003616 -2.414915
 254.512642 -2.390681
 255.021667 -2.444647
 255.530692 -2.356756
 256.039718 -2.371163
 256.548743 -2.437987
 257.057768 -2.468900
 257.566793 -2.350404
 258.075819 -2.400332
 258.584844 -2.480629
 259.093869 -2.431603
 259.602895 -2.344802
 260.111920 -2.418185
 260.620945 -2.479734
 261.129970 -2.439606
 261.638996 -2.327592
 262.148021 -2.355448
 262.657046 -2.447593
 263.166072 -2.428776
 263.675097 -2.377007
 264.184122 -2.302828
 264.693147 -2.435391
 265.202173 -2.514656
 265.711198 -2.420527
 266.220223 -2.336913
 266.729249 -2.418519
 267.238274 -2.463654
 267.747299 -2.421982
 268.256324 -2.392799
 268.765350 -2.340164
 269.274375 -2.347848
 269.783400 -2.472747
 270.292426 -2.418544
 270.801451 -2.362926
 271.310476 -2.397379
 271.819501 -2.465962
 272.328527 -2.441444
 272.837552 -2.386656
 273.346577 -2.498531
 273.855603 -2.423790
 274.364628 -2.349062
 274.873653 -2.432682
 275.382678 -2.461229
 275.891704 -2.389021
 276.400729 -2.389410
 276.909754 -2.492125
 277.418780 -2.448262
 277.927805 -2.350644
 278.436830 -2.406979
 278.945855 -2.445339
 279.454881 -2.386566
 279.963906 -2.389355
 280.472931 -2.369211
 280.981957 -2.378069
 281.490982 -2.405453
 282.000007 -2.381508
 282.509032 -2.426349
 283.018058 -2.439627
 283.527083 -2.427320
 284.036108 -2.388161
 284.545134 -2.353102
 285.054159 -2.448358
 285.563184 -2.415765
 286.072209 -2.436395
 286.581235 -2.448804
 287.090260 -2.412749
 287.599285 -2.358145
 288.108310 -2.397026
 288.617336 -2.478652
 289.126361 -2.449882
 289.635386 -2.346149
 290.144412 -2.470748
 290.653437 -2.454172
 291.162462 -2.434982
 291.671487 -2.394383
 292.180513 -2.403707
 292.689538 -2.431520
 293.198563 -2.456857
 293.707589 -2.417445
 294.216614 -2.442974
 294.725639 -2.468459
 295.234664 -2.444329
 295.743690 -2.444161
 296.252715 -2.422787
 296.761740 -2.422383
 297.270766 -2.363248
 297.779791 -2.344227
 298.288816 -2.407459
 298.797841 -2.467549
 299.306867 -2.438745
 299.815892 -2.359630
 300.324917 -2.443733
 300.833943 -2.440005
 301.342968 -2.406781
 301.851993 -2.393036
 302.361018 -2.395888
 302.870044 -2.392591
 303.379069 -2.370789
 303.888094 -2.345568
 304.397120 -2.427041
 304.906145 -2.455988
 305.415170 -2.444581
 305.924195 -2.390105
 306.433221 -2.400719
 306.942246 -2.473068
 307.451271 -2.446175
 307.960297 -2.353680
 308.469322 -2.351582
 308.978347 -2.465106
 309.487372 -2.471643
 309.996398 -2.335715
 310.505423 -2.370750
 311.014448 -2.459385
 311.523474 -2.442117
 312.032499 -2.372946
 312.541524 -2.420810
 313.050549 -2.385933
 313.559575 -2.379801
 314.068600 -2.436089
 314.577625 -2.439747
 315.086651 -2.346308
 315.595676 -2.341917
 316.104701 -2.494469
 316.613726 -2.472046
 317.122752 -2.396176
 317.631777 -2.399050
 318.140802 -2.397931
 318.649828 -2.467234
 319.158853 -2.388169
 319.667878 -2.394143
 320.176903 -2.491721
 320.685929 -2.419881
 321.194954 -2.408069
 321.703979 -2.389408
 322.213004 -2.418590
 322.722030 -2.417139
 323.231055 -2.449284
 323.740080 -2.341475
 324.249106 -2.345944
 324.758131 -2.411918
 325.267156 -2.450416
 325.776181 -2.348126
 326.285207 -2.398968
 326.794232 -2.466449
 327.303257 -2.448636
 327.812283 -2.356556
 328.321308 -2.381747
 328.830333 -2.426799
 329.339358 -2.402045
 329.848384 -2.368325
 330.357409 -2.374584
 330.866434 -2.394503
 331.375460 -2.447556
 331.884485 -2.419640
 332.393510 -2.376380
 332.902535 -2.396637
 333.411561 -2.439354
 333.920586 -2.422861
 334.429611 -2.360004
 334.938637 -2.361669
 335.447662 -2.407004
 335.956687 -2.370633
 336.465712 -2.351374
 336.974738 -2.460293
 337.483763 -2.448519
 337.992788 -2.383680
 338.501814 -2.388613
 339.010839 -2.328030
 339.519864 -2.389135
 340.028889 -2.450710
 340.537915 -2.457209
 341.046940 -2.397965
 341.555965 -2.342664
 342.064991 -2.334948
 342.574016 -2.471927
 343.083041 -2.467019
 343.592066 -2.369208
 344.101092 -2.430041
 344.610117 -2.446094
 345.119142 -2.442381
 345.628168 -2.406845
 346.137193 -2.350320
 346.646218 -2.449212
 347.155243 -2.499631
 347.664269 -2.313388
 348.173294 -2.361315
 348.682319 -2.484331
 349.191345 -2.472989
 349.700370 -2.367213
 350.209395 -2.435584
 350.718420 -2.484871
 351.227446 -2.391179
 351.736471 -2.391609
 352.245496 -2.475377
 352.754522 -2.388320
 353.263547 -2.401588
 353.772572 -2.370264
 354.281597 -2.402318
 354.790623 -2.362390
 355.299648 -2.366246
 355.808673 -2.478878
 356.317698 -2.535411
 356.826724 -2.328932
 357.335749 -2.343824
 357.844774 -2.472549
 358.353800 -2.421867
 358.862825 -2.353473
 359.371850 -2.375070
 359.880875 -2.444899
 360.389901 -2.481971
 360.898926 -2.321563
 361.407951 -2.359898
 361.916977 -2.468042
 362.426002 -2.479917
 362.935027 -2.397196
 363.444052 -2.325541
 363.953078 -2.387380
 364.462103 -2.526006
 364.971128 -2.449474
 365.480154 -2.296767
 365.989179 -2.374263
 366.498204 -2.445391
 367.007229 -2.339689
 367.516255 -2.471468
 368.025280 -2.461875
 368.534305 -2.346710
 369.043331 -2.351502
 369.552356 -2.465774
 370.061381 -2.415958
 370.570406 -2.377483
 371.079432 -2.400941
 371.588457 -2.465316
 372.097482 -2.429995
 372.606508 -2.380695
 373.115533 -2.427033
 373.624558 -2.438991
 374.133583 -2.438423
 374.642609 -2.365360
 375.151634 -2.310054
 375.660659 -2.372344
 376.169685 -2.542973
 376.678710 -2.423221
 377.187735 -2.321658
 377.696760 -2.364021
 378.205786 -2.530669
 378.714811 -2.406697
 379.223836 -2.293286
 379.732862 -2.367614
 380.241887 -2.482185
 380.750912 -2.462998
 381.259937 -2.360420
 381.768963 -2.362999
 382.277988 -2.480466
 382.787013 -2.423167
 383.296039 -2.337484
 383.805064 -2.417603
 384.314089 -2.496245
 384.823114 -2.350707
 385.332140 -2.386820
 385.841165 -2.431893
 386.350190 -2.396883
 386.859216 -2.368496
 387.368241 -2.429985
 387.877266 -2.459753
 388.386291 -2.363755
 388.895317 -2.394930
 389.404342 -2.399695
 389.913367 -2.415006
 390.422392 -2.429775
 390.931418 -2.392688
 391.440443 -2.451977
 391.949468 -2.446394
 392.458494 -2.435162
 392.967519 -2.380106
 393.476544 -2.383049
 393.985569 -2.436324
 394.494595 -2.406274
 395.003620 -2.372379
 395.512645 -2.388855
 396.021671 -2.406335
 396.530696 -2.361087
 397.039721 -2.386030
 397.548746 -2.386341
 398.057772 -2.391032
 398.566797 -2.424448
 399.075822 -2.389363
 399.584848 -2.332520
 400.093873 -2.440769
 400.602898 -2.418698
 401.111923 -2.384946
 401.620949 -2.400235
 402.129974 -2.491535
 402.638999 -2.435825
 403.148025 -2.355905
 403.657050 -2.387648
 404.166075 -2.458757
 404.675100 -2.448020
 405.184126 -2.393823
 405.693151 -2.318621
 406.202176 -2.392600
 406.711202 -2.418409
 407.220227 -2.505368
 407.729252 -2.430575
 408.238277 -2.334808
 408.747303 -2.429276
 409.256328 -2.430923
 409.765353 -2.346836
 410.274379 -2.405176
 410.783404 -2.426634
 411.292429 -2.417271
 411.801454 -2.403873
 412.310480 -2.415518
 412.819505 -2.424801
 413.328530 -2.414588
 413.837556 -2.361773
 414.346581 -2.408342
 414.855606 -2.454491
 415.364631 -2.390762
 415.873657 -2.448759
 416.382682 -2.394974
 416.891707 -2.397679
 417.400733 -2.456864
 417.909758 -2.405947
 418.418783 -2.377693
 418.927808 -2.403048
 419.436834 -2.467805
 419.945859 -2.415572
 420.454884 -2.392763
 420.963910 -2.335647
 421.472935 -2.427817
 421.981960 -2.494057
 422.490985 -2.412830
 423.000011 -2.333613
 423.509036 -2.371897
 424.018061 -2.508200
 424.527086 -2.427306
 425.036112 -2.325263
 425.545137 -2.437504
 426.054162 -2.482535
 426.563188 -2.425017
 427.072213 -2.469496
 427.581238 -2.446529
 428.090263 -2.408240
 428.599289 -2.343236
 429.108314 -2.336549
 429.617339 -2.461820
 430.126365 -2.422903
 430.635390 -2.413820
 431.144415 -2.366074
 431.653440 -2.407742
 432.162466 -2.483093
 432.671491 -2.419572
 433.180516 -2.347593
 433.689542 -2.373837
 434.198567 -2.443608
 434.707592 -2.423654
 435.216617 -2.400444
 435.725643 -2.390289
 436.234668 -2.374208
 436.743693 -2.405007
 437.252719 -2.384936
 437.761744 -2.443717
 438.270769 -2.422621
 438.779794 -2.395136
 439.288820 -2.463714
 439.797845 -2.377168
 440.306870 -2.401688
 440.815896 -2.420931
 441.324921 -2.385621
 441.833946 -2.396574
 442.342971 -2.389787
 442.851997 -2.437041
 443.361022 -2.351105
 443.870047 -2.465487
 444.379073 -2.463568
 444.888098 -2.318094
 445.397123 -2.352580
 445.906148 -2.426043
 446.415174 -2.378645
 446.924199 -2.401074
 447.433224 -2.421687
 447.942250 -2.420448
 448.451275 -2.386239
 448.960300 -2.459356
 449.469325 -2.393604
 449.978351 -2.379564
 450.487376 -2.437859
 450.996401 -2.420830
 451.505427 -2.423985
 452.014452 -2.425866
 452.523477 -2.397938
 453.032502 -2.440868
 453.541528 -2.392400
 454.050553 -2.376075
 454.559578 -2.481681
 455.068604 -2.379500
 455.577629 -2.368989
 456.086654 -2.447149
 456.595679 -2.414709
 457.104705 -2.393959
 457.613730 -2.432885
 458.122755 -2.449301
 458.631780 -2.387982
 459.140806 -2.350492
 459.649831 -2.378755
 460.158856 -2.437243
 460.667882 -2.364468
 461.176907 -2.387625
 461.685932 -2.414075
 462.194957 -2.444718
 462.703983 -2.447760
 463.213008 -2.410858
 463.722033 -2.341702
 464.231059 -2.380356
 464.740084 -2.450201
 465.249109 -2.485757
 465.758134 -2.417023
 466.267160 -2.370345
 466.776185 -2.382820
 467.285210 -2.465062
 467.794236 -2.427026
 468.303261 -2.367142
 468.812286 -2.372410
 469.321311 -2.410123
 469.830337 -2.462642
 470.339362 -2.436744
 470.848387 -2.358896
 471.357413 -2.393216
 471.866438 -2.393525
 472.375463 -2.492030
 472.884488 -2.527119
 473.393514 -2.365130
 473.902539 -2.262413
 474.411564 -2.427685
 474.920590 -2.461226
 475.429615 -2.360730
 475.938640 -2.373822
 476.447665 -2.404157
 476.956691 -2.421162
 477.465716 -2.385987
 477.974741 -2.369896
 478.483767 -2.453737
 478.992792 -2.487551
 479.501817 -2.373123
 480.010842 -2.350255
 480.519868 -2.434157
 481.028893 -2.435248
 481.537918 -2.416754
 482.046944 -2.421363
 482.555969 -2.472785
 483.064994 -2.404838
 483.574019 -2.318052
 484.083045 -2.380054
 484.592070 -2.483729
 485.101095 -2.461138
 485.610121 -2.394221
 486.119146 -2.400463
 486.628171 -2.438771
 487.137196 -2.417154
 487.646222 -2.357230
 488.155247 -2.427306
 488.664272 -2.431254
 489.173297 -2.380930
 489.682323 -2.444954
 490.191348 -2.414640
 490.700373 -2.405832
 491.209399 -2.424236
 491.718424 -2.352153
 492.227449 -2.460086
 492.736474 -2.474648
 493.245500 -2.358069
 493.754525 -2.402283
 494.263550 -2.460165
 494.772576 -2.473778
 495.281601 -2.385119
 495.790626 -2.348666
 496.299651 -2.399894
 496.808677 -2.445227
 497.317702 -2.423901
 497.826727 -2.419977
 498.335753 -2.448423
 498.844778 -2.396268
 499.353803 -2.394988
 499.862828 -2.460142
 500.371854 -2.415903
 500.880879 -2.367527
 501.389904 -2.441640
 501.898930 -2.476542
 502.407955 -2.351972
 502.916980 -2.398448
 503.426005 -2.486207
 503.935031 -2.441371
 504.444056 -2.451012
 504.953081 -2.462225
 505.462107 -2.392114
 505.971132 -2.392064
 506.480157 -2.419225
 506.989182 -2.385983
 507.498208 -2.382198
 508.007233 -2.467794
 508.516258 -2.461831
 509.025284 -2.355762
 509.534309 -2.314207
 510.043334 -2.427506
 510.552359 -2.432630
 511.061385 -2.373980
 511.570410 -2.424062
 512.079435 -2.446108
 512.588461 -2.405222
 513.097486 -2.343291
 513.606511 -2.448760
 514.115536 -2.433825
 514.624562 -2.379340
 515.133587 -2.398830
 515.642612 -2.433516
 516.151638 -2.448003
 516.660663 -2.409740
 517.169688 -2.387481
 517.678713 -2.428268
 518.187739 -2.435903
 518.696764 -2.421153
 519.205789 -2.361974
 519.714815 -2.424810
 520.223840 -2.397423
 520.732865 -2.410946
 521.241890 -2.445426
 521.750916 -2.392831
 522.259941 -2.393857
 522.768966 -2.409107
 523.277991 -2.413177
 523.787017 -2.441082
 524.296042 -2.420006
 524.805067 -2.358414
 525.314093 -2.373847
 525.823118 -2.445068
 526.332143 -2.532822
 526.841168 -2.366794
 527.350194 -2.335441
 527.859219 -2.410619
 528.368244 -2.457907
 528.877270 -2.422669
 529.386295 -2.394767
 529.895320 -2.458378
 530.404345 -2.387895
 530.913371 -2.295988
 531.422396 -2.349277
 531.931421 -2.466056
 532.440447 -2.388691
 532.949472 -2.403411
 533.458497 -2.452115
 533.967522 -2.423838
 534.476548 -2.381418
 534.985573 -2.425605
 535.494598 -2.394246
 536.003624 -2.398408
 536.512649 -2.455975
 537.021674 -2.467510
 537.530699 -2.356715
 538.039725 -2.356790
 538.548750 -2.444757
 539.057775 -2.462670
 539.566801 -2.383189
 540.075826 -2.376846
 540.584851 -2.386078
 541.093876 -2.413864
 541.602902 -2.433309
 542.111927 -2.486421
 542.620952 -2.370179
 543.129978 -2.318463
 543.639003 -2.447303
 544.148028 -2.415447
 544.657053 -2.398216
 545.166079 -2.389723
 545.675104 -2.392754
 546.184129 -2.415331
 546.693155 -2.427159
 547.202180 -2.389557
 547.711205 -2.444431
 548.220230 -2.434071
 548.729256 -2.338081
 549.238281 -2.330779
 549.747306 -2.390918
 550.256332 -2.425852
 550.765357 -2.428090
 551.274382 -2.371722
 551.783407 -2.407546
 552.292433 -2.488340
 552.801458 -2.403931
 553.310483 -2.386796
 553.819509 -2.446439
 554.328534 -2.415857
 554.837559 -2.345609
 555.346584 -2.441295
 555.855610 -2.446456
 556.364635 -2.354961
 556.873660 -2.405766
 557.382685 -2.447272
 557.891711 -2.428814
 558.400736 -2.356161
 558.909761 -2.352525
 559.418787 -2.459355
 559.927812 -2.452414
 560.436837 -2.336017
 560.945862 -2.374121
 561.454888 -2.459723
 561.963913 -2.449215
 562.472938 -2.363578
 562.981964 -2.400835
 563.490989 -2.419826
 564.000014 -2.406125
 564.509039 -2.385871
 565.018065 -2.401921
 565.527090 -2.456520
 566.036115 -2.425696
 566.545141 -2.454159
 567.054166 -2.405461
 567.563191 -2.382469
 568.072216 -2.431675
 568.581242 -2.457411
 569.090267 -2.418283
 569.599292 -2.367766
 570.108318 -2.365061
 570.617343 -2.420158
 571.126368 -2.380568
 571.635393 -2.459986
 572.144419 -2.456212
 572.653444 -2.372705
 573.162469 -2.431301
 573.671495 -2.459158
 574.180520 -2.380786
 574.689545 -2.381001
 575.198570 -2.451760
 575.707596 -2.428924
 576.216621 -2.368025
 576.725646 -2.423688
 577.234672 -2.432148
 577.743697 -2.420490
 578.252722 -2.388909
 578.761747 -2.369063
 579.270773 -2.362056
 579.779798 -2.358699
 580.288823 -2.372817
 580.797849 -2.426458
 581.306874 -2.452377
 581.815899 -2.390506
 582.324924 -2.323505
 582.833950 -2.383786
 583.342975 -2.443780
 583.852000 -2.437915
 584.361026 -2.390971
 584.870051 -2.368784
 585.379076 -2.372220
 585.888101 -2.459163
 586.397127 -2.406637
 586.906152 -2.308866
 587.415177 -2.420439
 587.924203 -2.455709
 588.433228 -2.350414
 588.942253 -2.391028
 589.451278 -2.450825
 589.960304 -2.417142
 590.469329 -2.383785
 590.978354 -2.357878
 591.487379 -2.418153
 591.996405 -2.460025
 592.505430 -2.373983
 593.014455 -2.355719
 593.523481 -2.408042
 594.032506 -2.458536
 594.541531 -2.405649
 595.050556 -2.347044
 595.559582 -2.393361
 596.068607 -2.427010
 596.577632 -2.410682
 597.086658 -2.414346
 597.595683 -2.391141
 598.104708 -2.383148
 598.613733 -2.417338
 599.122759 -2.462029
 599.631784 -2.375794
 600.140809 -2.350449
 600.649835 -2.469422
 601.158860 -2.421030
 601.667885 -2.337985
 602.176910 -2.400412
 602.685936 -2.416333
 603.194961 -2.416870
 603.703986 -2.416819
 604.213012 -2.410637
 604.722037 -2.439245
 605.231062 -2.440736
 605.740087 -2.342871
 606.249113 -2.415468
 606.758138 -2.451912
 607.267163 -2.367958
 607.776189 -2.330683
 608.285214 -2.516861
 608.794239 -2.450836
 609.303264 -2.362287
 609.812290 -2.420400
 610.321315 -2.516634
 610.830340 -2.381957
 611.339366 -2.354823
 611.848391 -2.478974
 612.357416 -2.415572
 612.866441 -2.324904
 613.375467 -2.410931
 613.884492 -2.408502
 614.393517 -2.417446
 614.902543 -2.390751
 615.411568 -2.410960
 615.920593 -2.382369
 616.429618 -2.353080
 616.938644 -2.422723
 617.447669 -2.525378
 617.956694 -2.370143
 618.465720 -2.348162
 618.974745 -2.391047
 619.483770 -2.410116
 619.992795 -2.369887
 620.501821 -2.385529
 621.010846 -2.419539
 621.519871 -2.378300
 622.028897 -2.442306
 622.537922 -2.440859
 623.046947 -2.443374
 623.555972 -2.415364
 624.064998 -2.414480
 624.574023 -2.423871
 625.083048 -2.352849
 625.592073 -2.398285
 626.101099 -2.439346
 626.610124 -2.462416
 627.119149 -2.409272
 627.628175 -2.377125
 628.137200 -2.397406
 628.646225 -2.481762
 629.155250 -2.390356
 629.664276 -2.343583
 630.173301 -2.424781
 630.682326 -2.484166
 631.191352 -2.482177
 631.700377 -2.428088
 632.209402 -2.393151
 632.718427 -2.375527
 633.227453 -2.325664
 633.736478 -2.367118
 634.245503 -2.470303
 634.754529 -2.445686
 635.263554 -2.387488
 635.772579 -2.394167
 636.281604 -2.413751
 636.790630 -2.427283
 637.299655 -2.395222
 637.808680 -2.376859
 638.317706 -2.433841
 638.826731 -2.411693
 639.335756 -2.364144
 639.844781 -2.352434
 640.353807 -2.391056
 640.862832 -2.441501
 641.371857 -2.404179
 641.880883 -2.428451
 642.389908 -2.451896
 642.898933 -2.398042
 643.407958 -2.397202
 643.916984 -2.423122
 644.426009 -2.401270
 644.935034 -2.372631
 645.444060 -2.381176
 645.953085 -2.411458
 646.462110 -2.430389
 646.971135 -2.399945
 647.480161 -2.414038
 647.989186 -2.464913
 648.498211 -2.424153
 649.007237 -2.335952
 649.516262 -2.422610
 650.025287 -2.441238
 650.534312 -2.404616
 651.043338 -2.439001
 651.552363 -2.403591
 652.061388 -2.371247
 652.570414 -2.418463
 653.079439 -2.454442
 653.588464 -2.401598
 654.097489 -2.376213
 654.606515 -2.403516
 655.115540 -2.405721
 655.624565 -2.382813
 656.133591 -2.417941
 656.642616 -2.453479
 657.151641 -2.395719
 657.660666 -2.383381
 658.169692 -2.411912
 658.678717 -2.425812
 659.187742 -2.384241
 659.696767 -2.381289
 660.205793 -2.394187
 660.714818 -2.427241
 661.223843 -2.425150
 661.732869 -2.378128
 662.241894 -2.407558
 662.750919 -2.417087
 663.259944 -2.400210
 663.768970 -2.435319
 664.277995 -2.400284
 664.787020 -2.359841
 665.296046 -2.406618
 665.805071 -2.423650
 666.314096 -2.442950
 666.823121 -2.363215
 667.332147 -2.485777
 667.841172 -2.431076
 668.350197 -2.376681
 668.859223 -2.461857
 669.368248 -2.437532
 669.877273 -2.333749
 670.386298 -2.391730
 670.895324 -2.427941
 671.404349 -2.463661
 671.913374 -2.429194
 672.422400 -2.352547
 672.931425 -2.393502
 673.440450 -2.421844
 673.949475 -2.454172
 674.458501 -2.428011
 674.967526 -2.406268
 675.476551 -2.411044
 675.985577 -2.379967
 676.494602 -2.382570
 677.003627 -2.450433
 677.512652 -2.438608
 678.021678 -2.405005
 678.530703 -2.472454
 679.039728 -2.473626
 679.548754 -2.352732
 680.057779 -2.416832
 680.566804 -2.456249
 681.075829 -2.397078
 681.584855 -2.415471
 682.093880 -2.415205
 682.602905 -2.400332
 683.111931 -2.370952
 683.620956 -2.380854
 684.129981 -2.416246
 684.639006 -2.486412
 685.148032 -2.453072
 685.657057 -2.356396
 686.166082 -2.377254
 686.675108 -2.482573
 687.184133 -2.448691
 687.693158 -2.396401
 688.202183 -2.420930
 688.711209 -2.379202
 689.220234 -2.371839
 689.729259 -2.409730
 690.238285 -2.407788
 690.747310 -2.435002
 691.256335 -2.398340
 691.765360 -2.368095
 692.274386 -2.401207
 692.783411 -2.494936
 693.292436 -2.350801
 693.801461 -2.379935
 694.310487 -2.428977
 694.819512 -2.395714
 695.328537 -2.438332
 695.837563 -2.451343
 696.346588 -2.479552
 696.855613 -2.403135
 697.364638 -2.356845
 697.873664 -2.422939
 698.382689 -2.475280
 698.891714 -2.394822
 699.400740 -2.370891
 699.909765 -2.405084
 700.418790 -2.448986
 700.927815 -2.400055
 701.436841 -2.429928
 701.945866 -2.414822
 702.454891 -2.429437
 702.963917 -2.432354
 703.472942 -2.359301
 703.981967 -2.437539
 704.490992 -2.330628
 705.000018 -2.430169
 705.509043 -2.512502
 706.018068 -2.417175
 706.527094 -2.403607
 707.036119 -2.414517
 707.545144 -2.362272
 708.054169 -2.446736
 708.563195 -2.466670
 709.072220 -2.376745
 709.581245 -2.342183
 710.090271 -2.406876
 710.599296 -2.387169
 711.108321 -2.429050
 711.617346 -2.446300
 712.126372 -2.434034
 712.635397 -2.357367
 713.144422 -2.444717
 713.653448 -2.458104
 714.162473 -2.417783
 714.671498 -2.388403
 715.180523 -2.413077
 715.689549 -2.436088
 716.198574 -2.395501
 716.707599 -2.394058
 717.216625 -2.428566
 717.725650 -2.484132
 718.234675 -2.416735
 718.743700 -2.383276
 719.252726 -2.380325
 719.761751 -2.403958
 720.270776 -2.428423
 720.779802 -2.484907
 721.288827 -2.477959
 721.797852 -2.375381
 722.306877 -2.456241
 722.815903 -2.501544
 723.324928 -2.406696
 723.833953 -2.378842
 724.342979 -2.417734
 724.852004 -2.439175
 725.361029 -2.355985
 725.870054 -2.380805
 726.379080 -2.391810
 726.888105 -2.411354
 727.397130 -2.407232
 727.906155 -2.437700
 728.415181 -2.414093
 728.924206 -2.409157
 729.433231 -2.394534
 729.942257 -2.436102
 730.451282 -2.410737
 730.960307 -2.403645
 731.469332 -2.439694
 731.978358 -2.379953
 732.487383 -2.422810
 732.996408 -2.352037
 733.505434 -2.413357
 734.014459 -2.458246
 734.523484 -2.362276
 735.032509 -2.399230
 735.541535 -2.443482
 736.050560 -2.401033
 736.559585 -2.371206
 737.068611 -2.365824
 737.577636 -2.398069
 738.086661 -2.410465
 738.595686 -2.443063
 739.104712 -2.449898
 739.613737 -2.379139
 740.122762 -2.419538
 740.631788 -2.442487
 741.140813 -2.412950
 741.649838 -2.394060
 742.158863 -2.418970
 742.667889 -2.369169
 743.176914 -2.424792
 743.685939 -2.459591
 744.194965 -2.385224
 744.703990 -2.383599
 745.213015 -2.367203
 745.722040 -2.453022
 746.231066 -2.416644
 746.740091 -2.364282
 747.249116 -2.367390
 747.758142 -2.386610
 748.267167 -2.399208
 748.776192 -2.403474
 749.285217 -2.446998
 749.794243 -2.441666
 750.303268 -2.426843
 750.812293 -2.400085
 751.321319 -2.390225
 751.830344 -2.500806
 752.339369 -2.429009
 752.848394 -2.358097
 753.357420 -2.412881
 753.866445 -2.459028
 754.375470 -2.373419
 754.884496 -2.394467
 755.393521 -2.413599
 755.902546 -2.462506
 756.411571 -2.456589
 756.920597 -2.366863
 757.429622 -2.395778
 757.938647 -2.402371
 758.447673 -2.416126
 758.956698 -2.418873
 759.465723 -2.421415
 759.974748 -2.439189
 760.483774 -2.356680
 760.992799 -2.413209
 761.501824 -2.366749
 762.010849 -2.321819
 762.519875 -2.405313
 763.028900 -2.481761
 763.537925 -2.378257
 764.046951 -2.333271
 764.555976 -2.437565
 765.065001 -2.441623
 765.574026 -2.380081
 766.083052 -2.378560
 766.592077 -2.400737
 767.101102 -2.442532
 767.610128 -2.472474
 768.119153 -2.388847
 768.628178 -2.390529
 769.137203 -2.451299
 769.646229 -2.471158
 770.155254 -2.387940
 770.664279 -2.387683
 771.173305 -2.412978
 771.682330 -2.382539
 772.191355 -2.370794
 772.700380 -2.474094
 773.209406 -2.479218
 773.718431 -2.359792
 774.227456 -2.425201
 774.736482 -2.404649
 775.245507 -2.380902
 775.754532 -2.435492
 776.263557 -2.423540
 776.772583 -2.402938
 777.281608 -2.472438
 777.790633 -2.422998
 778.299659 -2.379994
 778.808684 -2.418840
 779.317709 -2.462142
 779.826734 -2.379698
 780.335760 -2.393712
 780.844785 -2.388498
 781.353810 -2.423360
 781.862836 -2.452482
 782.371861 -2.398318
 782.880886 -2.337305
 783.389911 -2.456749
 783.898937 -2.471827
 784.407962 -2.361275
 784.916987 -2.415761
 785.426013 -2.449240
 785.935038 -2.463953
 786.444063 -2.375215
 786.953088 -2.368135
 787.462114 -2.442834
 787.971139 -2.427570
 788.480164 -2.373705
 788.989190 -2.356790
 789.498215 -2.463256
 790.007240 -2.432590
 790.516265 -2.351609
 791.025291 -2.373331
 791.534316 -2.376354
 792.043341 -2.406336
 792.552366 -2.420945
 793.061392 -2.419165
 793.570417 -2.401651
 794.079442 -2.369942
 794.588468 -2.453369
 795.097493 -2.428995
 795.606518 -2.323851
 796.115543 -2.359668
 796.624569 -2.457128
 797.133594 -2.399299
 797.642619 -2.330310
 798.151645 -2.410456
 798.660670 -2.472185
 799.169695 -2.361789
 799.678720 -2.366874
 800.187746 -2.451175
 800.696771 -2.439425
 801.205796 -2.352532
 801.714822 -2.413021
 802.223847 -2.443438
 802.732872 -2.383922
 803.241897 -2.372430
 803.750923 -2.408247
 804.259948 -2.377724
 804.768973 -2.411502
 805.277999 -2.454126
 805.787024 -2.416043
 806.296049 -2.394249
 806.805074 -2.380819
 807.314100 -2.447517
 807.823125 -2.432756
 808.332150 -2.381598
 808.841176 -2.361927
 809.350201 -2.415536
 809.859226 -2.445617
 810.368251 -2.385038
 810.877277 -2.349995
 811.386302 -2.472783
 811.895327 -2.450345
 812.404353 -2.381741
 812.913378 -2.420418
 813.422403 -2.436708
 813.931428 -2.367079
 814.440454 -2.329250
 814.949479 -2.435302
 815.458504 -2.465183
 815.967530 -2.387729
 816.476555 -2.398469
 816.985580 -2.470130
 817.494605 -2.436149
 818.003631 -2.341577
 818.512656 -2.365075
 819.021681 -2.411102
 819.530707 -2.453867
 820.039732 -2.426645
 820.548757 -2.364876
 821.057782 -2.470440
 821.566808 -2.424056
 822.075833 -2.460098
 822.584858 -2.447291
 823.093884 -2.384691
 823.602909 -2.335618
 824.111934 -2.443645
 824.620959 -2.470216
 825.129985 -2.385482
 825.639010 -2.402559
 826.148035 -2.422293
 826.657060 -2.403042
 827.166086 -2.369028
 827.675111 -2.413172
 828.184136 -2.410162
 828.693162 -2.367457
 829.202187 -2.316623
 829.711212 -2.381092
 830.220237 -2.414483
 830.729263 -2.367056
 831.238288 -2.343045
 831.747313 -2.456085
 832.256339 -2.461368
 832.765364 -2.361391
 833.274389 -2.373365
 833.783414 -2.384521
 834.292440 -2.449601
 834.801465 -2.459496
 835.310490 -2.415230
 835.819516 -2.342717
 836.328541 -2.395032
 836.837566 -2.464389
 837.346591 -2.410170
 837.855617 -2.316184
 838.364642 -2.423833
 838.873667 -2.464854
 839.382693 -2.323110
 839.891718 -2.345423
 840.400743 -2.466972
 840.909768 -2.425734
 841.418794 -2.437156
 841.927819 -2.309902
 842.436844 -2.392818
 842.945870 -2.499088
 843.454895 -2.345721
 843.963920 -2.357752
 844.472945 -2.406197
 844.981971 -2.406336
 845.490996 -2.414049
 846.000021 -2.362473
 846.509047 -2.408032
 847.018072 -2.428500
 847.527097 -2.405024
 848.036122 -2.435249
 848.545148 -2.410750
 849.054173 -2.366224
 849.563198 -2.408009
 850.072224 -2.431941
 850.581249 -2.432675
 851.090274 -2.408660
 851.599299 -2.421951
 852.108325 -2.365339
 852.617350 -2.392526
 853.126375 -2.463070
 853.635401 -2.450615
 854.144426 -2.439197
 854.653451 -2.333040
 855.162476 -2.369131
 855.671502 -2.421165
 856.180527 -2.431881
 856.689552 -2.385070
 857.198578 -2.337837
 857.707603 -2.417393
 858.216628 -2.469067
 858.725653 -2.436124
 859.234679 -2.362174
 859.743704 -2.343432
 860.252729 -2.413765
 860.761754 -2.417689
 861.270780 -2.435064
 861.779805 -2.372186
 862.288830 -2.402967
 862.797856 -2.443913
 863.306881 -2.398562
 863.815906 -2.371792
 864.324931 -2.412664
 864.833957 -2.451539
 865.342982 -2.420026
 865.852007 -2.360736
 866.361033 -2.374376
 866.870058 -2.369090
 867.379083 -2.420192
 867.888108 -2.500300
 868.397134 -2.390657
 868.906159 -2.336463
 869.415184 -2.402890
 869.924210 -2.415953
 870.433235 -2.429836
 870.942260 -2.411423
 871.451285 -2.354176
 871.960311 -2.462107
 872.469336 -2.440355
 872.978361 -2.336306
 873.487387 -2.369035
 873.996412 -2.473965
 874.505437 -2.391552
 875.014462 -2.395731
 875.523488 -2.420739
 876.032513 -2.439412
 876.541538 -2.391875
 877.050564 -2.422349
 877.559589 -2.389946
 878.068614 -2.390068
 878.577639 -2.456818
 879.086665 -2.474349
 879.595690 -2.374838
 880.104715 -2.349367
 880.613741 -2.429973
 881.122766 -2.388408
 881.631791 -2.421462
 882.140816 -2.448147
 882.649842 -2.401836
 883.158867 -2.357065
 883.667892 -2.436423
 884.176918 -2.443151
 884.685943 -2.402235
 885.194968 -2.396662
 885.703993 -2.360925
 886.213019 -2.383066
 886.722044 -2.414574
 887.231069 -2.434006
 887.740095 -2.418132
 888.249120 -2.379459
 888.758145 -2.408688
 889.267170 -2.413993
 889.776196 -2.415944
 890.285221 -2.403158
 890.794246 -2.453891
 891.303272 -2.417579
 891.812297 -2.414606
 892.321322 -2.422902
 892.830347 -2.409862
 893.339373 -2.382269
 893.848398 -2.342713
 894.357423 -2.399739
 894.866448 -2.474586
 895.375474 -2.367423
 895.884499 -2.405211
 896.393524 -2.368910
 896.902550 -2.346746
 897.411575 -2.400093
 897.920600 -2.423011
 898.429625 -2.328047
 898.938651 -2.371543
 899.447676 -2.429160
 899.956701 -2.394814
 900.465727 -2.443096
 900.974752 -2.396900
 901.483777 -2.364169
 901.992802 -2.394382
 902.501828 -2.446177
 903.010853 -2.410681
 903.519878 -2.392261
 904.028904 -2.346973
 904.537929 -2.290683
 905.046954 -2.388908
 905.555979 -2.503542
 906.065005 -2.458861
 906.574030 -2.321232
 907.083055 -2.428473
 907.592081 -2.444905
 908.101106 -2.405010
 908.610131 -2.357713
 909.119156 -2.395094
 909.628182 -2.412538
 910.137207 -2.360071
 910.646232 -2.345395
 911.155258 -2.420485
 911.664283 -2.391070
 912.173308 -2.437454
 912.682333 -2.407295
 913.191359 -2.417937
 913.700384 -2.416020
 914.209409 -2.432007
 914.718435 -2.445946
 915.227460 -2.359423
 915.736485 -2.379326
 916.245510 -2.417759
 916.754536 -2.457415
 917.263561 -2.420768
 917.772586 -2.398717
 918.281612 -2.391406
 918.790637 -2.440217
 919.299662 -2.455658
 919.808687 -2.434967
 920.317713 -2.342974
 920.826738 -2.425571
 921.335763 -2.454616
 921.844789 -2.401245
 922.353814 -2.409347
 922.862839 -2.422990
 923.371864 -2.384491
 923.880890 -2.427165
 924.389915 -2.441287
 924.898940 -2.394968
 925.407966 -2.333322
 925.916991 -2.465624
 926.426016 -2.462064
 926.935041 -2.317804
 927.444067 -2.408232
 927.953092 -2.482783
 928.462117 -2.356020
 928.971142 -2.367289
 929.480168 -2.445024
 929.989193 -2.420496
 930.498218 -2.323355
 931.007244 -2.354801
 931.516269 -2.471301
 932.025294 -2.467626
 932.534319 -2.378394
 933.043345 -2.389789
 933.552370 -2.434690
 934.061395 -2.440994
 934.570421 -2.404472
 935.079446 -2.393681
 935.588471 -2.386174
 936.097496 -2.461345
 936.606522 -2.389566
 937.115547 -2.351582
 937.624572 -2.436393
 938.133598 -2.455999
 938.642623 -2.393920
 939.151648 -2.362047
 939.660673 -2.390976
 940.169699 -2.394536
 940.678724 -2.427238
 941.187749 -2.380784
 941.696775 -2.455736
 942.205800 -2.376226
 942.714825 -2.361790
 943.223850 -2.518108
 943.732876 -2.436901
 944.241901 -2.349351
 944.750926 -2.405517
 945.259952 -2.461801
 945.768977 -2.409170
 946.278002 -2.432747
 946.787027 -2.405283
 947.296053 -2.375758
 947.805078 -2.412841
 948.314103 -2.438582
 948.823129 -2.461297
 949.332154 -2.383382
 949.841179 -2.324274
 950.350204 -2.435049
 950.859230 -2.449597
 951.368255 -2.347081
 951.877280 -2.394270
 952.386306 -2.472071
 952.895331 -2.395187
 953.404356 -2.329527
 953.913381 -2.341861
 954.422407 -2.424500
 954.931432 -2.457376
 955.440457 -2.357401
 955.949483 -2.357480
 956.458508 -2.389375
 956.967533 -2.443157
 957.476558 -2.440773
 957.985584 -2.377358
 958.494609 -2.398539
 959.003634 -2.452210
 959.512660 -2.415280
 960.021685 -2.396542
 960.530710 -2.409809
 961.039735 -2.433030
 961.548761 -2.397946
 962.057786 -2.411981
 962.566811 -2.456187
 963.075836 -2.355813
 963.584862 -2.337634
 964.093887 -2.363903
 964.602912 -2.451704
 965.111938 -2.415507
 965.620963 -2.383110
 966.129988 -2.422414
 966.639013 -2.422443
 967.148039 -2.455970
 967.657064 -2.417719
 968.166089 -2.346990
 968.675115 -2.338138
 969.184140 -2.387353
 969.693165 -2.395556
 970.202190 -2.435659
 970.711216 -2.445313
 971.220241 -2.393196
 971.729266 -2.386531
 972.238292 -2.415761
 972.747317 -2.421675
 973.256342 -2.387434
 973.765367 -2.422647
 974.274393 -2.484391
 974.783418 -2.453277
 975.292443 -2.331396
 975.801469 -2.369105
 976.310494 -2.436424
 976.819519 -2.432114
 977.328544 -2.357517
 977.837570 -2.369591
 978.346595 -2.438971
 978.855620 -2.412383
 979.364646 -2.416160
 979.873671 -2.373372
 980.382696 -2.391665
 980.891721 -2.439152
 981.400747 -2.369223
 981.909772 -2.378450
 982.418797 -2.432436
 982.927823 -2.447547
 983.436848 -2.427875
 983.945873 -2.347989
 984.454898 -2.368236
 984.963924 -2.392431
 985.472949 -2.439538
 985.981974 -2.431145
 986.491000 -2.403862
 987.000025 -2.397735
 987.509050 -2.370539
 988.018075 -2.343359
 988.527101 -2.379123
 989.036126 -2.405293
 989.545151 -2.392527
 990.054177 -2.405675
 990.563202 -2.356102
 991.072227 -2.425218
 991.581252 -2.404027
 992.090278 -2.389878
 992.599303 -2.394798
 993.108328 -2.441410
 993.617354 -2.405147
 994.126379 -2.379330
 994.635404 -2.411261
 995.144429 -2.425574
 995.653455 -2.416162
 996.162480 -2.415798
 996.671505 -2.430926
 997.180530 -2.374003
 997.689556 -2.413545
 998.198581 -2.478351
 998.707606 -2.436191
 999.216632 -2.389184
 999.725657 -2.384944
 1000.234682 -2.377061
 1000.743707 -2.420025
 1001.252733 -2.436218
 1001.761758 -2.406986
 1002.270783 -2.441617
 1002.779809 -2.381390
 1003.288834 -2.348052
 1003.797859 -2.403137
 1004.306884 -2.455160
 1004.815910 -2.392611
 1005.324935 -2.386757
 1005.833960 -2.408686
 1006.342986 -2.384031
 1006.852011 -2.400438
 1007.361036 -2.410581
 1007.870061 -2.464823
 1008.379087 -2.426497
 1008.888112 -2.393878
 1009.397137 -2.363278
 1009.906163 -2.385595
 1010.415188 -2.408539
 1010.924213 -2.443099
 1011.433238 -2.445171
 1011.942264 -2.400923
 1012.451289 -2.363024
 1012.960314 -2.435958
 1013.469340 -2.478734
 1013.978365 -2.362092
 1014.487390 -2.344830
 1014.996415 -2.452177
 1015.505441 -2.405592
 1016.014466 -2.327879
 1016.523491 -2.440006
 1017.032517 -2.417421
 1017.541542 -2.433256
 1018.050567 -2.365459
