#! FIELDS time cv
 0.000000 -2.699888
 0.509025 -2.877949
 1.018051 -2.926566
 1.527076 -2.787813
 2.036101 -2.746601
 2.545126 -2.894258
 3.054152 -2.912822
 3.563177 -2.813093
 4.072202 -2.790854
 4.581228 -2.856133
 5.090253 -2.885141
 5.599278 -2.896246
 6.108303 -2.837653
 6.617329 -2.844213
 7.126354 -2.856738
 7.635379 -2.812099
 8.144405 -2.825233
 8.653430 -2.831655
 9.162455 -2.850253
 9.671480 -2.860909
 10.180506 -2.877377
 10.689531 -2.786760
 11.198556 -2.771686
 11.707582 -2.863141
 12.216607 -2.879302
 12.725632 -2.811064
 13.234657 -2.801180
 13.743683 -2.816776
 14.252708 -2.836647
 14.761733 -2.866957
 15.270759 -2.780098
 15.779784 -2.847342
 16.288809 -2.851385
 16.797834 -2.862583
 17.306860 -2.818185
 17.815885 -2.820473
 18.324910 -2.847252
 18.833935 -2.792118
 19.342961 -2.869302
 19.851986 -2.889622
 20.361011 -2.802133
 20.870037 -2.822855
 21.379062 -2.901184
 21.888087 -2.807875
 22.397112 -2.856356
 22.906138 -2.804107
 23.415163 -2.801218
 23.924188 -2.861656
 24.433214 -2.871962
 24.942239 -2.825397
 25.451264 -2.834065
 25.960289 -2.896705
 26.469315 -2.870748
 26.978340 -2.833308
 27.487365 -2.783966
 27.996391 -2.831087
 28.505416 -2.879629
 29.014441 -2.855588
 29.523466 -2.839877
 30.032492 -2.765071
 30.541517 -2.841668
 31.050542 -2.936412
 31.559568 -2.848477
 32.068593 -2.793210
 32.577618 -2.839700
 33.086643 -2.841332
 33.595669 -2.853491
 34.104694 -2.880778
 34.613719 -2.822722
 35.122745 -2.788024
 35.631770 -2.817383
 36.140795 -2.852940
 36.649820 -2.898912
 37.158846 -2.849766
 37.667871 -2.773427
 38.176896 -2.763909
 38.685922 -2.892263
 39.194947 -2.881129
 39.703972 -2.862298
 40.212997 -2.825306
 40.722023 -2.846663
 41.231048 -2.844196
 41.740073 -2.814013
 42.249099 -2.840661
 42.758124 -2.857431
 43.267149 -2.811377
 43.776174 -2.800612
 44.285200 -2.847041
 44.794225 -2.906760
 45.303250 -2.877526
 45.812276 -2.810825
 46.321301 -2.796922
 46.830326 -2.854337
 47.339351 -2.839764
 47.848377 -2.850906
 48.357402 -2.796717
 48.866427 -2.803980
 49.375453 -2.821858
 49.884478 -2.901075
 50.393503 -2.878860
 50.902528 -2.794983
 51.411554 -2.833502
 51.920579 -2.865056
 52.429604 -2.839175
 52.938629 -2.871860
 53.447655 -2.892517
 53.956680 -2.824727
 54.465705 -2.830789
 54.974731 -2.854561
 55.483756 -2.800371
 55.992781 -2.811573
 56.501806 -2.914395
 57.010832 -2.864747
 57.519857 -2.739631
 58.028882 -2.872213
 58.537908 -2.935314
 59.046933 -2.768054
 59.555958 -2.800007
 60.064983 -2.840223
 60.574009 -2.857239
 61.083034 -2.858356
 61.592059 -2.834032
 62.101085 -2.892546
 62.610110 -2.861992
 63.119135 -2.879414
 63.628160 -2.820468
 64.137186 -2.832922
 64.646211 -2.785366
 65.155236 -2.869774
 65.664262 -2.882593
 66.173287 -2.821309
 66.682312 -2.790326
 67.191337 -2.839712
 67.700363 -2.881174
 68.209388 -2.886214
 68.718413 -2.795331
 69.227439 -2.857521
 69.736464 -2.846637
 70.245489 -2.878256
 70.754514 -2.805274
 71.263540 -2.797701
 71.772565 -2.820796
 72.281590 -2.872691
 72.790616 -2.845283
 73.299641 -2.761648
 73.808666 -2.822698
 74.317691 -2.878752
 74.826717 -2.783679
 75.335742 -2.847514
 75.844767 -2.884329
 76.353793 -2.797695
 76.862818 -2.775698
 77.371843 -2.870951
 77.880868 -2.897195
 78.389894 -2.806257
 78.898919 -2.845171
 79.407944 -2.837664
 79.916970 -2.807584
 80.425995 -2.850381
 80.935020 -2.815431
 81.444045 -2.810823
 81.953071 -2.846559
 82.462096 -2.890097
 82.971121 -2.857581
 83.480147 -2.778714
 83.989172 -2.804021
 84.498197 -2.865036
 85.007222 -2.862677
 85.516248 -2.817481
 86.025273 -2.812759
 86.534298 -2.831081
 87.043323 -2.814575
 87.552349 -2.898334
 88.061374 -2.860713
 88.570399 -2.790417
 89.079425 -2.752625
 89.588450 -2.831736
 90.097475 -2.879232
 90.606500 -2.830673
 91.115526 -2.819476
 91.624551 -2.819548
 92.133576 -2.805833
 92.642602 -2.847780
 93.151627 -2.932396
 93.660652 -2.820138
 94.169677 -2.753514
 94.678703 -2.776226
 95.187728 -2.906654
 95.696753 -2.851397
 96.205779 -2.824779
 96.714804 -2.834540
 97.223829 -2.834217
 97.732854 -2.779539
 98.241880 -2.822508
 98.750905 -2.854877
 99.259930 -2.805033
 99.768956 -2.874565
 100.277981 -2.843278
 100.787006 -2.785555
 101.296031 -2.834045
 101.805057 -2.835732
 102.314082 -2.811008
 102.823107 -2.885447
 103.332133 -2.864857
 103.841158 -2.851448
 104.350183 -2.804271
 104.859208 -2.807084
 105.368234 -2.819503
 105.877259 -2.894380
 106.386284 -2.811615
 106.895310 -2.817194
 107.404335 -2.824250
 107.913360 -2.848756
 108.422385 -2.901251
 108.931411 -2.854124
 109.440436 -2.811989
 109.949461 -2.826619
 110.458487 -2.854657
 110.967512 -2.891194
 111.476537 -2.833208
 111.985562 -2.820625
 112.494588 -2.839310
 113.003613 -2.865885
 113.512638 -2.823017
 114.021664 -2.845878
 114.530689 -2.783278
 115.039714 -2.763010
 115.548739 -2.849402
 116.057765 -2.891568
 116.566790 -2.892699
 117.075815 -2.753305
 117.584841 -2.774651
 118.093866 -2.974190
 118.602891 -2.861685
 119.111916 -2.794028
 119.620942 -2.834114
 120.129967 -2.917854
 120.638992 -2.849852
 121.148017 -2.848884
 121.657043 -2.840422
 122.166068 -2.820200
 122.675093 -2.826670
 123.184119 -2.813715
 123.693144 -2.813267
 124.202169 -2.847338
 124.711194 -2.794180
 125.220220 -2.818645
 125.729245 -2.839148
 126.238270 -2.897294
 126.747296 -2.867273
 127.256321 -2.803728
 127.765346 -2.833503
 128.274371 -2.923636
 128.783397 -2.829578
 129.292422 -2.854332
 129.801447 -2.882132
 130.310473 -2.828569
 130.819498 -2.814406
 131.328523 -2.864456
 131.837548 -2.873670
 132.346574 -2.830439
 132.855599 -2.835863
 133.364624 -2.844741
 133.873650 -2.801732
 134.382675 -2.830310
 134.891700 -2.829120
 135.400725 -2.850184
 135.909751 -2.771522
 136.418776 -2.843263
 136.927801 -2.869346
 137.436827 -2.814947
 137.945852 -2.798709
 138.454877 -2.825268
 138.963902 -2.833160
 139.472928 -2.867366
 139.981953 -2.797997
 140.490978 -2.835024
 141.000004 -2.799845
 141.509029 -2.812067
 142.018054 -2.795899
 142.527079 -2.866358
 143.036105 -2.824251
 143.545130 -2.857706
 144.054155 -2.814939
 144.563181 -2.841837
 145.072206 -2.826791
 145.581231 -2.775072
 146.090256 -2.869291
 146.599282 -2.881646
 147.108307 -2.820612
 147.617332 -2.822138
 148.126358 -2.875200
 148.635383 -2.864014
 149.144408 -2.812333
 149.653433 -2.814622
 150.162459 -2.861274
 150.671484 -2.814288
 151.180509 -2.836185
 151.689535 -2.865724
 152.198560 -2.827584
 152.707585 -2.834806
 153.216610 -2.832985
 153.725636 -2.806167
 154.234661 -2.863609
 154.743686 -2.842310
 155.252711 -2.836047
 155.761737 -2.874794
 156.270762 -2.874178
 156.779787 -2.851466
 157.288813 -2.862610
 157.797838 -2.870649
 158.306863 -2.842192
 158.815888 -2.810476
 159.324914 -2.862551
 159.833939 -2.843832
 160.342964 -2.813367
 160.851990 -2.866036
 161.361015 -2.903127
 161.870040 -2.839005
 162.379065 -2.818847
 162.888091 -2.928299
 163.397116 -2.823731
 163.906141 -2.779234
 164.415167 -2.899955
 164.924192 -2.867435
 165.433217 -2.815279
 165.942242 -2.834828
 166.451268 -2.846708
 166.960293 -2.848117
 167.469318 -2.871144
 167.978344 -2.778027
 168.487369 -2.847594
 168.996394 -2.922846
 169.505419 -2.888658
 170.014445 -2.781700
 170.523470 -2.885482
 171.032495 -2.935903
 171.541521 -2.746329
 172.050546 -2.836189
 172.559571 -2.962736
 173.068596 -2.808583
 173.577622 -2.788628
 174.086647 -2.914152
 174.595672 -2.826466
 175.104698 -2.834583
 175.613723 -2.852671
 176.122748 -2.820329
 176.631773 -2.838472
 177.140799 -2.866056
 177.649824 -2.885589
 178.158849 -2.777508
 178.667875 -2.801461
 179.176900 -2.873062
 179.685925 -2.871106
 180.194950 -2.832242
 180.703976 -2.882331
 181.213001 -2.832576
 181.722026 -2.765831
 182.231052 -2.817835
 182.740077 -2.865119
 183.249102 -2.908753
 183.758127 -2.833125
 184.267153 -2.843222
 184.776178 -2.819409
 185.285203 -2.796623
 185.794228 -2.896466
 186.303254 -2.905843
 186.812279 -2.841346
 187.321304 -2.844279
 187.830330 -2.781150
 188.339355 -2.823528
 188.848380 -2.921087
 189.357405 -2.849510
 189.866431 -2.765070
 190.375456 -2.850067
 190.884481 -2.917743
 191.393507 -2.787376
 191.902532 -2.769324
 192.411557 -2.908785
 192.920582 -2.918365
 193.429608 -2.769335
 193.938633 -2.871409
 194.447658 -2.865184
 194.956684 -2.730097
 195.465709 -2.809015
 195.974734 -2.893994
 196.483759 -2.826383
 196.992785 -2.785140
 197.501810 -2.821905
 198.010835 -2.849078
 198.519861 -2.872483
 199.028886 -2.816899
 199.537911 -2.825992
 200.046936 -2.786212
 200.555962 -2.810164
 201.064987 -2.813985
 201.574012 -2.840646
 202.083038 -2.858206
 202.592063 -2.835257
 203.101088 -2.796582
 203.610113 -2.830830
 204.119139 -2.806392
 204.628164 -2.887128
 205.137189 -2.835111
 205.646215 -2.778959
 206.155240 -2.860152
 206.664265 -2.851686
 207.173290 -2.861032
 207.682316 -2.789053
 208.191341 -2.811838
 208.700366 -2.917505
 209.209392 -2.887058
 209.718417 -2.843594
 210.227442 -2.820945
 210.736467 -2.797505
 211.245493 -2.867021
 211.754518 -2.876300
 212.263543 -2.804265
 212.772569 -2.847301
 213.281594 -2.871013
 213.790619 -2.821956
 214.299644 -2.841921
 214.808670 -2.856165
 215.317695 -2.863530
 215.826720 -2.802402
 216.335746 -2.867294
 216.844771 -2.877348
 217.353796 -2.868970
 217.862821 -2.822270
 218.371847 -2.852917
 218.880872 -2.847461
 219.389897 -2.803982
 219.898922 -2.893226
 220.407948 -2.873395
 220.916973 -2.819067
 221.425998 -2.795650
 221.935024 -2.914261
 222.444049 -2.838883
 222.953074 -2.813449
 223.462099 -2.854516
 223.971125 -2.910099
 224.480150 -2.840783
 224.989175 -2.856398
 225.498201 -2.885387
 226.007226 -2.847350
 226.516251 -2.826306
 227.025276 -2.803779
 227.534302 -2.917093
 228.043327 -2.896172
 228.552352 -2.815823
 229.061378 -2.821597
 229.570403 -2.889229
 230.079428 -2.916420
 230.588453 -2.752201
 231.097479 -2.854551
 231.606504 -2.931096
 232.115529 -2.812281
 232.624555 -2.867357
 233.133580 -2.843436
 233.642605 -2.825378
 234.151630 -2.889553
 234.660656 -2.864552
 235.169681 -2.798777
 235.678706 -2.821047
 236.187732 -2.881347
 236.696757 -2.842511
 237.205782 -2.892284
 237.714807 -2.868017
 238.223833 -2.761078
 238.732858 -2.899405
 239.241883 -2.902626
 239.750909 -2.809616
 240.259934 -2.867271
 240.768959 -2.848388
 241.277984 -2.795386
 241.787010 -2.872992
 242.296035 -2.897067
 242.805060 -2.889145
 243.314086 -2.805939
 243.823111 -2.809800
 244.332136 -2.891340
 244.841161 -2.882908
 245.350187 -2.819016
 245.859212 -2.794847
 246.368237 -2.908115
 246.877263 -2.825266
 247.386288 -2.792735
 247.895313 -2.896024
 248.404338 -2.905881
 248.913364 -2.830863
 249.422389 -2.830656
 249.931414 -2.888400
 250.440440 -2.885715
 250.949465 -2.817586
 251.458490 -2.855326
 251.967515 -2.878830
 252.476541 -2.852528
 252.985566 -2.784076
 253.494591 -2.851623
 254.003616 -2.877632
 254.512642 -2.837994
 255.021667 -2.852319
 255.530692 -2.873699
 256.039718 -2.857872
 256.548743 -2.831760
 257.057768 -2.847409
 257.566793 -2.815343
 258.075819 -2.881722
 258.584844 -2.815355
 259.093869 -2.849067
 259.602895 -2.844310
 260.111920 -2.869372
 260.620945 -2.834788
 261.129970 -2.862191
 261.638996 -2.886986
 262.148021 -2.875163
 262.657046 -2.826476
 263.166072 -2.823315
 263.675097 -2.851738
 264.184122 -2.817595
 264.693147 -2.887916
 265.202173 -2.844369
 265.711198 -2.855201
 266.220223 -2.918258
 266.729249 -2.828693
 267.238274 -2.819117
 267.747299 -2.906867
 268.256324 -2.813133
 268.765350 -2.873323
 269.274375 -2.855984
 269.783400 -2.785207
 270.292426 -2.917453
 270.801451 -2.876930
 271.310476 -2.824807
 271.819501 -2.855111
 272.328527 -2.857401
 272.837552 -2.815839
 273.346577 -2.854860
 273.855603 -2.874363
 274.364628 -2.852656
 274.873653 -2.839806
 275.382678 -2.815501
 275.891704 -2.869312
 276.400729 -2.904167
 276.909754 -2.833680
 277.418780 -2.805480
 277.927805 -2.891957
 278.436830 -2.874431
 278.945855 -2.860930
 279.454881 -2.865857
 279.963906 -2.830764
 280.472931 -2.831752
 280.981957 -2.819294
 281.490982 -2.832681
 282.000007 -2.838447
 282.509032 -2.870500
 283.018058 -2.862484
 283.527083 -2.839627
 284.036108 -2.781797
 284.545134 -2.879889
 285.054159 -2.899394
 285.563184 -2.815872
 286.072209 -2.809377
 286.581235 -2.875274
 287.090260 -2.873727
 287.599285 -2.782897
 288.108310 -2.879692
 288.617336 -2.849729
 289.126361 -2.853336
 289.635386 -2.845155
 290.144412 -2.833205
 290.653437 -2.863720
 291.162462 -2.833934
 291.671487 -2.872758
 292.180513 -2.855771
 292.689538 -2.827668
 293.198563 -2.894541
 293.707589 -2.845291
 294.216614 -2.848422
 294.725639 -2.883884
 295.234664 -2.863421
 295.743690 -2.836217
 296.252715 -2.862858
 296.761740 -2.844898
 297.270766 -2.823159
 297.779791 -2.849422
 298.288816 -2.779491
 298.797841 -2.882209
 299.306867 -2.921952
 299.815892 -2.800026
 300.324917 -2.786922
 300.833943 -2.882551
 301.342968 -2.844154
 301.851993 -2.773910
 302.361018 -2.867375
 302.870044 -2.909736
 303.379069 -2.817635
 303.888094 -2.813003
 304.397120 -2.895827
 304.906145 -2.846421
 305.415170 -2.780619
 305.924195 -2.904939
 306.433221 -2.868612
 306.942246 -2.800442
 307.451271 -2.879418
 307.960297 -2.843037
 308.469322 -2.858686
 308.978347 -2.845624
 309.487372 -2.880546
 309.996398 -2.838446
 310.505423 -2.852097
 311.014448 -2.867261
 311.523474 -2.818147
 312.032499 -2.773565
 312.541524 -2.877634
 313.050549 -2.892187
 313.559575 -2.812711
 314.068600 -2.802559
 314.577625 -2.883177
 315.086651 -2.858901
 315.595676 -2.835912
 316.104701 -2.801626
 316.613726 -2.835806
 317.122752 -2.845136
 317.631777 -2.811024
 318.140802 -2.791290
 318.649828 -2.833492
 319.158853 -2.851706
 319.667878 -2.785190
 320.176903 -2.778471
 320.685929 -2.808741
 321.194954 -2.902201
 321.703979 -2.821582
 322.213004 -2.810386
 322.722030 -2.856214
 323.231055 -2.889261
 323.740080 -2.817465
 324.249106 -2.818668
 324.758131 -2.889854
 325.267156 -2.849341
 325.776181 -2.817977
 326.285207 -2.865730
 326.794232 -2.848362
 327.303257 -2.854483
 327.812283 -2.843340
 328.321308 -2.874207
 328.830333 -2.816920
 329.339358 -2.833706
 329.848384 -2.849435
 330.357409 -2.860224
 330.866434 -2.807826
 331.375460 -2.804651
 331.884485 -2.924813
 332.393510 -2.852598
 332.902535 -2.834236
 333.411561 -2.883654
 333.920586 -2.855434
 334.429611 -2.856807
 334.938637 -2.823254
 335.447662 -2.883953
 335.956687 -2.847127
 336.465712 -2.806785
 336.974738 -2.915060
 337.483763 -2.830954
 337.992788 -2.794098
 338.501814 -2.886514
 339.010839 -2.893732
 339.519864 -2.804410
 340.028889 -2.847430
 340.537915 -2.884355
 341.046940 -2.854524
 341.555965 -2.817588
 342.064991 -2.884742
 342.574016 -2.886074
 343.083041 -2.846345
 343.592066 -2.833300
 344.101092 -2.868025
 344.610117 -2.865738
 345.119142 -2.856776
 345.628168 -2.787406
 346.137193 -2.859320
 346.646218 -2.904785
 347.155243 -2.825605
 347.664269 -2.856608
 348.173294 -2.862248
 348.682319 -2.908541
 349.191345 -2.811239
 349.700370 -2.879177
 350.209395 -2.914906
 350.718420 -2.870685
 351.227446 -2.807712
 351.736471 -2.802178
 352.245496 -2.925150
 352.754522 -2.780801
 353.263547 -2.817145
 353.772572 -2.892782
 354.281597 -2.850809
 354.790623 -2.817518
 355.299648 -2.841797
 355.808673 -2.848545
 356.317698 -2.836920
 356.826724 -2.865109
 357.335749 -2.798032
 357.844774 -2.887178
 358.353800 -2.904097
 358.862825 -2.797301
 359.371850 -2.863304
 359.880875 -2.895042
 360.389901 -2.799764
 360.898926 -2.823453
 361.407951 -2.873907
 361.916977 -2.925669
 362.426002 -2.813879
 362.935027 -2.823268
 363.444052 -2.864703
 363.953078 -2.915490
 364.462103 -2.763179
 364.971128 -2.793109
 365.480154 -2.907251
 365.989179 -2.854031
 366.498204 -2.893591
 367.007229 -2.878790
 367.516255 -2.785372
 368.025280 -2.826064
 368.534305 -2.898415
 369.043331 -2.851007
 369.552356 -2.842039
 370.061381 -2.813824
 370.570406 -2.892026
 371.079432 -2.852936
 371.588457 -2.843206
 372.097482 -2.904967
 372.606508 -2.808833
 373.115533 -2.794768
 373.624558 -2.881864
 374.133583 -2.840979
 374.642609 -2.844018
 375.151634 -2.772554
 375.660659 -2.809003
 376.169685 -2.868741
 376.678710 -2.855801
 377.187735 -2.818662
 377.696760 -2.811396
 378.205786 -2.903620
 378.714811 -2.848961
 379.223836 -2.788462
 379.732862 -2.902857
 380.241887 -2.930170
 380.750912 -2.777375
 381.259937 -2.846019
 381.768963 -2.856196
 382.277988 -2.836196
 382.787013 -2.770633
 383.296039 -2.809057
 383.805064 -2.858819
 384.314089 -2.874352
 384.823114 -2.789987
 385.332140 -2.841752
 385.841165 -2.916534
 386.350190 -2.828077
 386.859216 -2.761633
 387.368241 -2.854090
 387.877266 -2.881629
 388.386291 -2.882251
 388.895317 -2.825944
 389.404342 -2.866558
 389.913367 -2.832167
 390.422392 -2.881517
 390.931418 -2.806851
 391.440443 -2.848251
 391.949468 -2.873934
 392.458494 -2.833329
 392.967519 -2.813320
 393.476544 -2.864364
 393.985569 -2.891377
 394.494595 -2.883448
 395.003620 -2.870654
 395.512645 -2.840884
 396.021671 -2.868849
 396.530696 -2.860205
 397.039721 -2.817590
 397.548746 -2.831707
 398.057772 -2.917621
 398.566797 -2.844527
 399.075822 -2.772966
 399.584848 -2.806681
 400.093873 -2.884249
 400.602898 -2.874020
 401.111923 -2.775996
 401.620949 -2.775605
 402.129974 -2.908118
 402.638999 -2.893949
 403.148025 -2.778105
 403.657050 -2.826282
 404.166075 -2.861043
 404.675100 -2.881420
 405.184126 -2.876262
 405.693151 -2.828446
 406.202176 -2.841391
 406.711202 -2.844401
 407.220227 -2.885565
 407.729252 -2.770309
 408.238277 -2.829113
 408.747303 -2.957749
 409.256328 -2.845754
 409.765353 -2.793462
 410.274379 -2.853748
 410.783404 -2.884015
 411.292429 -2.818617
 411.801454 -2.796445
 412.310480 -2.780664
 412.819505 -2.835997
 413.328530 -2.869934
 413.837556 -2.859744
 414.346581 -2.852807
 414.855606 -2.807803
 415.364631 -2.812826
 415.873657 -2.830675
 416.382682 -2.842978
 416.891707 -2.843923
 417.400733 -2.862303
 417.909758 -2.859866
 418.418783 -2.857694
 418.927808 -2.791522
 419.436834 -2.807058
 419.945859 -2.911577
 420.454884 -2.833080
 420.963910 -2.817529
 421.472935 -2.791019
 421.981960 -2.908442
 422.490985 -2.871428
 423.000011 -2.862051
 423.509036 -2.859563
 424.018061 -2.800409
 424.527086 -2.851338
 425.036112 -2.904364
 425.545137 -2.850010
 426.054162 -2.869586
 426.563188 -2.839302
 427.072213 -2.874577
 427.581238 -2.842065
 428.090263 -2.786598
 428.599289 -2.875437
 429.108314 -2.847199
 429.617339 -2.778242
 430.126365 -2.926633
 430.635390 -2.884679
 431.144415 -2.754039
 431.653440 -2.815128
 432.162466 -2.909442
 432.671491 -2.888774
 433.180516 -2.772209
 433.689542 -2.874367
 434.198567 -2.877615
 434.707592 -2.814777
 435.216617 -2.885285
 435.725643 -2.862999
 436.234668 -2.812412
 436.743693 -2.831013
 437.252719 -2.886737
 437.761744 -2.840674
 438.270769 -2.841657
 438.779794 -2.909680
 439.288820 -2.814106
 439.797845 -2.853354
 440.306870 -2.902430
 440.815896 -2.837511
 441.324921 -2.825018
 441.833946 -2.872893
 442.342971 -2.875289
 442.851997 -2.808851
 443.361022 -2.881624
 443.870047 -2.853036
 444.379073 -2.850525
 444.888098 -2.831814
 445.397123 -2.842132
 445.906148 -2.850801
 446.415174 -2.806080
 446.924199 -2.817722
 447.433224 -2.850803
 447.942250 -2.905746
 448.451275 -2.827831
 448.960300 -2.863689
 449.469325 -2.911397
 449.978351 -2.818452
 450.487376 -2.817789
 450.996401 -2.885270
 451.505427 -2.846589
 452.014452 -2.791021
 452.523477 -2.895874
 453.032502 -2.894002
 453.541528 -2.823146
 454.050553 -2.880629
 454.559578 -2.836779
 455.068604 -2.834151
 455.577629 -2.777920
 456.086654 -2.885714
 456.595679 -2.933067
 457.104705 -2.828687
 457.613730 -2.816291
 458.122755 -2.861821
 458.631780 -2.858741
 459.140806 -2.820383
 459.649831 -2.860077
 460.158856 -2.843204
 460.667882 -2.840553
 461.176907 -2.918303
 461.685932 -2.832601
 462.194957 -2.840464
 462.703983 -2.851178
 463.213008 -2.821848
 463.722033 -2.848239
 464.231059 -2.817622
 464.740084 -2.831119
 465.249109 -2.842210
 465.758134 -2.871403
 466.267160 -2.861908
 466.776185 -2.809167
 467.285210 -2.881615
 467.794236 -2.836980
 468.303261 -2.830891
 468.812286 -2.875233
 469.321311 -2.825984
 469.830337 -2.850331
 470.339362 -2.853919
 470.848387 -2.845335
 471.357413 -2.854881
 471.866438 -2.805272
 472.375463 -2.788888
 472.884488 -2.933696
 473.393514 -2.861597
 473.902539 -2.839380
 474.411564 -2.892178
 474.920590 -2.873854
 475.429615 -2.834848
 475.938640 -2.844281
 476.447665 -2.879019
 476.956691 -2.861257
 477.465716 -2.805355
 477.974741 -2.901446
 478.483767 -2.876668
 478.992792 -2.832505
 479.501817 -2.820490
 480.010842 -2.852175
 480.519868 -2.833146
 481.028893 -2.830231
 481.537918 -2.887781
 482.046944 -2.805069
 482.555969 -2.881026
 483.064994 -2.840217
 483.574019 -2.812617
 484.083045 -2.875854
 484.592070 -2.868711
 485.101095 -2.824542
 485.610121 -2.862015
 486.119146 -2.862002
 486.628171 -2.873705
 487.137196 -2.816878
 487.646222 -2.830327
 488.155247 -2.881528
 488.664272 -2.865311
 489.173297 -2.835698
 489.682323 -2.823811
 490.191348 -2.854295
 490.700373 -2.864214
 491.209399 -2.795949
 491.718424 -2.824239
 492.227449 -2.866065
 492.736474 -2.862473
 493.245500 -2.868742
 493.754525 -2.849935
 494.263550 -2.870620
 494.772576 -2.862031
 495.281601 -2.849340
 495.790626 -2.852131
 496.299651 -2.801961
 496.808677 -2.841254
 497.317702 -2.868166
 497.826727 -2.843800
 498.335753 -2.841945
 498.844778 -2.845323
 499.353803 -2.787525
 499.862828 -2.804651
 500.371854 -2.864378
 500.880879 -2.886383
 501.389904 -2.850193
 501.898930 -2.782610
 502.407955 -2.926594
 502.916980 -2.865573
 503.426005 -2.831376
 503.935031 -2.823534
 504.444056 -2.867358
 504.953081 -2.790414
 505.462107 -2.870113
 505.971132 -2.833341
 506.480157 -2.821086
 506.989182 -2.814477
 507.498208 -2.884167
 508.007233 -2.820039
 508.516258 -2.826371
 509.025284 -2.915875
 509.534309 -2.846242
 510.043334 -2.850279
 510.552359 -2.863182
 511.061385 -2.878734
 511.570410 -2.848703
 512.079435 -2.818615
 512.588461 -2.881436
 513.097486 -2.855119
 513.606511 -2.831946
 514.115536 -2.837199
 514.624562 -2.850722
 515.133587 -2.879686
 515.642612 -2.802280
 516.151638 -2.871682
 516.660663 -2.893517
 517.169688 -2.820931
 517.678713 -2.803342
 518.187739 -2.850777
 518.696764 -2.840474
 519.205789 -2.881274
 519.714815 -2.903024
 520.223840 -2.823165
 520.732865 -2.798121
 521.241890 -2.901763
 521.750916 -2.871343
 522.259941 -2.811449
 522.768966 -2.894342
 523.277991 -2.838678
 523.787017 -2.808229
 524.296042 -2.874922
 524.805067 -2.856398
 525.314093 -2.864484
 525.823118 -2.859653
 526.332143 -2.824260
 526.841168 -2.867631
 527.350194 -2.804118
 527.859219 -2.805373
 528.368244 -2.904758
 528.877270 -2.866583
 529.386295 -2.830272
 529.895320 -2.848847
 530.404345 -2.845604
 530.913371 -2.807526
 531.422396 -2.870804
 531.931421 -2.844248
 532.440447 -2.827170
 532.949472 -2.814941
 533.458497 -2.865977
 533.967522 -2.888098
 534.476548 -2.813894
 534.985573 -2.841627
 535.494598 -2.920727
 536.003624 -2.852850
 536.512649 -2.816148
 537.021674 -2.914548
 537.530699 -2.874561
 538.039725 -2.822983
 538.548750 -2.822988
 539.057775 -2.834687
 539.566801 -2.802028
 540.075826 -2.833875
 540.584851 -2.936277
 541.093876 -2.903976
 541.602902 -2.762690
 542.111927 -2.766662
 542.620952 -2.861805
 543.129978 -2.879067
 543.639003 -2.821737
 544.148028 -2.876368
 544.657053 -2.874330
 545.166079 -2.802294
 545.675104 -2.883232
 546.184129 -2.895343
 546.693155 -2.875843
 547.202180 -2.838280
 547.711205 -2.850064
 548.220230 -2.839348
 548.729256 -2.916687
 549.238281 -2.796064
 549.747306 -2.827393
 550.256332 -2.869331
 550.765357 -2.853370
 551.274382 -2.828363
 551.783407 -2.840534
 552.292433 -2.909070
 552.801458 -2.844050
 553.310483 -2.809546
 553.819509 -2.882943
 554.328534 -2.845845
 554.837559 -2.786987
 555.346584 -2.854286
 555.855610 -2.859877
 556.364635 -2.785317
 556.873660 -2.831377
 557.382685 -2.837588
 557.891711 -2.872488
 558.400736 -2.814705
 558.909761 -2.838096
 559.418787 -2.871437
 559.927812 -2.857162
 560.436837 -2.813576
 560.945862 -2.874426
 561.454888 -2.864994
 561.963913 -2.753708
 562.472938 -2.843002
 562.981964 -2.834200
 563.490989 -2.869675
 564.000014 -2.823458
 564.509039 -2.732591
 565.018065 -2.899587
 565.527090 -2.903008
 566.036115 -2.764581
 566.545141 -2.798526
 567.054166 -2.931046
 567.563191 -2.868939
 568.072216 -2.796577
 568.581242 -2.854847
 569.090267 -2.869174
 569.599292 -2.772624
 570.108318 -2.856515
 570.617343 -2.877532
 571.126368 -2.849989
 571.635393 -2.820573
 572.144419 -2.844069
 572.653444 -2.874943
 573.162469 -2.805479
 573.671495 -2.868706
 574.180520 -2.889802
 574.689545 -2.822318
 575.198570 -2.807334
 575.707596 -2.834033
 576.216621 -2.821472
 576.725646 -2.869519
 577.234672 -2.877370
 577.743697 -2.844384
 578.252722 -2.783720
 578.761747 -2.825341
 579.270773 -2.796103
 579.779798 -2.845969
 580.288823 -2.817998
 580.797849 -2.847260
 581.306874 -2.834619
 581.815899 -2.844776
 582.324924 -2.839527
 582.833950 -2.844111
 583.342975 -2.885947
 583.852000 -2.816098
 584.361026 -2.823925
 584.870051 -2.864651
 585.379076 -2.792817
 585.888101 -2.780239
 586.397127 -2.905099
 586.906152 -2.892451
 587.415177 -2.769024
 587.924203 -2.822563
 588.433228 -2.870547
 588.942253 -2.859261
 589.451278 -2.826257
 589.960304 -2.919437
 590.469329 -2.911523
 590.978354 -2.804255
 591.487379 -2.751574
 591.996405 -2.848827
 592.505430 -2.865586
 593.014455 -2.824060
 593.523481 -2.817531
 594.032506 -2.815406
 594.541531 -2.844222
 595.050556 -2.859369
 595.559582 -2.825912
 596.068607 -2.838814
 596.577632 -2.825570
 597.086658 -2.808778
 597.595683 -2.876606
 598.104708 -2.836887
 598.613733 -2.857745
 599.122759 -2.841837
 599.631784 -2.861174
 600.140809 -2.825934
 600.649835 -2.775695
 601.158860 -2.836727
 601.667885 -2.928655
 602.176910 -2.855450
 602.685936 -2.796984
 603.194961 -2.799946
 603.703986 -2.859585
 604.213012 -2.869607
 604.722037 -2.832469
 605.231062 -2.840812
 605.740087 -2.851142
 606.249113 -2.849367
 606.758138 -2.869293
 607.267163 -2.856085
 607.776189 -2.819824
 608.285214 -2.868343
 608.794239 -2.906930
 609.303264 -2.807808
 609.812290 -2.746859
 610.321315 -2.828713
 610.830340 -2.906948
 611.339366 -2.819704
 611.848391 -2.820625
 612.357416 -2.826367
 612.866441 -2.778293
 613.375467 -2.842202
 613.884492 -2.812926
 614.393517 -2.883730
 614.902543 -2.814682
 615.411568 -2.877804
 615.920593 -2.879538
 616.429618 -2.829911
 616.938644 -2.854846
 617.447669 -2.864894
 617.956694 -2.827480
 618.465720 -2.837090
 618.974745 -2.883964
 619.483770 -2.861173
 619.992795 -2.850218
 620.501821 -2.809094
 621.010846 -2.799116
 621.519871 -2.832501
 622.028897 -2.834788
 622.537922 -2.870324
 623.046947 -2.805381
 623.555972 -2.865669
 624.064998 -2.849920
 624.574023 -2.870307
 625.083048 -2.813470
 625.592073 -2.799775
 626.101099 -2.930493
 626.610124 -2.856811
 627.119149 -2.816712
 627.628175 -2.810216
 628.137200 -2.856496
 628.646225 -2.901103
 629.155250 -2.834053
 629.664276 -2.776951
 630.173301 -2.808527
 630.682326 -2.855185
 631.191352 -2.822643
 631.700377 -2.823562
 632.209402 -2.876526
 632.718427 -2.816162
 633.227453 -2.801347
 633.736478 -2.838744
 634.245503 -2.849423
 634.754529 -2.857433
 635.263554 -2.849691
 635.772579 -2.750625
 636.281604 -2.827046
 636.790630 -2.925050
 637.299655 -2.858211
 637.808680 -2.779966
 638.317706 -2.808591
 638.826731 -2.877069
 639.335756 -2.854870
 639.844781 -2.822042
 640.353807 -2.847029
 640.862832 -2.786909
 641.371857 -2.740887
 641.880883 -2.853174
 642.389908 -2.878233
 642.898933 -2.841481
 643.407958 -2.847374
 643.916984 -2.874919
 644.426009 -2.875434
 644.935034 -2.738687
 645.444060 -2.831608
 645.953085 -2.908763
 646.462110 -2.812823
 646.971135 -2.758775
 647.480161 -2.820008
 647.989186 -2.947917
 648.498211 -2.853715
 649.007237 -2.801651
 649.516262 -2.805917
 650.025287 -2.917865
 650.534312 -2.895900
 651.043338 -2.797995
 651.552363 -2.753491
 652.061388 -2.840334
 652.570414 -2.849228
 653.079439 -2.833556
 653.588464 -2.806066
 654.097489 -2.855321
 654.606515 -2.883341
 655.115540 -2.819933
 655.624565 -2.804274
 656.133591 -2.889402
 656.642616 -2.844799
 657.151641 -2.756534
 657.660666 -2.864478
 658.169692 -2.934365
 658.678717 -2.804604
 659.187742 -2.836205
 659.696767 -2.898175
 660.205793 -2.846206
 660.714818 -2.790974
 661.223843 -2.882460
 661.732869 -2.872875
 662.241894 -2.800889
 662.750919 -2.816642
 663.259944 -2.849389
 663.768970 -2.848753
 664.277995 -2.836019
 664.787020 -2.788513
 665.296046 -2.838729
 665.805071 -2.923588
 666.314096 -2.795886
 666.823121 -2.814482
 667.332147 -2.872284
 667.841172 -2.860247
 668.350197 -2.827932
 668.859223 -2.808732
 669.368248 -2.862826
 669.877273 -2.873115
 670.386298 -2.739022
 670.895324 -2.820075
 671.404349 -2.846384
 671.913374 -2.835075
 672.422400 -2.823951
 672.931425 -2.829954
 673.440450 -2.835213
 673.949475 -2.831214
 674.458501 -2.843623
 674.967526 -2.859891
 675.476551 -2.833870
 675.985577 -2.845177
 676.494602 -2.887017
 677.003627 -2.815725
 677.512652 -2.779306
 678.021678 -2.845851
 678.530703 -2.913315
 679.039728 -2.784772
 679.548754 -2.756341
 680.057779 -2.849326
 680.566804 -2.835223
 681.075829 -2.901429
 681.584855 -2.828908
 682.093880 -2.808972
 682.602905 -2.829262
 683.111931 -2.801424
 683.620956 -2.866935
 684.129981 -2.872418
 684.639006 -2.836885
 685.148032 -2.820934
 685.657057 -2.858666
 686.166082 -2.917090
 686.675108 -2.848254
 687.184133 -2.720313
 687.693158 -2.833417
 688.202183 -2.924384
 688.711209 -2.855502
 689.220234 -2.790669
 689.729259 -2.861026
 690.238285 -2.879915
 690.747310 -2.843088
 691.256335 -2.829376
 691.765360 -2.769779
 692.274386 -2.830977
 692.783411 -2.868380
 693.292436 -2.815449
 693.801461 -2.802827
 694.310487 -2.828827
 694.819512 -2.888778
 695.328537 -2.852958
 695.837563 -2.846889
 696.346588 -2.843933
 696.855613 -2.808577
 697.364638 -2.827373
 697.873664 -2.890230
 698.382689 -2.869730
 698.891714 -2.797912
 699.400740 -2.826945
 699.909765 -2.872132
 700.418790 -2.835829
 700.927815 -2.866038
 701.436841 -2.841030
 701.945866 -2.795357
 702.454891 -2.877873
 702.963917 -2.839760
 703.472942 -2.797652
 703.981967 -2.825821
 704.490992 -2.885736
 705.000018 -2.875891
 705.509043 -2.791998
 706.018068 -2.777996
 706.527094 -2.845703
 707.036119 -2.877893
 707.545144 -2.870593
 708.054169 -2.819085
 708.563195 -2.797126
 709.072220 -2.849317
 709.581245 -2.881430
 710.090271 -2.777654
 710.599296 -2.843077
 711.108321 -2.860236
 711.617346 -2.853335
 712.126372 -2.793987
 712.635397 -2.860938
 713.144422 -2.935779
 713.653448 -2.842143
 714.162473 -2.812845
 714.671498 -2.800968
 715.180523 -2.797530
 715.689549 -2.877096
 716.198574 -2.885564
 716.707599 -2.750173
 717.216625 -2.858334
 717.725650 -2.942460
 718.234675 -2.826356
 718.743700 -2.826682
 719.252726 -2.913605
 719.761751 -2.806311
 720.270776 -2.857568
 720.779802 -2.826400
 721.288827 -2.822803
 721.797852 -2.884655
 722.306877 -2.835880
 722.815903 -2.865253
 723.324928 -2.900350
 723.833953 -2.841007
 724.342979 -2.769496
 724.852004 -2.919441
 725.361029 -2.813071
 725.870054 -2.858042
 726.379080 -2.921263
 726.888105 -2.841380
 727.397130 -2.819833
 727.906155 -2.895311
 728.415181 -2.834459
 728.924206 -2.818102
 729.433231 -2.866233
 729.942257 -2.837699
 730.451282 -2.824653
 730.960307 -2.865112
 731.469332 -2.875306
 731.978358 -2.840835
 732.487383 -2.808669
 732.996408 -2.848622
 733.505434 -2.901416
 734.014459 -2.824435
 734.523484 -2.830843
 735.032509 -2.849276
 735.541535 -2.858256
 736.050560 -2.782267
 736.559585 -2.824490
 737.068611 -2.877264
 737.577636 -2.856526
 738.086661 -2.867395
 738.595686 -2.842873
 739.104712 -2.809635
 739.613737 -2.837169
 740.122762 -2.902851
 740.631788 -2.823609
 741.140813 -2.819894
 741.649838 -2.852416
 742.158863 -2.894369
 742.667889 -2.805307
 743.176914 -2.850260
 743.685939 -2.891997
 744.194965 -2.820397
 744.703990 -2.796695
 745.213015 -2.849521
 745.722040 -2.910933
 746.231066 -2.859791
 746.740091 -2.817959
 747.249116 -2.829016
 747.758142 -2.864369
 748.267167 -2.841051
 748.776192 -2.820802
 749.285217 -2.825908
 749.794243 -2.842717
 750.303268 -2.863322
 750.812293 -2.891633
 751.321319 -2.836789
 751.830344 -2.840565
 752.339369 -2.853396
 752.848394 -2.844207
 753.357420 -2.885620
 753.866445 -2.804488
 754.375470 -2.809118
 754.884496 -2.849536
 755.393521 -2.869184
 755.902546 -2.834366
 756.411571 -2.875192
 756.920597 -2.865276
 757.429622 -2.837854
 757.938647 -2.869247
 758.447673 -2.857280
 758.956698 -2.853852
 759.465723 -2.823743
 759.974748 -2.851441
 760.483774 -2.881902
 760.992799 -2.854513
 761.501824 -2.840380
 762.010849 -2.839320
 762.519875 -2.853553
 763.028900 -2.871227
 763.537925 -2.848737
 764.046951 -2.816651
 764.555976 -2.809085
 765.065001 -2.893875
 765.574026 -2.912001
 766.083052 -2.773786
 766.592077 -2.915191
 767.101102 -2.892780
 767.610128 -2.757616
 768.119153 -2.835612
 768.628178 -2.874900
 769.137203 -2.858439
 769.646229 -2.798044
 770.155254 -2.804475
 770.664279 -2.833618
 771.173305 -2.869080
 771.682330 -2.831156
 772.191355 -2.786093
 772.700380 -2.871770
 773.209406 -2.824752
 773.718431 -2.868184
 774.227456 -2.889442
 774.736482 -2.750374
 775.245507 -2.813424
 775.754532 -2.920530
 776.263557 -2.817560
 776.772583 -2.787223
 777.281608 -2.867065
 777.790633 -2.890251
 778.299659 -2.897154
 778.808684 -2.770569
 779.317709 -2.840036
 779.826734 -2.843488
 780.335760 -2.792647
 780.844785 -2.786021
 781.353810 -2.869492
 781.862836 -2.892820
 782.371861 -2.829459
 782.880886 -2.789084
 783.389911 -2.949398
 783.898937 -2.838458
 784.407962 -2.720030
 784.916987 -2.843249
 785.426013 -2.869923
 785.935038 -2.849122
 786.444063 -2.837804
 786.953088 -2.823927
 787.462114 -2.833121
 787.971139 -2.818693
 788.480164 -2.846056
 788.989190 -2.847089
 789.498215 -2.835121
 790.007240 -2.840360
 790.516265 -2.879590
 791.025291 -2.901775
 791.534316 -2.799632
 792.043341 -2.823740
 792.552366 -2.845503
 793.061392 -2.752753
 793.570417 -2.870057
 794.079442 -2.879694
 794.588468 -2.821463
 795.097493 -2.807659
 795.606518 -2.844048
 796.115543 -2.854675
 796.624569 -2.803804
 797.133594 -2.796948
 797.642619 -2.853761
 798.151645 -2.919452
 798.660670 -2.823512
 799.169695 -2.760074
 799.678720 -2.801306
 800.187746 -2.939084
 800.696771 -2.861716
 801.205796 -2.778198
 801.714822 -2.863405
 802.223847 -2.852448
 802.732872 -2.840118
 803.241897 -2.853094
 803.750923 -2.815692
 804.259948 -2.803415
 804.768973 -2.790082
 805.277999 -2.899367
 805.787024 -2.906953
 806.296049 -2.837570
 806.805074 -2.835828
 807.314100 -2.861038
 807.823125 -2.817855
 808.332150 -2.880053
 808.841176 -2.856332
 809.350201 -2.774394
 809.859226 -2.864250
 810.368251 -2.924911
 810.877277 -2.800700
 811.386302 -2.756628
 811.895327 -2.831309
 812.404353 -2.909611
 812.913378 -2.807339
 813.422403 -2.799282
 813.931428 -2.844734
 814.440454 -2.831986
 814.949479 -2.857827
 815.458504 -2.868216
 815.967530 -2.875764
 816.476555 -2.827781
 816.985580 -2.869290
 817.494605 -2.887961
 818.003631 -2.778814
 818.512656 -2.824981
 819.021681 -2.946387
 819.530707 -2.799520
 820.039732 -2.796396
 820.548757 -2.937086
 821.057782 -2.907689
 821.566808 -2.819077
 822.075833 -2.847921
 822.584858 -2.885974
 823.093884 -2.841436
 823.602909 -2.833291
 824.111934 -2.868205
 824.620959 -2.864603
 825.129985 -2.861967
 825.639010 -2.860460
 826.148035 -2.908443
 826.657060 -2.864809
 827.166086 -2.847128
 827.675111 -2.859705
 828.184136 -2.853722
 828.693162 -2.833347
 829.202187 -2.870893
 829.711212 -2.835456
 830.220237 -2.800068
 830.729263 -2.814233
 831.238288 -2.819556
 831.747313 -2.869106
 832.256339 -2.885751
 832.765364 -2.820655
 833.274389 -2.849212
 833.783414 -2.824067
 834.292440 -2.821878
 834.801465 -2.866588
 835.310490 -2.845056
 835.819516 -2.847442
 836.328541 -2.827494
 836.837566 -2.828131
 837.346591 -2.849448
 837.855617 -2.880246
 838.364642 -2.881584
 838.873667 -2.839346
 839.382693 -2.906969
 839.891718 -2.857775
 840.400743 -2.818744
 840.909768 -2.858296
 841.418794 -2.790038
 841.927819 -2.889348
 842.436844 -2.897768
 842.945870 -2.789808
 843.454895 -2.853345
 843.963920 -2.843028
 844.472945 -2.842573
 844.981971 -2.895701
 845.490996 -2.821921
 846.000021 -2.856254
 846.509047 -2.897800
 847.018072 -2.823549
 847.527097 -2.827809
 848.036122 -2.848086
 848.545148 -2.936362
 849.054173 -2.862902
 849.563198 -2.825695
 850.072224 -2.825253
 850.581249 -2.884357
 851.090274 -2.879902
 851.599299 -2.817673
 852.108325 -2.869885
 852.617350 -2.832676
 853.126375 -2.771637
 853.635401 -2.918539
 854.144426 -2.894029
 854.653451 -2.722595
 855.162476 -2.868424
 855.671502 -2.865466
 856.180527 -2.809847
 856.689552 -2.800181
 857.198578 -2.916443
 857.707603 -2.837489
 858.216628 -2.796083
 858.725653 -2.843226
 859.234679 -2.922795
 859.743704 -2.891792
 860.252729 -2.783964
 860.761754 -2.791629
 861.270780 -2.889634
 861.779805 -2.882355
 862.288830 -2.819770
 862.797856 -2.806582
 863.306881 -2.840182
 863.815906 -2.906470
 864.324931 -2.786373
 864.833957 -2.759193
 865.342982 -2.866829
 865.852007 -2.846568
 866.361033 -2.870563
 866.870058 -2.865506
 867.379083 -2.825787
 867.888108 -2.819576
 868.397134 -2.857573
 868.906159 -2.840312
 869.415184 -2.787113
 869.924210 -2.844472
 870.433235 -2.892620
 870.942260 -2.831253
 871.451285 -2.842095
 871.960311 -2.804594
 872.469336 -2.856010
 872.978361 -2.825468
 873.487387 -2.868005
 873.996412 -2.858506
 874.505437 -2.825831
 875.014462 -2.816011
 875.523488 -2.919661
 876.032513 -2.836915
 876.541538 -2.838952
 877.050564 -2.894055
 877.559589 -2.823925
 878.068614 -2.838194
 878.577639 -2.857493
 879.086665 -2.863637
 879.595690 -2.872037
 880.104715 -2.887585
 880.613741 -2.805259
 881.122766 -2.795030
 881.631791 -2.930448
 882.140816 -2.809708
 882.649842 -2.834081
 883.158867 -2.814389
 883.667892 -2.865016
 884.176918 -2.827408
 884.685943 -2.883748
 885.194968 -2.826982
 885.703993 -2.867751
 886.213019 -2.861744
 886.722044 -2.860952
 887.231069 -2.837205
 887.740095 -2.868579
 888.249120 -2.899588
 888.758145 -2.859904
 889.267170 -2.818126
 889.776196 -2.773193
 890.285221 -2.901426
 890.794246 -2.893121
 891.303272 -2.837601
 891.812297 -2.857767
 892.321322 -2.851470
 892.830347 -2.864526
 893.339373 -2.888926
 893.848398 -2.812314
 894.357423 -2.879266
 894.866448 -2.851578
 895.375474 -2.831831
 895.884499 -2.783703
 896.393524 -2.860600
 896.902550 -2.850807
 897.411575 -2.908339
 897.920600 -2.827562
 898.429625 -2.910644
 898.938651 -2.819370
 899.447676 -2.861339
 899.956701 -2.807674
 900.465727 -2.817398
 900.974752 -2.875706
 901.483777 -2.855541
 901.992802 -2.829986
 902.501828 -2.852201
 903.010853 -2.865218
 903.519878 -2.800824
 904.028904 -2.863744
 904.537929 -2.881153
 905.046954 -2.842479
 905.555979 -2.848917
 906.065005 -2.859131
 906.574030 -2.835592
 907.083055 -2.848961
 907.592081 -2.813783
 908.101106 -2.871501
 908.610131 -2.902267
 909.119156 -2.810559
 909.628182 -2.774851
 910.137207 -2.890071
 910.646232 -2.904208
 911.155258 -2.753263
 911.664283 -2.881620
 912.173308 -2.849679
 912.682333 -2.840085
 913.191359 -2.839571
 913.700384 -2.899654
 914.209409 -2.790973
 914.718435 -2.865978
 915.227460 -2.894216
 915.736485 -2.807967
 916.245510 -2.833836
 916.754536 -2.881174
 917.263561 -2.885731
 917.772586 -2.837304
 918.281612 -2.822601
 918.790637 -2.912467
 919.299662 -2.807689
 919.808687 -2.818888
 920.317713 -2.905224
 920.826738 -2.852457
 921.335763 -2.816204
 921.844789 -2.844733
 922.353814 -2.868971
 922.862839 -2.818324
 923.371864 -2.852432
 923.880890 -2.905014
 924.389915 -2.901444
 924.898940 -2.854690
 925.407966 -2.811391
 925.916991 -2.874689
 926.426016 -2.844962
 926.935041 -2.828668
 927.444067 -2.861209
 927.953092 -2.908129
 928.462117 -2.843957
 928.971142 -2.878179
 929.480168 -2.824314
 929.989193 -2.879765
 930.498218 -2.876627
 931.007244 -2.895080
 931.516269 -2.856621
 932.025294 -2.788658
 932.534319 -2.822903
 933.043345 -2.900330
 933.552370 -2.823734
 934.061395 -2.796568
 934.570421 -2.891802
 935.079446 -2.866457
 935.588471 -2.834268
 936.097496 -2.906449
 936.606522 -2.920777
 937.115547 -2.780328
 937.624572 -2.874533
 938.133598 -2.888788
 938.642623 -2.813237
 939.151648 -2.855969
 939.660673 -2.861441
 940.169699 -2.862880
 940.678724 -2.868932
 941.187749 -2.828371
 941.696775 -2.857374
 942.205800 -2.881988
 942.714825 -2.886963
 943.223850 -2.818740
 943.732876 -2.879063
 944.241901 -2.882007
 944.750926 -2.829439
 945.259952 -2.871889
 945.768977 -2.907936
 946.278002 -2.840732
 946.787027 -2.853248
 947.296053 -2.818814
 947.805078 -2.863617
 948.314103 -2.855727
 948.823129 -2.833020
 949.332154 -2.843481
 949.841179 -2.853005
 950.350204 -2.897875
 950.859230 -2.828865
 951.368255 -2.859259
 951.877280 -2.906803
 952.386306 -2.852992
 952.895331 -2.867354
 953.404356 -2.827783
 953.913381 -2.876468
 954.422407 -2.821230
 954.931432 -2.893095
 955.440457 -2.809980
 955.949483 -2.833444
 956.458508 -2.892630
 956.967533 -2.869742
 957.476558 -2.794559
 957.985584 -2.821567
 958.494609 -2.890066
 959.003634 -2.908045
 959.512660 -2.848102
 960.021685 -2.817511
 960.530710 -2.850606
 961.039735 -2.858298
 961.548761 -2.797355
 962.057786 -2.852184
 962.566811 -2.811643
 963.075836 -2.847284
 963.584862 -2.919681
 964.093887 -2.861985
 964.602912 -2.787755
 965.111938 -2.898859
 965.620963 -2.888331
 966.129988 -2.783870
 966.639013 -2.868701
 967.148039 -2.835040
 967.657064 -2.767979
 968.166089 -2.844498
 968.675115 -2.893241
 969.184140 -2.887446
 969.693165 -2.782971
 970.202190 -2.878675
 970.711216 -2.936730
 971.220241 -2.830107
 971.729266 -2.804236
 972.238292 -2.842437
 972.747317 -2.920987
 973.256342 -2.850867
 973.765367 -2.851594
 974.274393 -2.873025
 974.783418 -2.841786
 975.292443 -2.809091
 975.801469 -2.845227
 976.310494 -2.906695
 976.819519 -2.766122
 977.328544 -2.852986
 977.837570 -2.982400
 978.346595 -2.763461
 978.855620 -2.793579
 979.364646 -2.900509
 979.873671 -2.854351
 980.382696 -2.842432
 980.891721 -2.798393
 981.400747 -2.883342
 981.909772 -2.927808
 982.418797 -2.818066
 982.927823 -2.835131
 983.436848 -2.877441
 983.945873 -2.844578
 984.454898 -2.858573
 984.963924 -2.788431
 985.472949 -2.794500
 985.981974 -2.876720
 986.491000 -2.848231
 987.000025 -2.875128
 987.509050 -2.808239
 988.018075 -2.815629
 988.527101 -2.823223
 989.036126 -2.852106
 989.545151 -2.904003
 990.054177 -2.819434
 990.563202 -2.862581
 991.072227 -2.805875
 991.581252 -2.858640
 992.090278 -2.921752
 992.599303 -2.820604
 993.108328 -2.771596
 993.617354 -2.851555
 994.126379 -2.916384
 994.635404 -2.834496
 995.144429 -2.796237
 995.653455 -2.822666
 996.162480 -2.893546
 996.671505 -2.835657
 997.180530 -2.759329
 997.689556 -2.851211
 998.198581 -2.835154
 998.707606 -2.837532
 999.216632 -2.872053
 999.725657 -2.829997
 1000.234682 -2.902849
 1000.743707 -2.841493
 1001.252733 -2.777934
 1001.761758 -2.892480
 1002.270783 -2.869861
 1002.779809 -2.904634
 1003.288834 -2.801660
 1003.797859 -2.805961
 1004.306884 -2.850497
 1004.815910 -2.865414
 1005.324935 -2.801005
 1005.833960 -2.796517
 1006.342986 -2.841383
 1006.852011 -2.813779
 1007.361036 -2.864294
 1007.870061 -2.804513
 1008.379087 -2.796150
 1008.888112 -2.911164
 1009.397137 -2.896628
 1009.906163 -2.797655
 1010.415188 -2.781883
 1010.924213 -2.851982
 1011.433238 -2.917188
 1011.942264 -2.844437
 1012.451289 -2.803364
 1012.960314 -2.865555
 1013.469340 -2.914634
 1013.978365 -2.852964
 1014.487390 -2.802751
 1014.996415 -2.878097
 1015.505441 -2.929055
 1016.014466 -2.803149
 1016.523491 -2.802612
 1017.032517 -2.930893
 1017.541542 -2.828129
 1018.050567 -2.827200
