#! FIELDS time cv
 0.000000 -1.639680
 0.509025 -1.742009
 1.018051 -1.921096
 1.527076 -1.866998
 2.036101 -1.788230
 2.545126 -1.878499
 3.054152 -1.923329
 3.563177 -1.896045
 4.072202 -1.880544
 4.581228 -1.853730
 5.090253 -1.824785
 5.599278 -1.804996
 6.108303 -1.820742
 6.617329 -1.880850
 7.126354 -1.888850
 7.635379 -1.866430
 8.144405 -1.829640
 8.653430 -1.880447
 9.162455 -1.866594
 9.671480 -1.846983
 10.180506 -1.856299
 10.689531 -1.855598
 11.198556 -1.902801
 11.707582 -1.890665
 12.216607 -1.889329
 12.725632 -1.849303
 13.234657 -1.850852
 13.743683 -1.888710
 14.252708 -1.898215
 14.761733 -1.833041
 15.270759 -1.794733
 15.779784 -1.851188
 16.288809 -1.869015
 16.797834 -1.952761
 17.306860 -1.951610
 17.815885 -1.823619
 18.324910 -1.856821
 18.833935 -1.876947
 19.342961 -1.840427
 19.851986 -1.820471
 20.361011 -1.835945
 20.870037 -1.842711
 21.379062 -1.845243
 21.888087 -1.845409
 22.397112 -1.903460
 22.906138 -1.944312
 23.415163 -1.910944
 23.924188 -1.853414
 24.433214 -1.836059
 24.942239 -1.837867
 25.451264 -1.843375
 25.960289 -1.877294
 26.469315 -1.857013
 26.978340 -1.846985
 27.487365 -1.829842
 27.996391 -1.863515
 28.505416 -1.860973
 29.014441 -1.840287
 29.523466 -1.767139
 30.032492 -1.863070
 30.541517 -1.904161
 31.050542 -1.805407
 31.559568 -1.836938
 32.068593 -1.817819
 32.577618 -1.859551
 33.086643 -1.869432
 33.595669 -1.812749
 34.104694 -1.854182
 34.613719 -1.911541
 35.122745 -1.867292
 35.631770 -1.829804
 36.140795 -1.854187
 36.649820 -1.833625
 37.158846 -1.760312
 37.667871 -1.788845
 38.176896 -1.808411
 38.685922 -1.797394
 39.194947 -1.871660
 39.703972 -1.844230
 40.212997 -1.846462
 40.722023 -1.826608
 41.231048 -1.814982
 41.740073 -1.897150
 42.249099 -1.858993
 42.758124 -1.832942
 43.267149 -1.824337
 43.776174 -1.848305
 44.285200 -1.817820
 44.794225 -1.801904
 45.303250 -1.858500
 45.812276 -1.841774
 46.321301 -1.848389
 46.830326 -1.839668
 47.339351 -1.783077
 47.848377 -1.887967
 48.357402 -1.922025
 48.866427 -1.894444
 49.375453 -1.829765
 49.884478 -1.793726
 50.393503 -1.892915
 50.902528 -1.876997
 51.411554 -1.867732
 51.920579 -1.852527
 52.429604 -1.851557
 52.938629 -1.742701
 53.447655 -1.806100
 53.956680 -1.965734
 54.465705 -1.857070
 54.974731 -1.817372
 55.483756 -1.919937
 55.992781 -1.814055
 56.501806 -1.822931
 57.010832 -1.840709
 57.519857 -1.824849
 58.028882 -1.810739
 58.537908 -1.842569
 59.046933 -1.846960
 59.555958 -1.894768
 60.064983 -1.931576
 60.574009 -1.873517
 61.083034 -1.839503
 61.592059 -1.839938
 62.101085 -1.845011
 62.610110 -1.834535
 63.119135 -1.817194
 63.628160 -1.859427
 64.137186 -1.899886
 64.646211 -1.881557
 65.155236 -1.810805
 65.664262 -1.829188
 66.173287 -1.861858
 66.682312 -1.896213
 67.191337 -1.880079
 67.700363 -1.861691
 68.209388 -1.823761
 68.718413 -1.816322
 69.227439 -1.886093
 69.736464 -1.859061
 70.245489 -1.885556
 70.754514 -1.858484
 71.263540 -1.872684
 71.772565 -1.858558
 72.281590 -1.873153
 72.790616 -1.834570
 73.299641 -1.839569
 73.808666 -1.882599
 74.317691 -1.826229
 74.826717 -1.831586
 75.335742 -1.870161
 75.844767 -1.859394
 76.353793 -1.786373
 76.862818 -1.798394
 77.371843 -1.837233
 77.880868 -1.841040
 78.389894 -1.857442
 78.898919 -1.891569
 79.407944 -1.846323
 79.916970 -1.837565
 80.425995 -1.875944
 80.935020 -1.852967
 81.444045 -1.785053
 81.953071 -1.853108
 82.462096 -1.903825
 82.971121 -1.827008
 83.480147 -1.788859
 83.989172 -1.905197
 84.498197 -1.876697
 85.007222 -1.823882
 85.516248 -1.821048
 86.025273 -1.885201
 86.534298 -1.893534
 87.043323 -1.884131
 87.552349 -1.877721
 88.061374 -1.810511
 88.570399 -1.784419
 89.079425 -1.809599
 89.588450 -1.908162
 90.097475 -1.867105
 90.606500 -1.855536
 91.115526 -1.835437
 91.624551 -1.838738
 92.133576 -1.809259
 92.642602 -1.867058
 93.151627 -1.897251
 93.660652 -1.880465
 94.169677 -1.852745
 94.678703 -1.847574
 95.187728 -1.805913
 95.696753 -1.826223
 96.205779 -1.888201
 96.714804 -1.857199
 97.223829 -1.835906
 97.732854 -1.854309
 98.241880 -1.791373
 98.750905 -1.885364
 99.259930 -1.890997
 99.768956 -1.901393
 100.277981 -1.842200
 100.787006 -1.816302
 101.296031 -1.824159
 101.805057 -1.855779
 102.314082 -1.918674
 102.823107 -1.871797
 103.332133 -1.826048
 103.841158 -1.776178
 104.350183 -1.874335
 104.859208 -1.845526
 105.368234 -1.808204
 105.877259 -1.903463
 106.386284 -1.924818
 106.895310 -1.883321
 107.404335 -1.765584
 107.913360 -1.797603
 108.422385 -1.855952
 108.931411 -1.884838
 109.440436 -1.863794
 109.949461 -1.825551
 110.458487 -1.781149
 110.967512 -1.830170
 111.476537 -1.877555
 111.985562 -1.868443
 112.494588 -1.839716
 113.003613 -1.827677
 113.512638 -1.783845
 114.021664 -1.838808
 114.530689 -1.909613
 115.039714 -1.909465
 115.548739 -1.682855
 116.057765 -1.824419
 116.566790 -1.873186
 117.075815 -1.813755
 117.584841 -1.767801
 118.093866 -1.897562
 118.602891 -1.869999
 119.111916 -1.851781
 119.620942 -1.856541
 120.129967 -1.889070
 120.638992 -1.881310
 121.148017 -1.865202
 121.657043 -1.795394
 122.166068 -1.823123
 122.675093 -1.844088
 123.184119 -1.869842
 123.693144 -1.852892
 124.202169 -1.824253
 124.711194 -1.775868
 125.220220 -1.856957
 125.729245 -1.877233
 126.238270 -1.870574
 126.747296 -1.840044
 127.256321 -1.833739
 127.765346 -1.808907
 128.274371 -1.832443
 128.783397 -1.801298
 129.292422 -1.892692
 129.801447 -1.952227
 130.310473 -1.810786
 130.819498 -1.812246
 131.328523 -1.860290
 131.837548 -1.862605
 132.346574 -1.848687
 132.855599 -1.764220
 133.364624 -1.852063
 133.873650 -1.880911
 134.382675 -1.834943
 134.891700 -1.816090
 135.400725 -1.806446
 135.909751 -1.883514
 136.418776 -1.878526
 136.927801 -1.864132
 137.436827 -1.815146
 137.945852 -1.827028
 138.454877 -1.810164
 138.963902 -1.806407
 139.472928 -1.893872
 139.981953 -1.882257
 140.490978 -1.817254
 141.000004 -1.786301
 141.509029 -1.790347
 142.018054 -1.822636
 142.527079 -1.855220
 143.036105 -1.925503
 143.545130 -1.874009
 144.054155 -1.766596
 144.563181 -1.814251
 145.072206 -1.869826
 145.581231 -1.817109
 146.090256 -1.838203
 146.599282 -1.809504
 147.108307 -1.826009
 147.617332 -1.850517
 148.126358 -1.852483
 148.635383 -1.857078
 149.144408 -1.838139
 149.653433 -1.855306
 150.162459 -1.841479
 150.671484 -1.899616
 151.180509 -1.852526
 151.689535 -1.823069
 152.198560 -1.814298
 152.707585 -1.849264
 153.216610 -1.899714
 153.725636 -1.867064
 154.234661 -1.827249
 154.743686 -1.765933
 155.252711 -1.830116
 155.761737 -1.778083
 156.270762 -1.832113
 156.779787 -1.859387
 157.288813 -1.884114
 157.797838 -1.870547
 158.306863 -1.852589
 158.815888 -1.807786
 159.324914 -1.802480
 159.833939 -1.768201
 160.342964 -1.869228
 160.851990 -1.873840
 161.361015 -1.849480
 161.870040 -1.877857
 162.379065 -1.831206
 162.888091 -1.795683
 163.397116 -1.860472
 163.906141 -1.886109
 164.415167 -1.792360
 164.924192 -1.786480
 165.433217 -1.883073
 165.942242 -1.902200
 166.451268 -1.909035
 166.960293 -1.841643
 167.469318 -1.785756
 167.978344 -1.815759
 168.487369 -1.872565
 168.996394 -1.935774
 169.505419 -1.843169
 170.014445 -1.853012
 170.523470 -1.828989
 171.032495 -1.809811
 171.541521 -1.887691
 172.050546 -1.898072
 172.559571 -1.841380
 173.068596 -1.785674
 173.577622 -1.832464
 174.086647 -1.839606
 174.595672 -1.813525
 175.104698 -1.886356
 175.613723 -1.893634
 176.122748 -1.868571
 176.631773 -1.889675
 177.140799 -1.827502
 177.649824 -1.849609
 178.158849 -1.771988
 178.667875 -1.799198
 179.176900 -1.846615
 179.685925 -1.850902
 180.194950 -1.860728
 180.703976 -1.872268
 181.213001 -1.798383
 181.722026 -1.843357
 182.231052 -1.876318
 182.740077 -1.840459
 183.249102 -1.790736
 183.758127 -1.788306
 184.267153 -1.850664
 184.776178 -1.831317
 185.285203 -1.842286
 185.794228 -1.840710
 186.303254 -1.815050
 186.812279 -1.836082
 187.321304 -1.846662
 187.830330 -1.822197
 188.339355 -1.870095
 188.848380 -1.896024
 189.357405 -1.890849
 189.866431 -1.841348
 190.375456 -1.780482
 190.884481 -1.822355
 191.393507 -1.841605
 191.902532 -1.860775
 192.411557 -1.891469
 192.920582 -1.879093
 193.429608 -1.903165
 193.938633 -1.750325
 194.447658 -1.772087
 194.956684 -1.901768
 195.465709 -1.936679
 195.974734 -1.799600
 196.483759 -1.777744
 196.992785 -1.870670
 197.501810 -1.865646
 198.010835 -1.930664
 198.519861 -1.837040
 199.028886 -1.796608
 199.537911 -1.915044
 200.046936 -1.938512
 200.555962 -1.840673
 201.064987 -1.815049
 201.574012 -1.782283
 202.083038 -1.855364
 202.592063 -1.851028
 203.101088 -1.884624
 203.610113 -1.846411
 204.119139 -1.836734
 204.628164 -1.856092
 205.137189 -1.810135
 205.646215 -1.775199
 206.155240 -1.822377
 206.664265 -1.842777
 207.173290 -1.841101
 207.682316 -1.779108
 208.191341 -1.824938
 208.700366 -1.858751
 209.209392 -1.883572
 209.718417 -1.856658
 210.227442 -1.884632
 210.736467 -1.831963
 211.245493 -1.849838
 211.754518 -1.820946
 212.263543 -1.875629
 212.772569 -1.910803
 213.281594 -1.821722
 213.790619 -1.771969
 214.299644 -1.835520
 214.808670 -1.897978
 215.317695 -1.872428
 215.826720 -1.843236
 216.335746 -1.844075
 216.844771 -1.922132
 217.353796 -1.870811
 217.862821 -1.793440
 218.371847 -1.726291
 218.880872 -1.870715
 219.389897 -1.899176
 219.898922 -1.805621
 220.407948 -1.879912
 220.916973 -1.906977
 221.425998 -1.931103
 221.935024 -1.818196
 222.444049 -1.825190
 222.953074 -1.868588
 223.462099 -1.859733
 223.971125 -1.894615
 224.480150 -1.845837
 224.989175 -1.832391
 225.498201 -1.823370
 226.007226 -1.850771
 226.516251 -1.820621
 227.025276 -1.860101
 227.534302 -1.816489
 228.043327 -1.796914
 228.552352 -1.819463
 229.061378 -1.891062
 229.570403 -1.875328
 230.079428 -1.766989
 230.588453 -1.733062
 231.097479 -1.814075
 231.606504 -1.925944
 232.115529 -1.917766
 232.624555 -1.819669
 233.133580 -1.791250
 233.642605 -1.878535
 234.151630 -1.875565
 234.660656 -1.861165
 235.169681 -1.820682
 235.678706 -1.809963
 236.187732 -1.833369
 236.696757 -1.883764
 237.205782 -1.830576
 237.714807 -1.861308
 238.223833 -1.844663
 238.732858 -1.816985
 239.241883 -1.845489
 239.750909 -1.855866
 240.259934 -1.844504
 240.768959 -1.878534
 241.277984 -1.823049
 241.787010 -1.718485
 242.296035 -1.766143
 242.805060 -1.770440
 243.314086 -1.833836
 243.823111 -1.898323
 244.332136 -1.840635
 244.841161 -1.832487
 245.350187 -1.804323
 245.859212 -1.830491
 246.368237 -1.854038
 246.877263 -1.836586
 247.386288 -1.851497
 247.895313 -1.831089
 248.404338 -1.885044
 248.913364 -1.829634
 249.422389 -1.815382
 249.931414 -1.804187
 250.440440 -1.849759
 250.949465 -1.815506
 251.458490 -1.816013
 251.967515 -1.903883
 252.476541 -1.818903
 252.985566 -1.812115
 253.494591 -1.861212
 254.003616 -1.877656
 254.512642 -1.808128
 255.021667 -1.764380
 255.530692 -1.826318
 256.039718 -1.856722
 256.548743 -1.883551
 257.057768 -1.864693
 257.566793 -1.877450
 258.075819 -1.841885
 258.584844 -1.815080
 259.093869 -1.883556
 259.602895 -1.914045
 260.111920 -1.840362
 260.620945 -1.847193
 261.129970 -1.839526
 261.638996 -1.853301
 262.148021 -1.808459
 262.657046 -1.897238
 263.166072 -1.929844
 263.675097 -1.778850
 264.184122 -1.827177
 264.693147 -1.899196
 265.202173 -1.843355
 265.711198 -1.773602
 266.220223 -1.879518
 266.729249 -1.906491
 267.238274 -1.802386
 267.747299 -1.828615
 268.256324 -1.886960
 268.765350 -1.896434
 269.274375 -1.763230
 269.783400 -1.810489
 270.292426 -1.863425
 270.801451 -1.875267
 271.310476 -1.862202
 271.819501 -1.836710
 272.328527 -1.794813
 272.837552 -1.861125
 273.346577 -1.890767
 273.855603 -1.853116
 274.364628 -1.861060
 274.873653 -1.781659
 275.382678 -1.790977
 275.891704 -1.833786
 276.400729 -1.842560
 276.909754 -1.812986
 277.418780 -1.848321
 277.927805 -1.883612
 278.436830 -1.852493
 278.945855 -1.768817
 279.454881 -1.789856
 279.963906 -1.844544
 280.472931 -1.934452
 280.981957 -1.836371
 281.490982 -1.798127
 282.000007 -1.727672
 282.509032 -1.850314
 283.018058 -1.857661
 283.527083 -1.869707
 284.036108 -1.837746
 284.545134 -1.854035
 285.054159 -1.851203
 285.563184 -1.773061
 286.072209 -1.785458
 286.581235 -1.818398
 287.090260 -1.856789
 287.599285 -1.865097
 288.108310 -1.875140
 288.617336 -1.844084
 289.126361 -1.816473
 289.635386 -1.858281
 290.144412 -1.859570
 290.653437 -1.852879
 291.162462 -1.831276
 291.671487 -1.839935
 292.180513 -1.876931
 292.689538 -1.865450
 293.198563 -1.832230
 293.707589 -1.761224
 294.216614 -1.859622
 294.725639 -1.909779
 295.234664 -1.867923
 295.743690 -1.869922
 296.252715 -1.839155
 296.761740 -1.800271
 297.270766 -1.794591
 297.779791 -1.847726
 298.288816 -1.808333
 298.797841 -1.852548
 299.306867 -1.868959
 299.815892 -1.863200
 300.324917 -1.839187
 300.833943 -1.837886
 301.342968 -1.879051
 301.851993 -1.897313
 302.361018 -1.791528
 302.870044 -1.806443
 303.379069 -1.829350
 303.888094 -1.848980
 304.397120 -1.829376
 304.906145 -1.803003
 305.415170 -1.827190
 305.924195 -1.850579
 306.433221 -1.850524
 306.942246 -1.837503
 307.451271 -1.823204
 307.960297 -1.869137
 308.469322 -1.822316
 308.978347 -1.819625
 309.487372 -1.856263
 309.996398 -1.904498
 310.505423 -1.854473
 311.014448 -1.836764
 311.523474 -1.846292
 312.032499 -1.931343
 312.541524 -1.862792
 313.050549 -1.811404
 313.559575 -1.810741
 314.068600 -1.880626
 314.577625 -1.880459
 315.086651 -1.909097
 315.595676 -1.902506
 316.104701 -1.815607
 316.613726 -1.877573
 317.122752 -1.901169
 317.631777 -1.864878
 318.140802 -1.854216
 318.649828 -1.823134
 319.158853 -1.827879
 319.667878 -1.877714
 320.176903 -1.870766
 320.685929 -1.927155
 321.194954 -1.854546
 321.703979 -1.766216
 322.213004 -1.766127
 322.722030 -1.796160
 323.231055 -1.862146
 323.740080 -1.841473
 324.249106 -1.845484
 324.758131 -1.864682
 325.267156 -1.837484
 325.776181 -1.878767
 326.285207 -1.939293
 326.794232 -1.809149
 327.303257 -1.793164
 327.812283 -1.801563
 328.321308 -1.833310
 328.830333 -1.867030
 329.339358 -1.876788
 329.848384 -1.885589
 330.357409 -1.880941
 330.866434 -1.860209
 331.375460 -1.850928
 331.884485 -1.813231
 332.393510 -1.813820
 332.902535 -1.832954
 333.411561 -1.908191
 333.920586 -1.944932
 334.429611 -1.807493
 334.938637 -1.798320
 335.447662 -1.860081
 335.956687 -1.868293
 336.465712 -1.852270
 336.974738 -1.835226
 337.483763 -1.838706
 337.992788 -1.879467
 338.501814 -1.854347
 339.010839 -1.858825
 339.519864 -1.785891
 340.028889 -1.814213
 340.537915 -1.897778
 341.046940 -1.958340
 341.555965 -1.914926
 342.064991 -1.731486
 342.574016 -1.799402
 343.083041 -1.872901
 343.592066 -1.917229
 344.101092 -1.917400
 344.610117 -1.817198
 345.119142 -1.840546
 345.628168 -1.884614
 346.137193 -1.896266
 346.646218 -1.866294
 347.155243 -1.816546
 347.664269 -1.877111
 348.173294 -1.943424
 348.682319 -1.935824
 349.191345 -1.874749
 349.700370 -1.832216
 350.209395 -1.812090
 350.718420 -1.822632
 351.227446 -1.852736
 351.736471 -1.787504
 352.245496 -1.850174
 352.754522 -1.932055
 353.263547 -1.899997
 353.772572 -1.831251
 354.281597 -1.806688
 354.790623 -1.886300
 355.299648 -1.870688
 355.808673 -1.856039
 356.317698 -1.857680
 356.826724 -1.761093
 357.335749 -1.826010
 357.844774 -1.865357
 358.353800 -1.887066
 358.862825 -1.876935
 359.371850 -1.801750
 359.880875 -1.790117
 360.389901 -1.859282
 360.898926 -1.896639
 361.407951 -1.884319
 361.916977 -1.818747
 362.426002 -1.823722
 362.935027 -1.935862
 363.444052 -1.876568
 363.953078 -1.854485
 364.462103 -1.769518
 364.971128 -1.830161
 365.480154 -1.860508
 365.989179 -1.901031
 366.498204 -1.894203
 367.007229 -1.867059
 367.516255 -1.873383
 368.025280 -1.833428
 368.534305 -1.875196
 369.043331 -1.868944
 369.552356 -1.827102
 370.061381 -1.859928
 370.570406 -1.822795
 371.079432 -1.832858
 371.588457 -1.838256
 372.097482 -1.864444
 372.606508 -1.870716
 373.115533 -1.877470
 373.624558 -1.868129
 374.133583 -1.856083
 374.642609 -1.893641
 375.151634 -1.916823
 375.660659 -1.870291
 376.169685 -1.844497
 376.678710 -1.820300
 377.187735 -1.892695
 377.696760 -1.930310
 378.205786 -1.899592
 378.714811 -1.829920
 379.223836 -1.804099
 379.732862 -1.867577
 380.241887 -1.924051
 380.750912 -1.889275
 381.259937 -1.864506
 381.768963 -1.874788
 382.277988 -1.890277
 382.787013 -1.872955
 383.296039 -1.850337
 383.805064 -1.839470
 384.314089 -1.895926
 384.823114 -1.858300
 385.332140 -1.827990
 385.841165 -1.891053
 386.350190 -1.885096
 386.859216 -1.832926
 387.368241 -1.900436
 387.877266 -1.877300
 388.386291 -1.805766
 388.895317 -1.836625
 389.404342 -1.864836
 389.913367 -1.860935
 390.422392 -1.849023
 390.931418 -1.842356
 391.440443 -1.800872
 391.949468 -1.834270
 392.458494 -1.811529
 392.967519 -1.857019
 393.476544 -1.921055
 393.985569 -1.896722
 394.494595 -1.878348
 395.003620 -1.882190
 395.512645 -1.841573
 396.021671 -1.820941
 396.530696 -1.855516
 397.039721 -1.806219
 397.548746 -1.871853
 398.057772 -1.818156
 398.566797 -1.800880
 399.075822 -1.859132
 399.584848 -1.911146
 400.093873 -1.822110
 400.602898 -1.759622
 401.111923 -1.851024
 401.620949 -1.900488
 402.129974 -1.877915
 402.638999 -1.818983
 403.148025 -1.807265
 403.657050 -1.842060
 404.166075 -1.887824
 404.675100 -1.831489
 405.184126 -1.870871
 405.693151 -1.978647
 406.202176 -1.895779
 406.711202 -1.862389
 407.220227 -1.837815
 407.729252 -1.888853
 408.238277 -1.888573
 408.747303 -1.860213
 409.256328 -1.843737
 409.765353 -1.793577
 410.274379 -1.846472
 410.783404 -1.850436
 411.292429 -1.905690
 411.801454 -1.766975
 412.310480 -1.847637
 412.819505 -1.793960
 413.328530 -1.876618
 413.837556 -1.887929
 414.346581 -1.845255
 414.855606 -1.864734
 415.364631 -1.844306
 415.873657 -1.804544
 416.382682 -1.812928
 416.891707 -1.817805
 417.400733 -1.824461
 417.909758 -1.842965
 418.418783 -1.813416
 418.927808 -1.894432
 419.436834 -1.892472
 419.945859 -1.846621
 420.454884 -1.829577
 420.963910 -1.819305
 421.472935 -1.803092
 421.981960 -1.851207
 422.490985 -1.874481
 423.000011 -1.841985
 423.509036 -1.840461
 424.018061 -1.856823
 424.527086 -1.825204
 425.036112 -1.862923
 425.545137 -1.862969
 426.054162 -1.894445
 426.563188 -1.837649
 427.072213 -1.811810
 427.581238 -1.880136
 428.090263 -1.875390
 428.599289 -1.892178
 429.108314 -1.808739
 429.617339 -1.756539
 430.126365 -1.798503
 430.635390 -1.900235
 431.144415 -1.857999
 431.653440 -1.797018
 432.162466 -1.787145
 432.671491 -1.786403
 433.180516 -1.862672
 433.689542 -1.921608
 434.198567 -1.855073
 434.707592 -1.758764
 435.216617 -1.820159
 435.725643 -1.888793
 436.234668 -1.867142
 436.743693 -1.812598
 437.252719 -1.780316
 437.761744 -1.865279
 438.270769 -1.928927
 438.779794 -1.906688
 439.288820 -1.738711
 439.797845 -1.771677
 440.306870 -1.892423
 440.815896 -1.858763
 441.324921 -1.839626
 441.833946 -1.780659
 442.342971 -1.740176
 442.851997 -1.816684
 443.361022 -1.840593
 443.870047 -1.879537
 444.379073 -1.955455
 444.888098 -1.869407
 445.397123 -1.764033
 445.906148 -1.782793
 446.415174 -1.797629
 446.924199 -1.875730
 447.433224 -1.868861
 447.942250 -1.820571
 448.451275 -1.841633
 448.960300 -1.863472
 449.469325 -1.898441
 449.978351 -1.791971
 450.487376 -1.810509
 450.996401 -1.902581
 451.505427 -1.890378
 452.014452 -1.838965
 452.523477 -1.769771
 453.032502 -1.820707
 453.541528 -1.861171
 454.050553 -1.830925
 454.559578 -1.820765
 455.068604 -1.846578
 455.577629 -1.831885
 456.086654 -1.924893
 456.595679 -1.826596
 457.104705 -1.867002
 457.613730 -1.834568
 458.122755 -1.766070
 458.631780 -1.817304
 459.140806 -1.871778
 459.649831 -1.928993
 460.158856 -1.877374
 460.667882 -1.827859
 461.176907 -1.842355
 461.685932 -1.843935
 462.194957 -1.802799
 462.703983 -1.901356
 463.213008 -1.797623
 463.722033 -1.847382
 464.231059 -1.837662
 464.740084 -1.834604
 465.249109 -1.835889
 465.758134 -1.825964
 466.267160 -1.907286
 466.776185 -1.861852
 467.285210 -1.887648
 467.794236 -1.797856
 468.303261 -1.814948
 468.812286 -1.904323
 469.321311 -1.898043
 469.830337 -1.834231
 470.339362 -1.809085
 470.848387 -1.803540
 471.357413 -1.818104
 471.866438 -1.877783
 472.375463 -1.824595
 472.884488 -1.836034
 473.393514 -1.832392
 473.902539 -1.901316
 474.411564 -1.863275
 474.920590 -1.806766
 475.429615 -1.809365
 475.938640 -1.862352
 476.447665 -1.882422
 476.956691 -1.839632
 477.465716 -1.823601
 477.974741 -1.801437
 478.483767 -1.873821
 478.992792 -1.926282
 479.501817 -1.868361
 480.010842 -1.787559
 480.519868 -1.800740
 481.028893 -1.862687
 481.537918 -1.848357
 482.046944 -1.791494
 482.555969 -1.837355
 483.064994 -1.892531
 483.574019 -1.852326
 484.083045 -1.835750
 484.592070 -1.858585
 485.101095 -1.929889
 485.610121 -1.895603
 486.119146 -1.845933
 486.628171 -1.852940
 487.137196 -1.847163
 487.646222 -1.851711
 488.155247 -1.816423
 488.664272 -1.841797
 489.173297 -1.778501
 489.682323 -1.849008
 490.191348 -1.946003
 490.700373 -1.821631
 491.209399 -1.849849
 491.718424 -1.841664
 492.227449 -1.892349
 492.736474 -1.824914
 493.245500 -1.824373
 493.754525 -1.850466
 494.263550 -1.870857
 494.772576 -1.853534
 495.281601 -1.743086
 495.790626 -1.831562
 496.299651 -1.900619
 496.808677 -1.831153
 497.317702 -1.755426
 497.826727 -1.818149
 498.335753 -1.881207
 498.844778 -1.912058
 499.353803 -1.820985
 499.862828 -1.773968
 500.371854 -1.869813
 500.880879 -1.879059
 501.389904 -1.736805
 501.898930 -1.828156
 502.407955 -1.912599
 502.916980 -1.825382
 503.426005 -1.837440
 503.935031 -1.870520
 504.444056 -1.827350
 504.953081 -1.842650
 505.462107 -1.786000
 505.971132 -1.842504
 506.480157 -1.895473
 506.989182 -1.825995
 507.498208 -1.853416
 508.007233 -1.894550
 508.516258 -1.883741
 509.025284 -1.810738
 509.534309 -1.768360
 510.043334 -1.845696
 510.552359 -1.934109
 511.061385 -1.921068
 511.570410 -1.792361
 512.079435 -1.823813
 512.588461 -1.883036
 513.097486 -1.824298
 513.606511 -1.774685
 514.115536 -1.860318
 514.624562 -1.903789
 515.133587 -1.889938
 515.642612 -1.828159
 516.151638 -1.834854
 516.660663 -1.857346
 517.169688 -1.812769
 517.678713 -1.813983
 518.187739 -1.853345
 518.696764 -1.821541
 519.205789 -1.808928
 519.714815 -1.849173
 520.223840 -1.812847
 520.732865 -1.840408
 521.241890 -1.845939
 521.750916 -1.818788
 522.259941 -1.842809
 522.768966 -1.816502
 523.277991 -1.855633
 523.787017 -1.888373
 524.296042 -1.812738
 524.805067 -1.785397
 525.314093 -1.885542
 525.823118 -1.911116
 526.332143 -1.857524
 526.841168 -1.835594
 527.350194 -1.874226
 527.859219 -1.857780
 528.368244 -1.819122
 528.877270 -1.855232
 529.386295 -1.857910
 529.895320 -1.839116
 530.404345 -1.840239
 530.913371 -1.867787
 531.422396 -1.866835
 531.931421 -1.873719
 532.440447 -1.877997
 532.949472 -1.835266
 533.458497 -1.857252
 533.967522 -1.779111
 534.476548 -1.772593
 534.985573 -1.873687
 535.494598 -1.906150
 536.003624 -1.865071
 536.512649 -1.839350
 537.021674 -1.837351
 537.530699 -1.869706
 538.039725 -1.839210
 538.548750 -1.853471
 539.057775 -1.846007
 539.566801 -1.813299
 540.075826 -1.887845
 540.584851 -1.872792
 541.093876 -1.901773
 541.602902 -1.835566
 542.111927 -1.787259
 542.620952 -1.824921
 543.129978 -1.913016
 543.639003 -1.806294
 544.148028 -1.836351
 544.657053 -1.812394
 545.166079 -1.955487
 545.675104 -1.932040
 546.184129 -1.803919
 546.693155 -1.778773
 547.202180 -1.875625
 547.711205 -1.897228
 548.220230 -1.836844
 548.729256 -1.815670
 549.238281 -1.821356
 549.747306 -1.832444
 550.256332 -1.813851
 550.765357 -1.875562
 551.274382 -1.890140
 551.783407 -1.842318
 552.292433 -1.818691
 552.801458 -1.798315
 553.310483 -1.888029
 553.819509 -1.863455
 554.328534 -1.872841
 554.837559 -1.871345
 555.346584 -1.844835
 555.855610 -1.815114
 556.364635 -1.810930
 556.873660 -1.736821
 557.382685 -1.830877
 557.891711 -1.901651
 558.400736 -1.815668
 558.909761 -1.830103
 559.418787 -1.838764
 559.927812 -1.866061
 560.436837 -1.842240
 560.945862 -1.850027
 561.454888 -1.896308
 561.963913 -1.823815
 562.472938 -1.813605
 562.981964 -1.824641
 563.490989 -1.853061
 564.000014 -1.869097
 564.509039 -1.799577
 565.018065 -1.834474
 565.527090 -1.856873
 566.036115 -1.826348
 566.545141 -1.850773
 567.054166 -1.831097
 567.563191 -1.843737
 568.072216 -1.874160
 568.581242 -1.893160
 569.090267 -1.865552
 569.599292 -1.843032
 570.108318 -1.802555
 570.617343 -1.777882
 571.126368 -1.817336
 571.635393 -1.861943
 572.144419 -1.841683
 572.653444 -1.755169
 573.162469 -1.875754
 573.671495 -1.876925
 574.180520 -1.839729
 574.689545 -1.884434
 575.198570 -1.905161
 575.707596 -1.863135
 576.216621 -1.880466
 576.725646 -1.880619
 577.234672 -1.778459
 577.743697 -1.733708
 578.252722 -1.834690
 578.761747 -1.881309
 579.270773 -1.872568
 579.779798 -1.854828
 580.288823 -1.830373
 580.797849 -1.878702
 581.306874 -1.841021
 581.815899 -1.807541
 582.324924 -1.838803
 582.833950 -1.816379
 583.342975 -1.851208
 583.852000 -1.862926
 584.361026 -1.847740
 584.870051 -1.828498
 585.379076 -1.881406
 585.888101 -1.895921
 586.397127 -1.841366
 586.906152 -1.733865
 587.415177 -1.855525
 587.924203 -1.872652
 588.433228 -1.835425
 588.942253 -1.856641
 589.451278 -1.837993
 589.960304 -1.832890
 590.469329 -1.885225
 590.978354 -1.880261
 591.487379 -1.807391
 591.996405 -1.763157
 592.505430 -1.769501
 593.014455 -1.855184
 593.523481 -1.892811
 594.032506 -1.894422
 594.541531 -1.827795
 595.050556 -1.858784
 595.559582 -1.831144
 596.068607 -1.796586
 596.577632 -1.874314
 597.086658 -1.882445
 597.595683 -1.839339
 598.104708 -1.819207
 598.613733 -1.856061
 599.122759 -1.861481
 599.631784 -1.865576
 600.140809 -1.865366
 600.649835 -1.896137
 601.158860 -1.817578
 601.667885 -1.827878
 602.176910 -1.850281
 602.685936 -1.894040
 603.194961 -1.864912
 603.703986 -1.846293
 604.213012 -1.844572
 604.722037 -1.888823
 605.231062 -1.827380
 605.740087 -1.737559
 606.249113 -1.828837
 606.758138 -1.892834
 607.267163 -1.786756
 607.776189 -1.734715
 608.285214 -1.813329
 608.794239 -1.874349
 609.303264 -1.889780
 609.812290 -1.886696
 610.321315 -1.854741
 610.830340 -1.924162
 611.339366 -1.913297
 611.848391 -1.809141
 612.357416 -1.736838
 612.866441 -1.829076
 613.375467 -1.841779
 613.884492 -1.963724
 614.393517 -1.778940
 614.902543 -1.776028
 615.411568 -1.815045
 615.920593 -1.866121
 616.429618 -1.880023
 616.938644 -1.839761
 617.447669 -1.754086
 617.956694 -1.807432
 618.465720 -1.905861
 618.974745 -1.825166
 619.483770 -1.804895
 619.992795 -1.861316
 620.501821 -1.850748
 621.010846 -1.851984
 621.519871 -1.827703
 622.028897 -1.832359
 622.537922 -1.833122
 623.046947 -1.805402
 623.555972 -1.836967
 624.064998 -1.872224
 624.574023 -1.883180
 625.083048 -1.855611
 625.592073 -1.816109
 626.101099 -1.807099
 626.610124 -1.821401
 627.119149 -1.877553
 627.628175 -1.822351
 628.137200 -1.792747
 628.646225 -1.835701
 629.155250 -1.863212
 629.664276 -1.809162
 630.173301 -1.822475
 630.682326 -1.853417
 631.191352 -1.839518
 631.700377 -1.842235
 632.209402 -1.843603
 632.718427 -1.859491
 633.227453 -1.797459
 633.736478 -1.818624
 634.245503 -1.854698
 634.754529 -1.868480
 635.263554 -1.839345
 635.772579 -1.798675
 636.281604 -1.918750
 636.790630 -1.832414
 637.299655 -1.791615
 637.808680 -1.736630
 638.317706 -1.849674
 638.826731 -1.853242
 639.335756 -1.873152
 639.844781 -1.870074
 640.353807 -1.882177
 640.862832 -1.853787
 641.371857 -1.878104
 641.880883 -1.789047
 642.389908 -1.795234
 642.898933 -1.883105
 643.407958 -1.955576
 643.916984 -1.910462
 644.426009 -1.894694
 644.935034 -1.804109
 645.444060 -1.762910
 645.953085 -1.801622
 646.462110 -1.889563
 646.971135 -1.853895
 647.480161 -1.827313
 647.989186 -1.801498
 648.498211 -1.827091
 649.007237 -1.835386
 649.516262 -1.869317
 650.025287 -1.812212
 650.534312 -1.789844
 651.043338 -1.793136
 651.552363 -1.888045
 652.061388 -1.904538
 652.570414 -1.897516
 653.079439 -1.866468
 653.588464 -1.850355
 654.097489 -1.847794
 654.606515 -1.818374
 655.115540 -1.876735
 655.624565 -1.836891
 656.133591 -1.857831
 656.642616 -1.809085
 657.151641 -1.868325
 657.660666 -1.882045
 658.169692 -1.866826
 658.678717 -1.855810
 659.187742 -1.783412
 659.696767 -1.829746
 660.205793 -1.907957
 660.714818 -1.864554
 661.223843 -1.810753
 661.732869 -1.819161
 662.241894 -1.857733
 662.750919 -1.919996
 663.259944 -1.906665
 663.768970 -1.838779
 664.277995 -1.821073
 664.787020 -1.765457
 665.296046 -1.881087
 665.805071 -1.879991
 666.314096 -1.848408
 666.823121 -1.875596
 667.332147 -1.857376
 667.841172 -1.823320
 668.350197 -1.845738
 668.859223 -1.864544
 669.368248 -1.773109
 669.877273 -1.829923
 670.386298 -1.883403
 670.895324 -1.898062
 671.404349 -1.900590
 671.913374 -1.810349
 672.422400 -1.764914
 672.931425 -1.798146
 673.440450 -1.821271
 673.949475 -1.793136
 674.458501 -1.825308
 674.967526 -1.850945
 675.476551 -1.876761
 675.985577 -1.865732
 676.494602 -1.813750
 677.003627 -1.768328
 677.512652 -1.858128
 678.021678 -1.823336
 678.530703 -1.859726
 679.039728 -1.903784
 679.548754 -1.857098
 680.057779 -1.836440
 680.566804 -1.873006
 681.075829 -1.919884
 681.584855 -1.811294
 682.093880 -1.808128
 682.602905 -1.791957
 683.111931 -1.839529
 683.620956 -1.863686
 684.129981 -1.875732
 684.639006 -1.877952
 685.148032 -1.813367
 685.657057 -1.822142
 686.166082 -1.790585
 686.675108 -1.816319
 687.184133 -1.821739
 687.693158 -1.850281
 688.202183 -1.899359
 688.711209 -1.849025
 689.220234 -1.814230
 689.729259 -1.769367
 690.238285 -1.843335
 690.747310 -1.877339
 691.256335 -1.879048
 691.765360 -1.815144
 692.274386 -1.851096
 692.783411 -1.894809
 693.292436 -1.943172
 693.801461 -1.881210
 694.310487 -1.835052
 694.819512 -1.815659
 695.328537 -1.782019
 695.837563 -1.793724
 696.346588 -1.829663
 696.855613 -1.909898
 697.364638 -1.854956
 697.873664 -1.788232
 698.382689 -1.826094
 698.891714 -1.829167
 699.400740 -1.915670
 699.909765 -1.884819
 700.418790 -1.978715
 700.927815 -1.832505
 701.436841 -1.833485
 701.945866 -1.818556
 702.454891 -1.768580
 702.963917 -1.888492
 703.472942 -1.914394
 703.981967 -1.893368
 704.490992 -1.810002
 705.000018 -1.844207
 705.509043 -1.847363
 706.018068 -1.851638
 706.527094 -1.828901
 707.036119 -1.883010
 707.545144 -1.899421
 708.054169 -1.898242
 708.563195 -1.777180
 709.072220 -1.770763
 709.581245 -1.787459
 710.090271 -1.831303
 710.599296 -1.807518
 711.108321 -1.868041
 711.617346 -1.882913
 712.126372 -1.844222
 712.635397 -1.741253
 713.144422 -1.786897
 713.653448 -1.839798
 714.162473 -1.902925
 714.671498 -1.883677
 715.180523 -1.847646
 715.689549 -1.899825
 716.198574 -1.868079
 716.707599 -1.868234
 717.216625 -1.807386
 717.725650 -1.839297
 718.234675 -1.852853
 718.743700 -1.836680
 719.252726 -1.801168
 719.761751 -1.807708
 720.270776 -1.869774
 720.779802 -1.864411
 721.288827 -1.881598
 721.797852 -1.879714
 722.306877 -1.821028
 722.815903 -1.851324
 723.324928 -1.825312
 723.833953 -1.831457
 724.342979 -1.817299
 724.852004 -1.809489
 725.361029 -1.847270
 725.870054 -1.933561
 726.379080 -1.858195
 726.888105 -1.851044
 727.397130 -1.823565
 727.906155 -1.828804
 728.415181 -1.874083
 728.924206 -1.947706
 729.433231 -1.889119
 729.942257 -1.864208
 730.451282 -1.850999
 730.960307 -1.814025
 731.469332 -1.810661
 731.978358 -1.840780
 732.487383 -1.883569
 732.996408 -1.897247
 733.505434 -1.863214
 734.014459 -1.897496
 734.523484 -1.878505
 735.032509 -1.853352
 735.541535 -1.832981
 736.050560 -1.805390
 736.559585 -1.842802
 737.068611 -1.884535
 737.577636 -1.913252
 738.086661 -1.841017
 738.595686 -1.826947
 739.104712 -1.839481
 739.613737 -1.874911
 740.122762 -1.851962
 740.631788 -1.805486
 741.140813 -1.791222
 741.649838 -1.880673
 742.158863 -1.861105
 742.667889 -1.897047
 743.176914 -1.880698
 743.685939 -1.847460
 744.194965 -1.765404
 744.703990 -1.754801
 745.213015 -1.874747
 745.722040 -1.932713
 746.231066 -1.852371
 746.740091 -1.913774
 747.249116 -1.930205
 747.758142 -1.893861
 748.267167 -1.909540
 748.776192 -1.831789
 749.285217 -1.746555
 749.794243 -1.837134
 750.303268 -1.814996
 750.812293 -1.833322
 751.321319 -1.871961
 751.830344 -1.905364
 752.339369 -1.810366
 752.848394 -1.830865
 753.357420 -1.898506
 753.866445 -1.862815
 754.375470 -1.827940
 754.884496 -1.802445
 755.393521 -1.840239
 755.902546 -1.855096
 756.411571 -1.922675
 756.920597 -1.830389
 757.429622 -1.829772
 757.938647 -1.832235
 758.447673 -1.820087
 758.956698 -1.782511
 759.465723 -1.879364
 759.974748 -1.834391
 760.483774 -1.816773
 760.992799 -1.846067
 761.501824 -1.837569
 762.010849 -1.840391
 762.519875 -1.844824
 763.028900 -1.898055
 763.537925 -1.846521
 764.046951 -1.772057
 764.555976 -1.853220
 765.065001 -1.858748
 765.574026 -1.871947
 766.083052 -1.850126
 766.592077 -1.750234
 767.101102 -1.803794
 767.610128 -1.899378
 768.119153 -1.837406
 768.628178 -1.825114
 769.137203 -1.841883
 769.646229 -1.748239
 770.155254 -1.923669
 770.664279 -1.885827
 771.173305 -1.896627
 771.682330 -1.881039
 772.191355 -1.817320
 772.700380 -1.871854
 773.209406 -1.788167
 773.718431 -1.805148
 774.227456 -1.822908
 774.736482 -1.861237
 775.245507 -1.918172
 775.754532 -1.846521
 776.263557 -1.818558
 776.772583 -1.857584
 777.281608 -1.851338
 777.790633 -1.867687
 778.299659 -1.862504
 778.808684 -1.813332
 779.317709 -1.847908
 779.826734 -1.857943
 780.335760 -1.820927
 780.844785 -1.798173
 781.353810 -1.820653
 781.862836 -1.801771
 782.371861 -1.841909
 782.880886 -1.897596
 783.389911 -1.867223
 783.898937 -1.843029
 784.407962 -1.795867
 784.916987 -1.765422
 785.426013 -1.826181
 785.935038 -1.843415
 786.444063 -1.909745
 786.953088 -1.872667
 787.462114 -1.848106
 787.971139 -1.846535
 788.480164 -1.834078
 788.989190 -1.799892
 789.498215 -1.909560
 790.007240 -1.856973
 790.516265 -1.825719
 791.025291 -1.827979
 791.534316 -1.836863
 792.043341 -1.815538
 792.552366 -1.908258
 793.061392 -1.866942
 793.570417 -1.859914
 794.079442 -1.875541
 794.588468 -1.822307
 795.097493 -1.842705
 795.606518 -1.857228
 796.115543 -1.901985
 796.624569 -1.886022
 797.133594 -1.788985
 797.642619 -1.780000
 798.151645 -1.835390
 798.660670 -1.906055
 799.169695 -1.842788
 799.678720 -1.875164
 800.187746 -1.883573
 800.696771 -1.832437
 801.205796 -1.842568
 801.714822 -1.870140
 802.223847 -1.892589
 802.732872 -1.813022
 803.241897 -1.790108
 803.750923 -1.755509
 804.259948 -1.813500
 804.768973 -1.911233
 805.277999 -1.868573
 805.787024 -1.850491
 806.296049 -1.846703
 806.805074 -1.867103
 807.314100 -1.819368
 807.823125 -1.835786
 808.332150 -1.851244
 808.841176 -1.786977
 809.350201 -1.852103
 809.859226 -1.899538
 810.368251 -1.885003
 810.877277 -1.763559
 811.386302 -1.841092
 811.895327 -1.876422
 812.404353 -1.804090
 812.913378 -1.824523
 813.422403 -1.831517
 813.931428 -1.847799
 814.440454 -1.858529
 814.949479 -1.823384
 815.458504 -1.810216
 815.967530 -1.826424
 816.476555 -1.800347
 816.985580 -1.844080
 817.494605 -1.853062
 818.003631 -1.909691
 818.512656 -1.938011
 819.021681 -1.889748
 819.530707 -1.736721
 820.039732 -1.806122
 820.548757 -1.829221
 821.057782 -1.896483
 821.566808 -1.852541
 822.075833 -1.847696
 822.584858 -1.865334
 823.093884 -1.886542
 823.602909 -1.816089
 824.111934 -1.804874
 824.620959 -1.876680
 825.129985 -1.874952
 825.639010 -1.780504
 826.148035 -1.856443
 826.657060 -1.853034
 827.166086 -1.835298
 827.675111 -1.839229
 828.184136 -1.863239
 828.693162 -1.825438
 829.202187 -1.835001
 829.711212 -1.853901
 830.220237 -1.782654
 830.729263 -1.816493
 831.238288 -1.867838
 831.747313 -1.824558
 832.256339 -1.803617
 832.765364 -1.962486
 833.274389 -1.892229
 833.783414 -1.820938
 834.292440 -1.796858
 834.801465 -1.793083
 835.310490 -1.827462
 835.819516 -1.828818
 836.328541 -1.874683
 836.837566 -1.900953
 837.346591 -1.827990
 837.855617 -1.799111
 838.364642 -1.856839
 838.873667 -1.909949
 839.382693 -1.925584
 839.891718 -1.917288
 840.400743 -1.829416
 840.909768 -1.825248
 841.418794 -1.856906
 841.927819 -1.889815
 842.436844 -1.833185
 842.945870 -1.784505
 843.454895 -1.828376
 843.963920 -1.815920
 844.472945 -1.848646
 844.981971 -1.819465
 845.490996 -1.832551
 846.000021 -1.880264
 846.509047 -1.928333
 847.018072 -1.854785
 847.527097 -1.806263
 848.036122 -1.823017
 848.545148 -1.879463
 849.054173 -1.861817
 849.563198 -1.829764
 850.072224 -1.826351
 850.581249 -1.848123
 851.090274 -1.877867
 851.599299 -1.896208
 852.108325 -1.828540
 852.617350 -1.835053
 853.126375 -1.850665
 853.635401 -1.839732
 854.144426 -1.855235
 854.653451 -1.867761
 855.162476 -1.793238
 855.671502 -1.806582
 856.180527 -1.822527
 856.689552 -1.847687
 857.198578 -1.916551
 857.707603 -1.875055
 858.216628 -1.830782
 858.725653 -1.787154
 859.234679 -1.881139
 859.743704 -1.901804
 860.252729 -1.888315
 860.761754 -1.808020
 861.270780 -1.748787
 861.779805 -1.790717
 862.288830 -1.889171
 862.797856 -1.935748
 863.306881 -1.932461
 863.815906 -1.825358
 864.324931 -1.838485
 864.833957 -1.783453
 865.342982 -1.826205
 865.852007 -1.863790
 866.361033 -1.864197
 866.870058 -1.874500
 867.379083 -1.827324
 867.888108 -1.862926
 868.397134 -1.857572
 868.906159 -1.863332
 869.415184 -1.772620
 869.924210 -1.839391
 870.433235 -1.873714
 870.942260 -1.890108
 871.451285 -1.813810
 871.960311 -1.799867
 872.469336 -1.881889
 872.978361 -1.877660
 873.487387 -1.855537
 873.996412 -1.781553
 874.505437 -1.793875
 875.014462 -1.858206
 875.523488 -1.863728
 876.032513 -1.865673
 876.541538 -1.803390
 877.050564 -1.781348
 877.559589 -1.851865
 878.068614 -1.896852
 878.577639 -1.894446
 879.086665 -1.872930
 879.595690 -1.818436
 880.104715 -1.814409
 880.613741 -1.868852
 881.122766 -1.847970
 881.631791 -1.752295
 882.140816 -1.787201
 882.649842 -1.908437
 883.158867 -1.927016
 883.667892 -1.900632
 884.176918 -1.836181
 884.685943 -1.790866
 885.194968 -1.859247
 885.703993 -1.906216
 886.213019 -1.850244
 886.722044 -1.824316
 887.231069 -1.822926
 887.740095 -1.837938
 888.249120 -1.861223
 888.758145 -1.823748
 889.267170 -1.851478
 889.776196 -1.852458
 890.285221 -1.888247
 890.794246 -1.915062
 891.303272 -1.807440
 891.812297 -1.851246
 892.321322 -1.933044
 892.830347 -1.850112
 893.339373 -1.835407
 893.848398 -1.843224
 894.357423 -1.855979
 894.866448 -1.847816
 895.375474 -1.818760
 895.884499 -1.809966
 896.393524 -1.798608
 896.902550 -1.866029
 897.411575 -1.830750
 897.920600 -1.843600
 898.429625 -1.785878
 898.938651 -1.818918
 899.447676 -1.863234
 899.956701 -1.842005
 900.465727 -1.818746
 900.974752 -1.805407
 901.483777 -1.857225
 901.992802 -1.845531
 902.501828 -1.818104
 903.010853 -1.812470
 903.519878 -1.852675
 904.028904 -1.855402
 904.537929 -1.924864
 905.046954 -1.901841
 905.555979 -1.827464
 906.065005 -1.776348
 906.574030 -1.855990
 907.083055 -1.868340
 907.592081 -1.814399
 908.101106 -1.793913
 908.610131 -1.866973
 909.119156 -1.853339
 909.628182 -1.797012
 910.137207 -1.853830
 910.646232 -1.874035
 911.155258 -1.867675
 911.664283 -1.855124
 912.173308 -1.874379
 912.682333 -1.887371
 913.191359 -1.873878
 913.700384 -1.778462
 914.209409 -1.875057
 914.718435 -1.912206
 915.227460 -1.889657
 915.736485 -1.834282
 916.245510 -1.856360
 916.754536 -1.900634
 917.263561 -1.831969
 917.772586 -1.807567
 918.281612 -1.833478
 918.790637 -1.853582
 919.299662 -1.831534
 919.808687 -1.836391
 920.317713 -1.903023
 920.826738 -1.797049
 921.335763 -1.812855
 921.844789 -1.868829
 922.353814 -1.875149
 922.862839 -1.842740
 923.371864 -1.774914
 923.880890 -1.752877
 924.389915 -1.846641
 924.898940 -1.924211
 925.407966 -1.888127
 925.916991 -1.862630
 926.426016 -1.800863
 926.935041 -1.821978
 927.444067 -1.825883
 927.953092 -1.849042
 928.462117 -1.862788
 928.971142 -1.828140
 929.480168 -1.844531
 929.989193 -1.842975
 930.498218 -1.804181
 931.007244 -1.783151
 931.516269 -1.835352
 932.025294 -1.899793
 932.534319 -1.868306
 933.043345 -1.816913
 933.552370 -1.795514
 934.061395 -1.864584
 934.570421 -1.900928
 935.079446 -1.873244
 935.588471 -1.803295
 936.097496 -1.842516
 936.606522 -1.862807
 937.115547 -1.873347
 937.624572 -1.870947
 938.133598 -1.851581
 938.642623 -1.843400
 939.151648 -1.786121
 939.660673 -1.818941
 940.169699 -1.873355
 940.678724 -1.843407
 941.187749 -1.800435
 941.696775 -1.862512
 942.205800 -1.871717
 942.714825 -1.820940
 943.223850 -1.887255
 943.732876 -1.834075
 944.241901 -1.735397
 944.750926 -1.870216
 945.259952 -1.959119
 945.768977 -1.839841
 946.278002 -1.816745
 946.787027 -1.909001
 947.296053 -1.918607
 947.805078 -1.847199
 948.314103 -1.881043
 948.823129 -1.868313
 949.332154 -1.829450
 949.841179 -1.829250
 950.350204 -1.794094
 950.859230 -1.848013
 951.368255 -1.881691
 951.877280 -1.826982
 952.386306 -1.818270
 952.895331 -1.825730
 953.404356 -1.814305
 953.913381 -1.871305
 954.422407 -1.865057
 954.931432 -1.858116
 955.440457 -1.807199
 955.949483 -1.795603
 956.458508 -1.866116
 956.967533 -1.832691
 957.476558 -1.830735
 957.985584 -1.841923
 958.494609 -1.899553
 959.003634 -1.886448
 959.512660 -1.881678
 960.021685 -1.856957
 960.530710 -1.907360
 961.039735 -1.876782
 961.548761 -1.816729
 962.057786 -1.768897
 962.566811 -1.768243
 963.075836 -1.859625
 963.584862 -1.939642
 964.093887 -1.893766
 964.602912 -1.789079
 965.111938 -1.757552
 965.620963 -1.821571
 966.129988 -1.876416
 966.639013 -1.850165
 967.148039 -1.751148
 967.657064 -1.779323
 968.166089 -1.888305
 968.675115 -1.975603
 969.184140 -1.892184
 969.693165 -1.750889
 970.202190 -1.794723
 970.711216 -1.913880
 971.220241 -1.880014
 971.729266 -1.841202
 972.238292 -1.822569
 972.747317 -1.830175
 973.256342 -1.843331
 973.765367 -1.839308
 974.274393 -1.813774
 974.783418 -1.814539
 975.292443 -1.872301
 975.801469 -1.840331
 976.310494 -1.838632
 976.819519 -1.806981
 977.328544 -1.857032
 977.837570 -1.855903
 978.346595 -1.785599
 978.855620 -1.828638
 979.364646 -1.947893
 979.873671 -1.861872
 980.382696 -1.855453
 980.891721 -1.762413
 981.400747 -1.821843
 981.909772 -1.937768
 982.418797 -1.915906
 982.927823 -1.932286
 983.436848 -1.852938
 983.945873 -1.801875
 984.454898 -1.841960
 984.963924 -1.872418
 985.472949 -1.914587
 985.981974 -1.835039
 986.491000 -1.805979
 987.000025 -1.793368
 987.509050 -1.926493
 988.018075 -1.898481
 988.527101 -1.854654
 989.036126 -1.877119
 989.545151 -1.875252
 990.054177 -1.828710
 990.563202 -1.835067
 991.072227 -1.901049
 991.581252 -1.904020
 992.090278 -1.925553
 992.599303 -1.813367
 993.108328 -1.809607
 993.617354 -1.849915
 994.126379 -1.833597
 994.635404 -1.815930
 995.144429 -1.845116
 995.653455 -1.861465
 996.162480 -1.859411
 996.671505 -1.842799
 997.180530 -1.794769
 997.689556 -1.874649
 998.198581 -1.830210
 998.707606 -1.794981
 999.216632 -1.845164
 999.725657 -1.896198
 1000.234682 -1.922272
 1000.743707 -1.850021
 1001.252733 -1.741387
 1001.761758 -1.818416
 1002.270783 -1.835242
 1002.779809 -1.756114
 1003.288834 -1.722655
 1003.797859 -1.756112
 1004.306884 -1.779301
 1004.815910 -1.901742
 1005.324935 -1.876436
 1005.833960 -1.875064
 1006.342986 -1.871917
 1006.852011 -1.887315
 1007.361036 -1.839323
 1007.870061 -1.845140
 1008.379087 -1.849533
 1008.888112 -1.790508
 1009.397137 -1.827958
 1009.906163 -1.838598
 1010.415188 -1.823201
 1010.924213 -1.902626
 1011.433238 -1.851813
 1011.942264 -1.855521
 1012.451289 -1.851471
 1012.960314 -1.831499
 1013.469340 -1.798005
 1013.978365 -1.835880
 1014.487390 -1.753995
 1014.996415 -1.869783
 1015.505441 -1.904663
 1016.014466 -1.831756
 1016.523491 -1.797287
 1017.032517 -1.817334
 1017.541542 -1.796253
 1018.050567 -1.836342
