#! FIELDS time cv
 0.000000 -1.832445
 0.509025 -1.968936
 1.018051 -2.107688
 1.527076 -2.053760
 2.036101 -2.038592
 2.545126 -2.000229
 3.054152 -2.060670
 3.563177 -2.126301
 4.072202 -2.014143
 4.581228 -1.969952
 5.090253 -1.964406
 5.599278 -2.046522
 6.108303 -2.097695
 6.617329 -2.094906
 7.126354 -1.999538
 7.635379 -1.958962
 8.144405 -2.053274
 8.653430 -2.092184
 9.162455 -2.052176
 9.671480 -2.021738
 10.180506 -2.059308
 10.689531 -1.999324
 11.198556 -2.023036
 11.707582 -2.036649
 12.216607 -2.047431
 12.725632 -2.101786
 13.234657 -1.997083
 13.743683 -2.000918
 14.252708 -2.045521
 14.761733 -2.058385
 15.270759 -2.082404
 15.779784 -2.090148
 16.288809 -1.999824
 16.797834 -2.007745
 17.306860 -2.008903
 17.815885 -2.043748
 18.324910 -2.081610
 18.833935 -2.053713
 19.342961 -2.027837
 19.851986 -1.985264
 20.361011 -2.009853
 20.870037 -2.080503
 21.379062 -2.032209
 21.888087 -2.037568
 22.397112 -2.040961
 22.906138 -2.013110
 23.415163 -2.003257
 23.924188 -2.010676
 24.433214 -2.043998
 24.942239 -2.067996
 25.451264 -2.042112
 25.960289 -2.067731
 26.469315 -2.043213
 26.978340 -2.041708
 27.487365 -2.005446
 27.996391 -2.075311
 28.505416 -2.048456
 29.014441 -2.121530
 29.523466 -2.086808
 30.032492 -2.041705
 30.541517 -2.097109
 31.050542 -2.011380
 31.559568 -2.027320
 32.068593 -2.002078
 32.577618 -2.022993
 33.086643 -2.023490
 33.595669 -1.989711
 34.104694 -2.036361
 34.613719 -2.076563
 35.122745 -2.002363
 35.631770 -1.999805
 36.140795 -2.037202
 36.649820 -2.016928
 37.158846 -2.040505
 37.667871 -2.125234
 38.176896 -2.072758
 38.685922 -2.040741
 39.194947 -2.044575
 39.703972 -2.088186
 40.212997 -2.051200
 40.722023 -2.002993
 41.231048 -2.038482
 41.740073 -2.058601
 42.249099 -2.099117
 42.758124 -2.136694
 43.267149 -2.060672
 43.776174 -2.031552
 44.285200 -2.084325
 44.794225 -2.035259
 45.303250 -2.012472
 45.812276 -2.025595
 46.321301 -2.032431
 46.830326 -2.062810
 47.339351 -2.034835
 47.848377 -2.014155
 48.357402 -2.063870
 48.866427 -2.113298
 49.375453 -2.083087
 49.884478 -1.972536
 50.393503 -2.000151
 50.902528 -2.057317
 51.411554 -2.083324
 51.920579 -2.056646
 52.429604 -2.055259
 52.938629 -2.024891
 53.447655 -2.038101
 53.956680 -2.063718
 54.465705 -2.126164
 54.974731 -2.107503
 55.483756 -2.044512
 55.992781 -2.020949
 56.501806 -1.989964
 57.010832 -2.012159
 57.519857 -2.086891
 58.028882 -2.093980
 58.537908 -2.115841
 59.046933 -2.003052
 59.555958 -1.974948
 60.064983 -2.053905
 60.574009 -2.111736
 61.083034 -2.056128
 61.592059 -2.038682
 62.101085 -2.048547
 62.610110 -2.077187
 63.119135 -2.061215
 63.628160 -2.037191
 64.137186 -2.032312
 64.646211 -2.057759
 65.155236 -2.025951
 65.664262 -2.024778
 66.173287 -2.037906
 66.682312 -2.033022
 67.191337 -2.042996
 67.700363 -2.069514
 68.209388 -2.001563
 68.718413 -2.012312
 69.227439 -2.086202
 69.736464 -2.114631
 70.245489 -2.080623
 70.754514 -2.000861
 71.263540 -1.970788
 71.772565 -2.000831
 72.281590 -2.043277
 72.790616 -1.968759
 73.299641 -2.050514
 73.808666 -2.075167
 74.317691 -2.056280
 74.826717 -2.004949
 75.335742 -2.062356
 75.844767 -2.108351
 76.353793 -2.043598
 76.862818 -2.035434
 77.371843 -2.038521
 77.880868 -2.085690
 78.389894 -2.114100
 78.898919 -1.979434
 79.407944 -2.007760
 79.916970 -2.049378
 80.425995 -2.068058
 80.935020 -2.051192
 81.444045 -2.043510
 81.953071 -2.025135
 82.462096 -1.928290
 82.971121 -2.014371
 83.480147 -2.072187
 83.989172 -2.020310
 84.498197 -2.103138
 85.007222 -2.003104
 85.516248 -1.962885
 86.025273 -2.020149
 86.534298 -2.043231
 87.043323 -2.035796
 87.552349 -2.017920
 88.061374 -2.102672
 88.570399 -2.105821
 89.079425 -2.075968
 89.588450 -2.008150
 90.097475 -2.018548
 90.606500 -2.065146
 91.115526 -2.022430
 91.624551 -2.053526
 92.133576 -2.044115
 92.642602 -2.115464
 93.151627 -2.131253
 93.660652 -2.022852
 94.169677 -1.997611
 94.678703 -2.015573
 95.187728 -2.099678
 95.696753 -2.032282
 96.205779 -2.021912
 96.714804 -2.073222
 97.223829 -2.042709
 97.732854 -2.052032
 98.241880 -2.055578
 98.750905 -2.027039
 99.259930 -2.035117
 99.768956 -2.021351
 100.277981 -2.046846
 100.787006 -2.126492
 101.296031 -2.068347
 101.805057 -1.980973
 102.314082 -2.041624
 102.823107 -2.022832
 103.332133 -2.028272
 103.841158 -2.078564
 104.350183 -2.019243
 104.859208 -2.022256
 105.368234 -1.994765
 105.877259 -1.963112
 106.386284 -2.038732
 106.895310 -2.102120
 107.404335 -2.076164
 107.913360 -2.037239
 108.422385 -2.013517
 108.931411 -2.035408
 109.440436 -2.045809
 109.949461 -2.020393
 110.458487 -2.085755
 110.967512 -2.122396
 111.476537 -2.038281
 111.985562 -1.992701
 112.494588 -2.094828
 113.003613 -2.111069
 113.512638 -1.964039
 114.021664 -1.988576
 114.530689 -2.113225
 115.039714 -2.141539
 115.548739 -2.055164
 116.057765 -1.999481
 116.566790 -1.983627
 117.075815 -2.022498
 117.584841 -2.114004
 118.093866 -2.089324
 118.602891 -1.963964
 119.111916 -1.987887
 119.620942 -2.010793
 120.129967 -1.994902
 120.638992 -2.106848
 121.148017 -2.135535
 121.657043 -2.043141
 122.166068 -1.960416
 122.675093 -2.035372
 123.184119 -2.017404
 123.693144 -1.992386
 124.202169 -2.039420
 124.711194 -2.100638
 125.220220 -2.162683
 125.729245 -2.087824
 126.238270 -2.071926
 126.747296 -2.030252
 127.256321 -2.004520
 127.765346 -2.040003
 128.274371 -2.040990
 128.783397 -2.062213
 129.292422 -2.020253
 129.801447 -2.057678
 130.310473 -2.055254
 130.819498 -2.067082
 131.328523 -2.028040
 131.837548 -2.035575
 132.346574 -2.071738
 132.855599 -2.041640
 133.364624 -2.040278
 133.873650 -2.090758
 134.382675 -2.037331
 134.891700 -2.049967
 135.400725 -2.041149
 135.909751 -2.058312
 136.418776 -2.009949
 136.927801 -2.038360
 137.436827 -2.140758
 137.945852 -2.074232
 138.454877 -2.001186
 138.963902 -2.012386
 139.472928 -2.106502
 139.981953 -2.119004
 140.490978 -2.071760
 141.000004 -2.050301
 141.509029 -2.022562
 142.018054 -2.042764
 142.527079 -2.057718
 143.036105 -2.019638
 143.545130 -2.005877
 144.054155 -2.040774
 144.563181 -2.067154
 145.072206 -1.997933
 145.581231 -2.067028
 146.090256 -2.102926
 146.599282 -2.048972
 147.108307 -1.986512
 147.617332 -2.035572
 148.126358 -2.059071
 148.635383 -2.041493
 149.144408 -1.990836
 149.653433 -2.003978
 150.162459 -2.056640
 150.671484 -2.063500
 151.180509 -2.053533
 151.689535 -2.045997
 152.198560 -2.012389
 152.707585 -2.035129
 153.216610 -2.013229
 153.725636 -2.034163
 154.234661 -2.026398
 154.743686 -2.089830
 155.252711 -2.039382
 155.761737 -2.052758
 156.270762 -2.068181
 156.779787 -2.013724
 157.288813 -2.009062
 157.797838 -1.994525
 158.306863 -2.018903
 158.815888 -2.037116
 159.324914 -2.094405
 159.833939 -2.095660
 160.342964 -2.046368
 160.851990 -2.092518
 161.361015 -2.118109
 161.870040 -2.010444
 162.379065 -1.910364
 162.888091 -2.010753
 163.397116 -2.071592
 163.906141 -2.056874
 164.415167 -2.011824
 164.924192 -1.993408
 165.433217 -2.073536
 165.942242 -2.112540
 166.451268 -2.077743
 166.960293 -2.102548
 167.469318 -2.032597
 167.978344 -2.035068
 168.487369 -2.023537
 168.996394 -1.984779
 169.505419 -2.055557
 170.014445 -2.091325
 170.523470 -2.051171
 171.032495 -2.044092
 171.541521 -2.037296
 172.050546 -2.074755
 172.559571 -2.045093
 173.068596 -2.098586
 173.577622 -2.082308
 174.086647 -2.068950
 174.595672 -1.996065
 175.104698 -1.997783
 175.613723 -2.037409
 176.122748 -2.019763
 176.631773 -2.014569
 177.140799 -2.018065
 177.649824 -2.037773
 178.158849 -2.025687
 178.667875 -2.110776
 179.176900 -2.085093
 179.685925 -2.082975
 180.194950 -2.090652
 180.703976 -2.077151
 181.213001 -2.023711
 181.722026 -2.025524
 182.231052 -2.112742
 182.740077 -2.065796
 183.249102 -1.989941
 183.758127 -1.998290
 184.267153 -2.008967
 184.776178 -2.039596
 185.285203 -2.052605
 185.794228 -2.069506
 186.303254 -2.056349
 186.812279 -2.039241
 187.321304 -1.976880
 187.830330 -2.067891
 188.339355 -2.065188
 188.848380 -1.989026
 189.357405 -1.992088
 189.866431 -1.990587
 190.375456 -2.043926
 190.884481 -2.080007
 191.393507 -2.040186
 191.902532 -2.068129
 192.411557 -2.108201
 192.920582 -1.997690
 193.429608 -2.033240
 193.938633 -2.039479
 194.447658 -2.089483
 194.956684 -2.074867
 195.465709 -2.073437
 195.974734 -2.077732
 196.483759 -2.055908
 196.992785 -2.016935
 197.501810 -1.974575
 198.010835 -2.067336
 198.519861 -2.091682
 199.028886 -2.063731
 199.537911 -2.020326
 200.046936 -2.005400
 200.555962 -2.040797
 201.064987 -2.092642
 201.574012 -2.101412
 202.083038 -2.050099
 202.592063 -2.003078
 203.101088 -2.046267
 203.610113 -2.065291
 204.119139 -2.090339
 204.628164 -2.049736
 205.137189 -1.997590
 205.646215 -1.994626
 206.155240 -2.034089
 206.664265 -2.075714
 207.173290 -2.096444
 207.682316 -2.022014
 208.191341 -2.073278
 208.700366 -2.136499
 209.209392 -2.096650
 209.718417 -2.014409
 210.227442 -2.020577
 210.736467 -2.118989
 211.245493 -2.098204
 211.754518 -2.002603
 212.263543 -2.050360
 212.772569 -2.100758
 213.281594 -2.091908
 213.790619 -2.010777
 214.299644 -1.995562
 214.808670 -2.042894
 215.317695 -2.075704
 215.826720 -2.099521
 216.335746 -2.058345
 216.844771 -2.071682
 217.353796 -2.110321
 217.862821 -2.044406
 218.371847 -1.944990
 218.880872 -2.041582
 219.389897 -2.092185
 219.898922 -2.057982
 220.407948 -2.010205
 220.916973 -2.029785
 221.425998 -1.993388
 221.935024 -2.057714
 222.444049 -2.051695
 222.953074 -2.137813
 223.462099 -2.031177
 223.971125 -1.966379
 224.480150 -2.024341
 224.989175 -2.064633
 225.498201 -2.106785
 226.007226 -2.031340
 226.516251 -1.969178
 227.025276 -2.000160
 227.534302 -2.056169
 228.043327 -2.025238
 228.552352 -2.015135
 229.061378 -2.091561
 229.570403 -2.087172
 230.079428 -2.053088
 230.588453 -1.943499
 231.097479 -2.047904
 231.606504 -2.019753
 232.115529 -2.057725
 232.624555 -2.034190
 233.133580 -2.005958
 233.642605 -2.052364
 234.151630 -2.032591
 234.660656 -2.068453
 235.169681 -2.060919
 235.678706 -2.081364
 236.187732 -2.022688
 236.696757 -2.062386
 237.205782 -2.123597
 237.714807 -2.063618
 238.223833 -2.017689
 238.732858 -2.030534
 239.241883 -2.010255
 239.750909 -2.054345
 240.259934 -2.060967
 240.768959 -2.076638
 241.277984 -2.073397
 241.787010 -2.035885
 242.296035 -2.098027
 242.805060 -2.079053
 243.314086 -1.983488
 243.823111 -1.991571
 244.332136 -2.048583
 244.841161 -2.071911
 245.350187 -2.062733
 245.859212 -2.048564
 246.368237 -2.058561
 246.877263 -1.984136
 247.386288 -1.946832
 247.895313 -2.018998
 248.404338 -2.054131
 248.913364 -2.053127
 249.422389 -2.042479
 249.931414 -2.118389
 250.440440 -2.027726
 250.949465 -2.022974
 251.458490 -2.048294
 251.967515 -2.050676
 252.476541 -2.014769
 252.985566 -2.082578
 253.494591 -2.137105
 254.003616 -2.108558
 254.512642 -2.026402
 255.021667 -2.063990
 255.530692 -2.041050
 256.039718 -1.998571
 256.548743 -2.055786
 257.057768 -2.081949
 257.566793 -2.035197
 258.075819 -2.033616
 258.584844 -1.979074
 259.093869 -2.006976
 259.602895 -2.046296
 260.111920 -2.106078
 260.620945 -2.046949
 261.129970 -2.038355
 261.638996 -2.082121
 262.148021 -2.110404
 262.657046 -2.033661
 263.166072 -2.067481
 263.675097 -2.107649
 264.184122 -2.045703
 264.693147 -2.032827
 265.202173 -2.046120
 265.711198 -2.057729
 266.220223 -2.062827
 266.729249 -2.072476
 267.238274 -2.016948
 267.747299 -2.060891
 268.256324 -2.055547
 268.765350 -1.972196
 269.274375 -2.005472
 269.783400 -2.100394
 270.292426 -2.091074
 270.801451 -2.039353
 271.310476 -2.026628
 271.819501 -2.087700
 272.328527 -2.121029
 272.837552 -2.052488
 273.346577 -2.068753
 273.855603 -2.007368
 274.364628 -2.029693
 274.873653 -2.087678
 275.382678 -2.090884
 275.891704 -2.061867
 276.400729 -2.079354
 276.909754 -2.058476
 277.418780 -2.088379
 277.927805 -2.081142
 278.436830 -2.070230
 278.945855 -2.085504
 279.454881 -2.028369
 279.963906 -1.992376
 280.472931 -2.057665
 280.981957 -2.036366
 281.490982 -2.064502
 282.000007 -2.079247
 282.509032 -2.012795
 283.018058 -1.979926
 283.527083 -2.025135
 284.036108 -2.024792
 284.545134 -2.046781
 285.054159 -1.976967
 285.563184 -2.043585
 286.072209 -2.101115
 286.581235 -2.000515
 287.090260 -2.003679
 287.599285 -2.067387
 288.108310 -2.060902
 288.617336 -2.073135
 289.126361 -2.042515
 289.635386 -2.103176
 290.144412 -2.076800
 290.653437 -2.131657
 291.162462 -2.122636
 291.671487 -2.070189
 292.180513 -1.952559
 292.689538 -2.005431
 293.198563 -2.026809
 293.707589 -2.117349
 294.216614 -2.065044
 294.725639 -2.043686
 295.234664 -2.091704
 295.743690 -2.029453
 296.252715 -2.118819
 296.761740 -2.095640
 297.270766 -2.049519
 297.779791 -1.995393
 298.288816 -2.035996
 298.797841 -2.066057
 299.306867 -2.032251
 299.815892 -2.021016
 300.324917 -2.030795
 300.833943 -2.040371
 301.342968 -2.037033
 301.851993 -2.082955
 302.361018 -2.083911
 302.870044 -2.008422
 303.379069 -1.957196
 303.888094 -2.047292
 304.397120 -2.090375
 304.906145 -2.069480
 305.415170 -2.104437
 305.924195 -2.000836
 306.433221 -2.016997
 306.942246 -2.036006
 307.451271 -2.062308
 307.960297 -2.056863
 308.469322 -1.982594
 308.978347 -2.020220
 309.487372 -2.048787
 309.996398 -2.073128
 310.505423 -2.021265
 311.014448 -2.027922
 311.523474 -2.035855
 312.032499 -2.006676
 312.541524 -2.001839
 313.050549 -2.015265
 313.559575 -2.023915
 314.068600 -2.107332
 314.577625 -2.093375
 315.086651 -2.128792
 315.595676 -1.990271
 316.104701 -1.944542
 316.613726 -2.031837
 317.122752 -2.086882
 317.631777 -2.079019
 318.140802 -1.961800
 318.649828 -1.956324
 319.158853 -2.029727
 319.667878 -2.103338
 320.176903 -2.100757
 320.685929 -2.068412
 321.194954 -2.067509
 321.703979 -2.053821
 322.213004 -1.969782
 322.722030 -1.988998
 323.231055 -2.102028
 323.740080 -2.070911
 324.249106 -2.038800
 324.758131 -2.062938
 325.267156 -2.031414
 325.776181 -2.057144
 326.285207 -2.042750
 326.794232 -2.056383
 327.303257 -2.005889
 327.812283 -2.079645
 328.321308 -2.065699
 328.830333 -2.054490
 329.339358 -1.942301
 329.848384 -1.994573
 330.357409 -2.032977
 330.866434 -1.969872
 331.375460 -2.043600
 331.884485 -2.026679
 332.393510 -2.011141
 332.902535 -2.033911
 333.411561 -2.051473
 333.920586 -2.032248
 334.429611 -2.006541
 334.938637 -2.061566
 335.447662 -2.049464
 335.956687 -2.023671
 336.465712 -1.980740
 336.974738 -2.007525
 337.483763 -2.041771
 337.992788 -2.145459
 338.501814 -2.068072
 339.010839 -2.019302
 339.519864 -1.958060
 340.028889 -1.934538
 340.537915 -2.030596
 341.046940 -2.044896
 341.555965 -1.998776
 342.064991 -2.049638
 342.574016 -2.075294
 343.083041 -2.047871
 343.592066 -2.094159
 344.101092 -2.075780
 344.610117 -2.005449
 345.119142 -1.978763
 345.628168 -2.055074
 346.137193 -2.111774
 346.646218 -2.095896
 347.155243 -2.060705
 347.664269 -2.027763
 348.173294 -2.102417
 348.682319 -2.041190
 349.191345 -2.034975
 349.700370 -2.046776
 350.209395 -1.976206
 350.718420 -1.960417
 351.227446 -1.969607
 351.736471 -2.042033
 352.245496 -2.092583
 352.754522 -2.089229
 353.263547 -2.076303
 353.772572 -1.992792
 354.281597 -1.975376
 354.790623 -1.991638
 355.299648 -2.006811
 355.808673 -2.098714
 356.317698 -2.099574
 356.826724 -2.038543
 357.335749 -1.980612
 357.844774 -1.947046
 358.353800 -2.009138
 358.862825 -2.084860
 359.371850 -2.050866
 359.880875 -2.046944
 360.389901 -1.983654
 360.898926 -2.032728
 361.407951 -2.082430
 361.916977 -2.057772
 362.426002 -1.999439
 362.935027 -2.047010
 363.444052 -2.054395
 363.953078 -2.019298
 364.462103 -2.010876
 364.971128 -2.018533
 365.480154 -1.991665
 365.989179 -2.037196
 366.498204 -2.004986
 367.007229 -2.006676
 367.516255 -2.135810
 368.025280 -2.083833
 368.534305 -2.047456
 369.043331 -2.037274
 369.552356 -2.053577
 370.061381 -2.049777
 370.570406 -2.041099
 371.079432 -2.043192
 371.588457 -2.050356
 372.097482 -1.995964
 372.606508 -2.007775
 373.115533 -2.061615
 373.624558 -2.028601
 374.133583 -2.009287
 374.642609 -2.005994
 375.151634 -2.019816
 375.660659 -2.063345
 376.169685 -2.054728
 376.678710 -2.054495
 377.187735 -2.059091
 377.696760 -2.042886
 378.205786 -2.016053
 378.714811 -2.015322
 379.223836 -1.984293
 379.732862 -2.026926
 380.241887 -2.042308
 380.750912 -2.050841
 381.259937 -1.980205
 381.768963 -2.038557
 382.277988 -2.027212
 382.787013 -2.102174
 383.296039 -2.044921
 383.805064 -2.001480
 384.314089 -2.037484
 384.823114 -2.111442
 385.332140 -2.067292
 385.841165 -2.099374
 386.350190 -2.005296
 386.859216 -1.968414
 387.368241 -2.048229
 387.877266 -2.068595
 388.386291 -2.067285
 388.895317 -2.051781
 389.404342 -2.072173
 389.913367 -2.070794
 390.422392 -1.989271
 390.931418 -1.971500
 391.440443 -2.004827
 391.949468 -2.039828
 392.458494 -2.127832
 392.967519 -2.078346
 393.476544 -2.048078
 393.985569 -1.998612
 394.494595 -1.970862
 395.003620 -2.031451
 395.512645 -1.983251
 396.021671 -2.084983
 396.530696 -2.050551
 397.039721 -2.024629
 397.548746 -2.011075
 398.057772 -2.021975
 398.566797 -2.069051
 399.075822 -2.072863
 399.584848 -2.078562
 400.093873 -2.025914
 400.602898 -1.985299
 401.111923 -1.962862
 401.620949 -2.046226
 402.129974 -2.089576
 402.638999 -2.065606
 403.148025 -2.056504
 403.657050 -2.002323
 404.166075 -2.015091
 404.675100 -2.022568
 405.184126 -2.051730
 405.693151 -2.038880
 406.202176 -2.027106
 406.711202 -1.999345
 407.220227 -2.077689
 407.729252 -2.044740
 408.238277 -1.966701
 408.747303 -2.003025
 409.256328 -2.079643
 409.765353 -2.071205
 410.274379 -1.998784
 410.783404 -1.977165
 411.292429 -1.993397
 411.801454 -1.995123
 412.310480 -2.031459
 412.819505 -2.017520
 413.328530 -1.977470
 413.837556 -2.002261
 414.346581 -1.988420
 414.855606 -1.989063
 415.364631 -2.035895
 415.873657 -2.052055
 416.382682 -2.092954
 416.891707 -2.088790
 417.400733 -2.053672
 417.909758 -2.057675
 418.418783 -2.015218
 418.927808 -2.039228
 419.436834 -2.036040
 419.945859 -1.996939
 420.454884 -2.019217
 420.963910 -2.013333
 421.472935 -2.062097
 421.981960 -2.074925
 422.490985 -1.999916
 423.000011 -1.985743
 423.509036 -2.017731
 424.018061 -2.064917
 424.527086 -2.040860
 425.036112 -2.040359
 425.545137 -2.019493
 426.054162 -2.019947
 426.563188 -2.027103
 427.072213 -2.068335
 427.581238 -2.019379
 428.090263 -2.045953
 428.599289 -2.054061
 429.108314 -2.076256
 429.617339 -2.071836
 430.126365 -2.074762
 430.635390 -2.048559
 431.144415 -2.061013
 431.653440 -2.082030
 432.162466 -2.005740
 432.671491 -1.957758
 433.180516 -1.957731
 433.689542 -2.002079
 434.198567 -1.980360
 434.707592 -2.071972
 435.216617 -2.061069
 435.725643 -2.044027
 436.234668 -2.074467
 436.743693 -2.026385
 437.252719 -1.930723
 437.761744 -1.941994
 438.270769 -2.022427
 438.779794 -2.079154
 439.288820 -2.084340
 439.797845 -2.071123
 440.306870 -2.040931
 440.815896 -2.010982
 441.324921 -2.027765
 441.833946 -2.034306
 442.342971 -2.021618
 442.851997 -2.076060
 443.361022 -2.017419
 443.870047 -2.043300
 444.379073 -2.112036
 444.888098 -2.068096
 445.397123 -2.033512
 445.906148 -1.994974
 446.415174 -2.049346
 446.924199 -2.036680
 447.433224 -2.020989
 447.942250 -2.010427
 448.451275 -2.023342
 448.960300 -2.032344
 449.469325 -2.076677
 449.978351 -2.042413
 450.487376 -2.036801
 450.996401 -2.054253
 451.505427 -2.104591
 452.014452 -2.017548
 452.523477 -2.003911
 453.032502 -2.020813
 453.541528 -2.071617
 454.050553 -2.043769
 454.559578 -2.028021
 455.068604 -1.962607
 455.577629 -2.018055
 456.086654 -2.072273
 456.595679 -2.129045
 457.104705 -2.069083
 457.613730 -2.005945
 458.122755 -2.065474
 458.631780 -2.107542
 459.140806 -2.052185
 459.649831 -1.992136
 460.158856 -2.031658
 460.667882 -2.072278
 461.176907 -2.037052
 461.685932 -1.975776
 462.194957 -2.001679
 462.703983 -1.994775
 463.213008 -2.083178
 463.722033 -2.088057
 464.231059 -2.079455
 464.740084 -2.027341
 465.249109 -2.051467
 465.758134 -2.068625
 466.267160 -2.121624
 466.776185 -2.001590
 467.285210 -1.979807
 467.794236 -2.056240
 468.303261 -2.038381
 468.812286 -2.000056
 469.321311 -2.028748
 469.830337 -2.107253
 470.339362 -2.060411
 470.848387 -2.035704
 471.357413 -1.958211
 471.866438 -1.973421
 472.375463 -2.054543
 472.884488 -2.127599
 473.393514 -2.102718
 473.902539 -2.014021
 474.411564 -2.025975
 474.920590 -2.046098
 475.429615 -2.054162
 475.938640 -2.064285
 476.447665 -2.036658
 476.956691 -1.970281
 477.465716 -2.095269
 477.974741 -2.115462
 478.483767 -1.989647
 478.992792 -2.011692
 479.501817 -2.053962
 480.010842 -2.049727
 480.519868 -2.061209
 481.028893 -2.059672
 481.537918 -1.979284
 482.046944 -2.001693
 482.555969 -2.062367
 483.064994 -2.094759
 483.574019 -2.139030
 484.083045 -2.063435
 484.592070 -2.001515
 485.101095 -1.977694
 485.610121 -1.997429
 486.119146 -1.942167
 486.628171 -2.071318
 487.137196 -2.061714
 487.646222 -2.045366
 488.155247 -2.060579
 488.664272 -2.003545
 489.173297 -2.038167
 489.682323 -2.025212
 490.191348 -2.084874
 490.700373 -2.033753
 491.209399 -2.044849
 491.718424 -2.012975
 492.227449 -1.988455
 492.736474 -2.021206
 493.245500 -2.043729
 493.754525 -2.021954
 494.263550 -2.012189
 494.772576 -2.037827
 495.281601 -2.078806
 495.790626 -2.066022
 496.299651 -1.998594
 496.808677 -2.020862
 497.317702 -2.057588
 497.826727 -2.101186
 498.335753 -2.004728
 498.844778 -1.966677
 499.353803 -1.957433
 499.862828 -1.999187
 500.371854 -2.038393
 500.880879 -2.057832
 501.389904 -2.053249
 501.898930 -2.049061
 502.407955 -2.046499
 502.916980 -2.120839
 503.426005 -2.042862
 503.935031 -2.007354
 504.444056 -1.917251
 504.953081 -2.028048
 505.462107 -2.054222
 505.971132 -2.019340
 506.480157 -1.999892
 506.989182 -2.033058
 507.498208 -2.021206
 508.007233 -1.991397
 508.516258 -1.970938
 509.025284 -2.005800
 509.534309 -2.027211
 510.043334 -2.108199
 510.552359 -2.038037
 511.061385 -2.038836
 511.570410 -2.006909
 512.079435 -2.005473
 512.588461 -2.086050
 513.097486 -2.056217
 513.606511 -2.021091
 514.115536 -2.030653
 514.624562 -2.089662
 515.133587 -2.081381
 515.642612 -2.082700
 516.151638 -1.996056
 516.660663 -1.968377
 517.169688 -1.965856
 517.678713 -2.010457
 518.187739 -2.007216
 518.696764 -1.968154
 519.205789 -2.030839
 519.714815 -2.075435
 520.223840 -2.024820
 520.732865 -1.963441
 521.241890 -2.014295
 521.750916 -2.032089
 522.259941 -1.960806
 522.768966 -2.018565
 523.277991 -2.044173
 523.787017 -2.077755
 524.296042 -2.046165
 524.805067 -2.070491
 525.314093 -2.003296
 525.823118 -1.989406
 526.332143 -1.929611
 526.841168 -1.940439
 527.350194 -2.046914
 527.859219 -2.041980
 528.368244 -2.022850
 528.877270 -2.033682
 529.386295 -2.041454
 529.895320 -2.052007
 530.404345 -2.040239
 530.913371 -1.981053
 531.422396 -1.993599
 531.931421 -1.972000
 532.440447 -2.004129
 532.949472 -2.047774
 533.458497 -2.045838
 533.967522 -2.048686
 534.476548 -2.028301
 534.985573 -1.978144
 535.494598 -1.996602
 536.003624 -2.056515
 536.512649 -2.041196
 537.021674 -2.024101
 537.530699 -2.017657
 538.039725 -2.036642
 538.548750 -2.021184
 539.057775 -2.016303
 539.566801 -2.068839
 540.075826 -2.051784
 540.584851 -2.003447
 541.093876 -1.976295
 541.602902 -1.937555
 542.111927 -2.024820
 542.620952 -2.085029
 543.129978 -2.022114
 543.639003 -1.938829
 544.148028 -2.039984
 544.657053 -2.042347
 545.166079 -1.966878
 545.675104 -1.981944
 546.184129 -1.970241
 546.693155 -2.063110
 547.202180 -2.093349
 547.711205 -2.045813
 548.220230 -2.042087
 548.729256 -1.938878
 549.238281 -1.935574
 549.747306 -2.007301
 550.256332 -2.082227
 550.765357 -2.075374
 551.274382 -1.954092
 551.783407 -1.955401
 552.292433 -1.999269
 552.801458 -2.082254
 553.310483 -2.044401
 553.819509 -2.010111
 554.328534 -1.935967
 554.837559 -2.009148
 555.346584 -2.091676
 555.855610 -2.092146
 556.364635 -2.093260
 556.873660 -1.980906
 557.382685 -1.987020
 557.891711 -2.068601
 558.400736 -2.072484
 558.909761 -1.991930
 559.418787 -1.997566
 559.927812 -2.075297
 560.436837 -2.101330
 560.945862 -2.070906
 561.454888 -2.042579
 561.963913 -2.024103
 562.472938 -2.017341
 562.981964 -1.998075
 563.490989 -2.008248
 564.000014 -2.047785
 564.509039 -2.060911
 565.018065 -2.079412
 565.527090 -1.972486
 566.036115 -1.977545
 566.545141 -2.032676
 567.054166 -2.021164
 567.563191 -2.068340
 568.072216 -2.044804
 568.581242 -2.086432
 569.090267 -2.090933
 569.599292 -2.053066
 570.108318 -1.983243
 570.617343 -1.970883
 571.126368 -1.997252
 571.635393 -2.092226
 572.144419 -2.048605
 572.653444 -2.001331
 573.162469 -2.052098
 573.671495 -2.045621
 574.180520 -2.104284
 574.689545 -2.051073
 575.198570 -2.041368
 575.707596 -2.007590
 576.216621 -2.015146
 576.725646 -2.058978
 577.234672 -2.046356
 577.743697 -2.049117
 578.252722 -2.076713
 578.761747 -2.043542
 579.270773 -1.977042
 579.779798 -1.949726
 580.288823 -2.016342
 580.797849 -2.057390
 581.306874 -2.039915
 581.815899 -1.927500
 582.324924 -1.991543
 582.833950 -2.087048
 583.342975 -2.094590
 583.852000 -1.997081
 584.361026 -2.021559
 584.870051 -2.083112
 585.379076 -2.099508
 585.888101 -2.116942
 586.397127 -2.020278
 586.906152 -1.975443
 587.415177 -1.961535
 587.924203 -2.015821
 588.433228 -2.105888
 588.942253 -2.117697
 589.451278 -2.078661
 589.960304 -2.027322
 590.469329 -1.986859
 590.978354 -1.973560
 591.487379 -2.011524
 591.996405 -2.037188
 592.505430 -2.082024
 593.014455 -2.054723
 593.523481 -1.997219
 594.032506 -1.964078
 594.541531 -2.079832
 595.050556 -2.101088
 595.559582 -2.080915
 596.068607 -2.026284
 596.577632 -2.023089
 597.086658 -1.992446
 597.595683 -2.046569
 598.104708 -2.063155
 598.613733 -1.967926
 599.122759 -1.991881
 599.631784 -2.056125
 600.140809 -2.092857
 600.649835 -2.108299
 601.158860 -2.018773
 601.667885 -1.912122
 602.176910 -2.065035
 602.685936 -2.009857
 603.194961 -2.030877
 603.703986 -2.048391
 604.213012 -2.024530
 604.722037 -1.987335
 605.231062 -1.990037
 605.740087 -1.985656
 606.249113 -2.070907
 606.758138 -2.068146
 607.267163 -1.982613
 607.776189 -2.002106
 608.285214 -2.042966
 608.794239 -2.027712
 609.303264 -2.005185
 609.812290 -2.031605
 610.321315 -2.076515
 610.830340 -2.080919
 611.339366 -2.000355
 611.848391 -1.975448
 612.357416 -2.025696
 612.866441 -2.080545
 613.375467 -2.057752
 613.884492 -2.019965
 614.393517 -1.979071
 614.902543 -2.107243
 615.411568 -2.034655
 615.920593 -2.001203
 616.429618 -2.026846
 616.938644 -2.062796
 617.447669 -2.071508
 617.956694 -2.007447
 618.465720 -2.015430
 618.974745 -2.034033
 619.483770 -2.073230
 619.992795 -2.117369
 620.501821 -2.007259
 621.010846 -1.937086
 621.519871 -1.972413
 622.028897 -2.119747
 622.537922 -2.114914
 623.046947 -2.068790
 623.555972 -2.086603
 624.064998 -2.020080
 624.574023 -2.051356
 625.083048 -2.083380
 625.592073 -2.088745
 626.101099 -2.081776
 626.610124 -2.064399
 627.119149 -1.959451
 627.628175 -1.959642
 628.137200 -2.002288
 628.646225 -2.011103
 629.155250 -1.986350
 629.664276 -1.961429
 630.173301 -1.974663
 630.682326 -2.082933
 631.191352 -2.090534
 631.700377 -2.087121
 632.209402 -2.008429
 632.718427 -1.948366
 633.227453 -1.949964
 633.736478 -1.955526
 634.245503 -2.006792
 634.754529 -2.088103
 635.263554 -2.031156
 635.772579 -1.999519
 636.281604 -2.012073
 636.790630 -2.026424
 637.299655 -2.088036
 637.808680 -2.086311
 638.317706 -1.975799
 638.826731 -2.038948
 639.335756 -2.081563
 639.844781 -2.063404
 640.353807 -2.035662
 640.862832 -1.983811
 641.371857 -1.954903
 641.880883 -2.020947
 642.389908 -2.036386
 642.898933 -2.042903
 643.407958 -2.078086
 643.916984 -2.058913
 644.426009 -2.063924
 644.935034 -2.049503
 645.444060 -2.000022
 645.953085 -1.971975
 646.462110 -1.981938
 646.971135 -2.028034
 647.480161 -1.993773
 647.989186 -2.037013
 648.498211 -2.061751
 649.007237 -1.992935
 649.516262 -2.007425
 650.025287 -1.976871
 650.534312 -2.009900
 651.043338 -2.087654
 651.552363 -2.008262
 652.061388 -1.938020
 652.570414 -2.006377
 653.079439 -1.969712
 653.588464 -2.133463
 654.097489 -2.046597
 654.606515 -1.982743
 655.115540 -1.980112
 655.624565 -2.026640
 656.133591 -2.037148
 656.642616 -2.077824
 657.151641 -2.026668
 657.660666 -2.014718
 658.169692 -1.987056
 658.678717 -2.037221
 659.187742 -2.065405
 659.696767 -2.060572
 660.205793 -1.935161
 660.714818 -1.962843
 661.223843 -2.021051
 661.732869 -2.026887
 662.241894 -2.076329
 662.750919 -2.024946
 663.259944 -2.036798
 663.768970 -2.034334
 664.277995 -2.046598
 664.787020 -1.999986
 665.296046 -1.997037
 665.805071 -2.002460
 666.314096 -2.039250
 666.823121 -2.001904
 667.332147 -2.012501
 667.841172 -2.056056
 668.350197 -2.026232
 668.859223 -2.096819
 669.368248 -2.040909
 669.877273 -2.072283
 670.386298 -2.013651
 670.895324 -1.997044
 671.404349 -1.994631
 671.913374 -2.086354
 672.422400 -2.072194
 672.931425 -2.001088
 673.440450 -2.052989
 673.949475 -2.058176
 674.458501 -2.059074
 674.967526 -2.037986
 675.476551 -2.012379
 675.985577 -2.022795
 676.494602 -2.063360
 677.003627 -2.033593
 677.512652 -2.017720
 678.021678 -2.043765
 678.530703 -2.016897
 679.039728 -1.987121
 679.548754 -2.067509
 680.057779 -2.075407
 680.566804 -2.025081
 681.075829 -1.994066
 681.584855 -1.974811
 682.093880 -2.002626
 682.602905 -2.051295
 683.111931 -2.053781
 683.620956 -2.023210
 684.129981 -2.017143
 684.639006 -2.000744
 685.148032 -2.058267
 685.657057 -2.041688
 686.166082 -2.062995
 686.675108 -1.982467
 687.184133 -1.974224
 687.693158 -2.006060
 688.202183 -2.015702
 688.711209 -2.089827
 689.220234 -2.052409
 689.729259 -2.072841
 690.238285 -2.000334
 690.747310 -1.955665
 691.256335 -2.042180
 691.765360 -2.028491
 692.274386 -2.023391
 692.783411 -2.102599
 693.292436 -2.021586
 693.801461 -1.983196
 694.310487 -2.027418
 694.819512 -2.046461
 695.328537 -2.073618
 695.837563 -2.073181
 696.346588 -2.053699
 696.855613 -2.100895
 697.364638 -2.042522
 697.873664 -2.037185
 698.382689 -2.000946
 698.891714 -2.029826
 699.400740 -2.034411
 699.909765 -2.035729
 700.418790 -1.987701
 700.927815 -2.007971
 701.436841 -2.055364
 701.945866 -2.066867
 702.454891 -2.021978
 702.963917 -1.961148
 703.472942 -2.029715
 703.981967 -2.015223
 704.490992 -1.990725
 705.000018 -2.036715
 705.509043 -2.023948
 706.018068 -2.039969
 706.527094 -1.964388
 707.036119 -1.999852
 707.545144 -2.052151
 708.054169 -2.076549
 708.563195 -2.063578
 709.072220 -2.056068
 709.581245 -2.093361
 710.090271 -2.012221
 710.599296 -2.020772
 711.108321 -2.068962
 711.617346 -2.067243
 712.126372 -2.027947
 712.635397 -2.019879
 713.144422 -1.998555
 713.653448 -1.995610
 714.162473 -2.053025
 714.671498 -2.066980
 715.180523 -2.049461
 715.689549 -2.011427
 716.198574 -2.013940
 716.707599 -2.029298
 717.216625 -2.082640
 717.725650 -2.079727
 718.234675 -2.007136
 718.743700 -2.013949
 719.252726 -1.979767
 719.761751 -2.013972
 720.270776 -2.045144
 720.779802 -2.078659
 721.288827 -2.044412
 721.797852 -2.014437
 722.306877 -2.037151
 722.815903 -2.075446
 723.324928 -2.039485
 723.833953 -1.986453
 724.342979 -1.985999
 724.852004 -2.079849
 725.361029 -2.016339
 725.870054 -2.123448
 726.379080 -2.029220
 726.888105 -1.981331
 727.397130 -2.072811
 727.906155 -2.085898
 728.415181 -2.042854
 728.924206 -2.003365
 729.433231 -1.934654
 729.942257 -2.011014
 730.451282 -2.061596
 730.960307 -2.075728
 731.469332 -2.017846
 731.978358 -2.033851
 732.487383 -2.025791
 732.996408 -2.051495
 733.505434 -2.045322
 734.014459 -1.987499
 734.523484 -1.972080
 735.032509 -1.980605
 735.541535 -1.992068
 736.050560 -2.011074
 736.559585 -2.074243
 737.068611 -2.044766
 737.577636 -2.000998
 738.086661 -1.991061
 738.595686 -2.049143
 739.104712 -2.081503
 739.613737 -2.030503
 740.122762 -2.005847
 740.631788 -2.011479
 741.140813 -2.053404
 741.649838 -2.058218
 742.158863 -2.013323
 742.667889 -2.035327
 743.176914 -2.001923
 743.685939 -2.038504
 744.194965 -2.011829
 744.703990 -2.034534
 745.213015 -2.045722
 745.722040 -2.009304
 746.231066 -1.998151
 746.740091 -1.991914
 747.249116 -2.024207
 747.758142 -2.069112
 748.267167 -2.064236
 748.776192 -2.005395
 749.285217 -1.985639
 749.794243 -1.961258
 750.303268 -2.033300
 750.812293 -2.058762
 751.321319 -2.067442
 751.830344 -2.003538
 752.339369 -2.055514
 752.848394 -2.125906
 753.357420 -2.085823
 753.866445 -1.952877
 754.375470 -1.965056
 754.884496 -2.002332
 755.393521 -2.019337
 755.902546 -2.003741
 756.411571 -2.063672
 756.920597 -2.084280
 757.429622 -2.041646
 757.938647 -1.992968
 758.447673 -2.091832
 758.956698 -2.063572
 759.465723 -2.001667
 759.974748 -2.007311
 760.483774 -1.976365
 760.992799 -1.974548
 761.501824 -2.024198
 762.010849 -2.049431
 762.519875 -1.976988
 763.028900 -1.915710
 763.537925 -2.003099
 764.046951 -2.071630
 764.555976 -2.028257
 765.065001 -1.969329
 765.574026 -1.989732
 766.083052 -2.039172
 766.592077 -2.047957
 767.101102 -2.077804
 767.610128 -2.033229
 768.119153 -1.968336
 768.628178 -2.011939
 769.137203 -2.050790
 769.646229 -2.110181
 770.155254 -2.081021
 770.664279 -2.037634
 771.173305 -1.991625
 771.682330 -1.985645
 772.191355 -2.004693
 772.700380 -2.034417
 773.209406 -2.032906
 773.718431 -2.046890
 774.227456 -2.042767
 774.736482 -2.037236
 775.245507 -2.033735
 775.754532 -1.968547
 776.263557 -2.011629
 776.772583 -2.004355
 777.281608 -2.037305
 777.790633 -2.038014
 778.299659 -2.057754
 778.808684 -2.032901
 779.317709 -2.024910
 779.826734 -2.023621
 780.335760 -2.083870
 780.844785 -2.051378
 781.353810 -2.003435
 781.862836 -2.059539
 782.371861 -2.087973
 782.880886 -2.001526
 783.389911 -2.029039
 783.898937 -1.995222
 784.407962 -1.964896
 784.916987 -2.050924
 785.426013 -2.106700
 785.935038 -2.117199
 786.444063 -2.032390
 786.953088 -1.959080
 787.462114 -1.922366
 787.971139 -2.002019
 788.480164 -2.092164
 788.989190 -2.074779
 789.498215 -2.049786
 790.007240 -1.994120
 790.516265 -2.033954
 791.025291 -2.069606
 791.534316 -2.069216
 792.043341 -2.032867
 792.552366 -2.016394
 793.061392 -1.977995
 793.570417 -1.914161
 794.079442 -1.993736
 794.588468 -2.078146
 795.097493 -2.095898
 795.606518 -2.025322
 796.115543 -1.968488
 796.624569 -2.038946
 797.133594 -2.045891
 797.642619 -2.025364
 798.151645 -1.997789
 798.660670 -2.024431
 799.169695 -2.131423
 799.678720 -2.052147
 800.187746 -1.983830
 800.696771 -2.073463
 801.205796 -2.088219
 801.714822 -2.058260
 802.223847 -2.079968
 802.732872 -2.038143
 803.241897 -2.044066
 803.750923 -2.026581
 804.259948 -2.025294
 804.768973 -1.997743
 805.277999 -2.002561
 805.787024 -1.949654
 806.296049 -2.070605
 806.805074 -2.064462
 807.314100 -2.057436
 807.823125 -2.012713
 808.332150 -1.918967
 808.841176 -1.976675
 809.350201 -2.090548
 809.859226 -2.091615
 810.368251 -2.014789
 810.877277 -1.922663
 811.386302 -1.929852
 811.895327 -2.029587
 812.404353 -2.008838
 812.913378 -2.115269
 813.422403 -2.058369
 813.931428 -2.052481
 814.440454 -2.042061
 814.949479 -1.999111
 815.458504 -2.009627
 815.967530 -2.020454
 816.476555 -2.028408
 816.985580 -2.042186
 817.494605 -2.038563
 818.003631 -1.991916
 818.512656 -1.960944
 819.021681 -1.973500
 819.530707 -2.072939
 820.039732 -2.015878
 820.548757 -1.966382
 821.057782 -1.922970
 821.566808 -2.041985
 822.075833 -2.052037
 822.584858 -2.059580
 823.093884 -1.968909
 823.602909 -1.989466
 824.111934 -2.015809
 824.620959 -2.044745
 825.129985 -2.017517
 825.639010 -2.045155
 826.148035 -2.014118
 826.657060 -2.077000
 827.166086 -2.077373
 827.675111 -1.994763
 828.184136 -2.025769
 828.693162 -2.034918
 829.202187 -2.005464
 829.711212 -1.975793
 830.220237 -2.003767
 830.729263 -2.075031
 831.238288 -2.089640
 831.747313 -2.051409
 832.256339 -1.993906
 832.765364 -2.018013
 833.274389 -2.069628
 833.783414 -2.096161
 834.292440 -2.054683
 834.801465 -2.014829
 835.310490 -1.985835
 835.819516 -2.006585
 836.328541 -2.067017
 836.837566 -2.055886
 837.346591 -2.034996
 837.855617 -2.069594
 838.364642 -2.023136
 838.873667 -2.028301
 839.382693 -2.030184
 839.891718 -2.047051
 840.400743 -2.055195
 840.909768 -2.034997
 841.418794 -2.015479
 841.927819 -2.009853
 842.436844 -2.048215
 842.945870 -2.026133
 843.454895 -1.986685
 843.963920 -2.016682
 844.472945 -2.127451
 844.981971 -2.072115
 845.490996 -2.049537
 846.000021 -2.065690
 846.509047 -1.994644
 847.018072 -2.032216
 847.527097 -2.091266
 848.036122 -2.075823
 848.545148 -2.040763
 849.054173 -1.990283
 849.563198 -1.994558
 850.072224 -2.100137
 850.581249 -2.060825
 851.090274 -2.021183
 851.599299 -1.999683
 852.108325 -1.971247
 852.617350 -2.020115
 853.126375 -2.060316
 853.635401 -2.032431
 854.144426 -2.005239
 854.653451 -2.011159
 855.162476 -2.034351
 855.671502 -2.020211
 856.180527 -2.090318
 856.689552 -2.043299
 857.198578 -1.971712
 857.707603 -1.987648
 858.216628 -2.044450
 858.725653 -2.108345
 859.234679 -1.983637
 859.743704 -1.945701
 860.252729 -2.040557
 860.761754 -2.103523
 861.270780 -2.126520
 861.779805 -2.004691
 862.288830 -1.975366
 862.797856 -1.994864
 863.306881 -2.016051
 863.815906 -2.020158
 864.324931 -2.030700
 864.833957 -2.054906
 865.342982 -2.020297
 865.852007 -1.992345
 866.361033 -2.020925
 866.870058 -2.045392
 867.379083 -1.989623
 867.888108 -1.994179
 868.397134 -2.039499
 868.906159 -2.067874
 869.415184 -2.097160
 869.924210 -2.057727
 870.433235 -2.063782
 870.942260 -2.036128
 871.451285 -1.947864
 871.960311 -1.971670
 872.469336 -2.087116
 872.978361 -2.053633
 873.487387 -2.017349
 873.996412 -1.992943
 874.505437 -2.035202
 875.014462 -2.032686
 875.523488 -2.043908
 876.032513 -2.049010
 876.541538 -1.976944
 877.050564 -1.995686
 877.559589 -2.050812
 878.068614 -2.053265
 878.577639 -2.015753
 879.086665 -2.025153
 879.595690 -2.007213
 880.104715 -2.041858
 880.613741 -2.025589
 881.122766 -2.049743
 881.631791 -2.074856
 882.140816 -2.017961
 882.649842 -1.966079
 883.158867 -2.027458
 883.667892 -2.110170
 884.176918 -2.069712
 884.685943 -1.965520
 885.194968 -2.002884
 885.703993 -2.033849
 886.213019 -2.050611
 886.722044 -2.019535
 887.231069 -1.996116
 887.740095 -1.985134
 888.249120 -2.037673
 888.758145 -1.941356
 889.267170 -1.978375
 889.776196 -1.976538
 890.285221 -1.976398
 890.794246 -2.034733
 891.303272 -2.035468
 891.812297 -1.981392
 892.321322 -2.061884
 892.830347 -2.062065
 893.339373 -1.982327
 893.848398 -2.032555
 894.357423 -2.044270
 894.866448 -2.067430
 895.375474 -2.095410
 895.884499 -2.043087
 896.393524 -1.980033
 896.902550 -1.973388
 897.411575 -2.014758
 897.920600 -2.010076
 898.429625 -2.046923
 898.938651 -2.096547
 899.447676 -2.076295
 899.956701 -2.003129
 900.465727 -2.030493
 900.974752 -2.015506
 901.483777 -2.060750
 901.992802 -2.028041
 902.501828 -1.994496
 903.010853 -2.059995
 903.519878 -2.073515
 904.028904 -2.044112
 904.537929 -1.990883
 905.046954 -2.008658
 905.555979 -2.019083
 906.065005 -2.067854
 906.574030 -2.048048
 907.083055 -2.052379
 907.592081 -2.107150
 908.101106 -2.120946
 908.610131 -2.058560
 909.119156 -2.032625
 909.628182 -2.010768
 910.137207 -1.988512
 910.646232 -2.073260
 911.155258 -2.052740
 911.664283 -2.061924
 912.173308 -2.010596
 912.682333 -1.992731
 913.191359 -2.019165
 913.700384 -2.053195
 914.209409 -2.027162
 914.718435 -2.048399
 915.227460 -2.064628
 915.736485 -2.073597
 916.245510 -1.975857
 916.754536 -1.898409
 917.263561 -1.981309
 917.772586 -2.027814
 918.281612 -2.079066
 918.790637 -2.093262
 919.299662 -1.982185
 919.808687 -2.013930
 920.317713 -2.065924
 920.826738 -2.069911
 921.335763 -2.006884
 921.844789 -2.068014
 922.353814 -2.014781
 922.862839 -1.999047
 923.371864 -2.029196
 923.880890 -2.127517
 924.389915 -2.106514
 924.898940 -1.995964
 925.407966 -2.001906
 925.916991 -1.997091
 926.426016 -2.026439
 926.935041 -2.037503
 927.444067 -1.972328
 927.953092 -1.987547
 928.462117 -2.055727
 928.971142 -2.061932
 929.480168 -1.962809
 929.989193 -1.969579
 930.498218 -1.998967
 931.007244 -1.990145
 931.516269 -1.995965
 932.025294 -2.016676
 932.534319 -2.024590
 933.043345 -1.996527
 933.552370 -2.002987
 934.061395 -2.050812
 934.570421 -2.083020
 935.079446 -2.084759
 935.588471 -1.961022
 936.097496 -1.990740
 936.606522 -2.030095
 937.115547 -2.115133
 937.624572 -2.068956
 938.133598 -1.953333
 938.642623 -1.972770
 939.151648 -2.043067
 939.660673 -1.989396
 940.169699 -1.990908
 940.678724 -2.109259
 941.187749 -2.106864
 941.696775 -2.076597
 942.205800 -2.060519
 942.714825 -1.996439
 943.223850 -2.012982
 943.732876 -2.078654
 944.241901 -2.066276
 944.750926 -2.053093
 945.259952 -2.000682
 945.768977 -1.990750
 946.278002 -2.084930
 946.787027 -2.032626
 947.296053 -2.076967
 947.805078 -2.077141
 948.314103 -2.032045
 948.823129 -2.041225
 949.332154 -2.076704
 949.841179 -2.088556
 950.350204 -2.046132
 950.859230 -1.925573
 951.368255 -1.973991
 951.877280 -2.069524
 952.386306 -2.091797
 952.895331 -2.067964
 953.404356 -2.085332
 953.913381 -1.988574
 954.422407 -2.018739
 954.931432 -1.984533
 955.440457 -1.947237
 955.949483 -2.035295
 956.458508 -2.020938
 956.967533 -1.971230
 957.476558 -1.917105
 957.985584 -2.050602
 958.494609 -2.036607
 959.003634 -2.059976
 959.512660 -2.038969
 960.021685 -2.020881
 960.530710 -2.038259
 961.039735 -1.995043
 961.548761 -1.993017
 962.057786 -2.034678
 962.566811 -2.072490
 963.075836 -2.083815
 963.584862 -2.003275
 964.093887 -2.075287
 964.602912 -2.026593
 965.111938 -2.063802
 965.620963 -1.995386
 966.129988 -1.956691
 966.639013 -1.987601
 967.148039 -2.056485
 967.657064 -2.052444
 968.166089 -2.052753
 968.675115 -2.029299
 969.184140 -2.038827
 969.693165 -2.043919
 970.202190 -2.014314
 970.711216 -2.056148
 971.220241 -2.038386
 971.729266 -1.986838
 972.238292 -2.014793
 972.747317 -2.023270
 973.256342 -1.992299
 973.765367 -1.989739
 974.274393 -2.008275
 974.783418 -2.053555
 975.292443 -2.026139
 975.801469 -2.072091
 976.310494 -2.097949
 976.819519 -2.113065
 977.328544 -2.078492
 977.837570 -2.000403
 978.346595 -2.050017
 978.855620 -2.085383
 979.364646 -2.102840
 979.873671 -2.025462
 980.382696 -2.010869
 980.891721 -2.027660
 981.400747 -2.052233
 981.909772 -2.021473
 982.418797 -2.085255
 982.927823 -2.020389
 983.436848 -2.050751
 983.945873 -2.034079
 984.454898 -2.068539
 984.963924 -2.059812
 985.472949 -1.981490
 985.981974 -1.988725
 986.491000 -2.058990
 987.000025 -2.080960
 987.509050 -2.102728
 988.018075 -2.052896
 988.527101 -1.966682
 989.036126 -1.970943
 989.545151 -2.042424
 990.054177 -2.154530
 990.563202 -2.048920
 991.072227 -2.013405
 991.581252 -2.039146
 992.090278 -2.078632
 992.599303 -2.063787
 993.108328 -2.035701
 993.617354 -2.074883
 994.126379 -2.100197
 994.635404 -1.996624
 995.144429 -1.964119
 995.653455 -2.039197
 996.162480 -2.025766
 996.671505 -2.067476
 997.180530 -2.076433
 997.689556 -2.026932
 998.198581 -2.013202
 998.707606 -1.987531
 999.216632 -2.003223
 999.725657 -2.048602
 1000.234682 -2.028988
 1000.743707 -2.021071
 1001.252733 -2.039725
 1001.761758 -2.029935
 1002.270783 -2.009297
 1002.779809 -2.097050
 1003.288834 -2.103709
 1003.797859 -2.031025
 1004.306884 -2.029114
 1004.815910 -2.067133
 1005.324935 -1.995677
 1005.833960 -1.995005
 1006.342986 -2.015980
 1006.852011 -2.035670
 1007.361036 -2.003766
 1007.870061 -2.067783
 1008.379087 -2.072999
 1008.888112 -2.091530
 1009.397137 -1.993308
 1009.906163 -1.968017
 1010.415188 -2.012716
 1010.924213 -2.000566
 1011.433238 -2.026964
 1011.942264 -2.045370
 1012.451289 -2.066851
 1012.960314 -2.044092
 1013.469340 -2.009710
 1013.978365 -1.975195
 1014.487390 -2.014129
 1014.996415 -2.105426
 1015.505441 -2.012165
 1016.014466 -1.922132
 1016.523491 -2.018402
 1017.032517 -2.107841
 1017.541542 -2.124338
 1018.050567 -2.092565
