#! FIELDS time cv
 0.000000 -1.209073
 0.509025 -1.261397
 1.018051 -1.313759
 1.527076 -1.322157
 2.036101 -1.329685
 2.545126 -1.295911
 3.054152 -1.322163
 3.563177 -1.353320
 4.072202 -1.340851
 4.581228 -1.293789
 5.090253 -1.308515
 5.599278 -1.261118
 6.108303 -1.295130
 6.617329 -1.316134
 7.126354 -1.324693
 7.635379 -1.382798
 8.144405 -1.237684
 8.653430 -1.241382
 9.162455 -1.373641
 9.671480 -1.347641
 10.180506 -1.289467
 10.689531 -1.256519
 11.198556 -1.343624
 11.707582 -1.373198
 12.216607 -1.305750
 12.725632 -1.284047
 13.234657 -1.309686
 13.743683 -1.307548
 14.252708 -1.276695
 14.761733 -1.305853
 15.270759 -1.294386
 15.779784 -1.334338
 16.288809 -1.331443
 16.797834 -1.360151
 17.306860 -1.295650
 17.815885 -1.325567
 18.324910 -1.311813
 18.833935 -1.283509
 19.342961 -1.267363
 19.851986 -1.336303
 20.361011 -1.349764
 20.870037 -1.272977
 21.379062 -1.301573
 21.888087 -1.305462
 22.397112 -1.365606
 22.906138 -1.339132
 23.415163 -1.300321
 23.924188 -1.256499
 24.433214 -1.352693
 24.942239 -1.382352
 25.451264 -1.308370
 25.960289 -1.286358
 26.469315 -1.308544
 26.978340 -1.340006
 27.487365 -1.335491
 27.996391 -1.316947
 28.505416 -1.335748
 29.014441 -1.363665
 29.523466 -1.321653
 30.032492 -1.263748
 30.541517 -1.274116
 31.050542 -1.347483
 31.559568 -1.330720
 32.068593 -1.319264
 32.577618 -1.276820
 33.086643 -1.282735
 33.595669 -1.317119
 34.104694 -1.334083
 34.613719 -1.276998
 35.122745 -1.290921
 35.631770 -1.366467
 36.140795 -1.330732
 36.649820 -1.343144
 37.158846 -1.290379
 37.667871 -1.259452
 38.176896 -1.329931
 38.685922 -1.367117
 39.194947 -1.359869
 39.703972 -1.261253
 40.212997 -1.312208
 40.722023 -1.368506
 41.231048 -1.326171
 41.740073 -1.295254
 42.249099 -1.306303
 42.758124 -1.319634
 43.267149 -1.306348
 43.776174 -1.318633
 44.285200 -1.248040
 44.794225 -1.312974
 45.303250 -1.303513
 45.812276 -1.361782
 46.321301 -1.327912
 46.830326 -1.288672
 47.339351 -1.300089
 47.848377 -1.392438
 48.357402 -1.353768
 48.866427 -1.299186
 49.375453 -1.231766
 49.884478 -1.365033
 50.393503 -1.388311
 50.902528 -1.256066
 51.411554 -1.276709
 51.920579 -1.388659
 52.429604 -1.344808
 52.938629 -1.210640
 53.447655 -1.302569
 53.956680 -1.350820
 54.465705 -1.379647
 54.974731 -1.326272
 55.483756 -1.329501
 55.992781 -1.312658
 56.501806 -1.308859
 57.010832 -1.351153
 57.519857 -1.304263
 58.028882 -1.315471
 58.537908 -1.328545
 59.046933 -1.342938
 59.555958 -1.297281
 60.064983 -1.372268
 60.574009 -1.407658
 61.083034 -1.323641
 61.592059 -1.324087
 62.101085 -1.350013
 62.610110 -1.337984
 63.119135 -1.324487
 63.628160 -1.334406
 64.137186 -1.359638
 64.646211 -1.345799
 65.155236 -1.322009
 65.664262 -1.283894
 66.173287 -1.290879
 66.682312 -1.286337
 67.191337 -1.338387
 67.700363 -1.282057
 68.209388 -1.323782
 68.718413 -1.359244
 69.227439 -1.302886
 69.736464 -1.332402
 70.245489 -1.310777
 70.754514 -1.290787
 71.263540 -1.295053
 71.772565 -1.278195
 72.281590 -1.345350
 72.790616 -1.335390
 73.299641 -1.343834
 73.808666 -1.336887
 74.317691 -1.401743
 74.826717 -1.277523
 75.335742 -1.306362
 75.844767 -1.295761
 76.353793 -1.371892
 76.862818 -1.343541
 77.371843 -1.354367
 77.880868 -1.283070
 78.389894 -1.254243
 78.898919 -1.280865
 79.407944 -1.325117
 79.916970 -1.415183
 80.425995 -1.332386
 80.935020 -1.295071
 81.444045 -1.271806
 81.953071 -1.294122
 82.462096 -1.322412
 82.971121 -1.304216
 83.480147 -1.266153
 83.989172 -1.301297
 84.498197 -1.362758
 85.007222 -1.315898
 85.516248 -1.241306
 86.025273 -1.307015
 86.534298 -1.359234
 87.043323 -1.296660
 87.552349 -1.326962
 88.061374 -1.361368
 88.570399 -1.334144
 89.079425 -1.334631
 89.588450 -1.301918
 90.097475 -1.311529
 90.606500 -1.268410
 91.115526 -1.297247
 91.624551 -1.376836
 92.133576 -1.344024
 92.642602 -1.281777
 93.151627 -1.313329
 93.660652 -1.358487
 94.169677 -1.310426
 94.678703 -1.294327
 95.187728 -1.310047
 95.696753 -1.317595
 96.205779 -1.358105
 96.714804 -1.336808
 97.223829 -1.289686
 97.732854 -1.303201
 98.241880 -1.316388
 98.750905 -1.316565
 99.259930 -1.295198
 99.768956 -1.316937
 100.277981 -1.362756
 100.787006 -1.364483
 101.296031 -1.296087
 101.805057 -1.298808
 102.314082 -1.326240
 102.823107 -1.388594
 103.332133 -1.190248
 103.841158 -1.244751
 104.350183 -1.345227
 104.859208 -1.334335
 105.368234 -1.314171
 105.877259 -1.284863
 106.386284 -1.293628
 106.895310 -1.257446
 107.404335 -1.326602
 107.913360 -1.297330
 108.422385 -1.326297
 108.931411 -1.325164
 109.440436 -1.288380
 109.949461 -1.352569
 110.458487 -1.304070
 110.967512 -1.270279
 111.476537 -1.294726
 111.985562 -1.294678
 112.494588 -1.281947
 113.003613 -1.353655
 113.512638 -1.357589
 114.021664 -1.293266
 114.530689 -1.367636
 115.039714 -1.311944
 115.548739 -1.259822
 116.057765 -1.305063
 116.566790 -1.322623
 117.075815 -1.290934
 117.584841 -1.329342
 118.093866 -1.329832
 118.602891 -1.294679
 119.111916 -1.300930
 119.620942 -1.298498
 120.129967 -1.329993
 120.638992 -1.315874
 121.148017 -1.285581
 121.657043 -1.298876
 122.166068 -1.342969
 122.675093 -1.308887
 123.184119 -1.257503
 123.693144 -1.366040
 124.202169 -1.288251
 124.711194 -1.300933
 125.220220 -1.303162
 125.729245 -1.344803
 126.238270 -1.361547
 126.747296 -1.322788
 127.256321 -1.221599
 127.765346 -1.387002
 128.274371 -1.390196
 128.783397 -1.281118
 129.292422 -1.317058
 129.801447 -1.298047
 130.310473 -1.309510
 130.819498 -1.311249
 131.328523 -1.260753
 131.837548 -1.320485
 132.346574 -1.365155
 132.855599 -1.384681
 133.364624 -1.208353
 133.873650 -1.274517
 134.382675 -1.302108
 134.891700 -1.368819
 135.400725 -1.318109
 135.909751 -1.228255
 136.418776 -1.273726
 136.927801 -1.274400
 137.436827 -1.314938
 137.945852 -1.295429
 138.454877 -1.346383
 138.963902 -1.369038
 139.472928 -1.332215
 139.981953 -1.276068
 140.490978 -1.329807
 141.000004 -1.369774
 141.509029 -1.295211
 142.018054 -1.286275
 142.527079 -1.321219
 143.036105 -1.333984
 143.545130 -1.303004
 144.054155 -1.337003
 144.563181 -1.336188
 145.072206 -1.352698
 145.581231 -1.329724
 146.090256 -1.298711
 146.599282 -1.301898
 147.108307 -1.349356
 147.617332 -1.293988
 148.126358 -1.293490
 148.635383 -1.314851
 149.144408 -1.364330
 149.653433 -1.324491
 150.162459 -1.313451
 150.671484 -1.280478
 151.180509 -1.293525
 151.689535 -1.312590
 152.198560 -1.308869
 152.707585 -1.300883
 153.216610 -1.402434
 153.725636 -1.369568
 154.234661 -1.290487
 154.743686 -1.260347
 155.252711 -1.298852
 155.761737 -1.391005
 156.270762 -1.338532
 156.779787 -1.255008
 157.288813 -1.285199
 157.797838 -1.357615
 158.306863 -1.347724
 158.815888 -1.243432
 159.324914 -1.328320
 159.833939 -1.328680
 160.342964 -1.307772
 160.851990 -1.300849
 161.361015 -1.346860
 161.870040 -1.290315
 162.379065 -1.283208
 162.888091 -1.360726
 163.397116 -1.366206
 163.906141 -1.373194
 164.415167 -1.287157
 164.924192 -1.295040
 165.433217 -1.337341
 165.942242 -1.395233
 166.451268 -1.321039
 166.960293 -1.270907
 167.469318 -1.399359
 167.978344 -1.367458
 168.487369 -1.245428
 168.996394 -1.276752
 169.505419 -1.330226
 170.014445 -1.289976
 170.523470 -1.266046
 171.032495 -1.358510
 171.541521 -1.313622
 172.050546 -1.298425
 172.559571 -1.278540
 173.068596 -1.339250
 173.577622 -1.355275
 174.086647 -1.289446
 174.595672 -1.303611
 175.104698 -1.259395
 175.613723 -1.338861
 176.122748 -1.337834
 176.631773 -1.334206
 177.140799 -1.258972
 177.649824 -1.329711
 178.158849 -1.307349
 178.667875 -1.351519
 179.176900 -1.307467
 179.685925 -1.305254
 180.194950 -1.333120
 180.703976 -1.385700
 181.213001 -1.314943
 181.722026 -1.302090
 182.231052 -1.333033
 182.740077 -1.267536
 183.249102 -1.311197
 183.758127 -1.268232
 184.267153 -1.367329
 184.776178 -1.378449
 185.285203 -1.367527
 185.794228 -1.316986
 186.303254 -1.294294
 186.812279 -1.291976
 187.321304 -1.333511
 187.830330 -1.352424
 188.339355 -1.293648
 188.848380 -1.337727
 189.357405 -1.352906
 189.866431 -1.401406
 190.375456 -1.277388
 190.884481 -1.259043
 191.393507 -1.359392
 191.902532 -1.351873
 192.411557 -1.258699
 192.920582 -1.250113
 193.429608 -1.368811
 193.938633 -1.346156
 194.447658 -1.244241
 194.956684 -1.325157
 195.465709 -1.376060
 195.974734 -1.302571
 196.483759 -1.226165
 196.992785 -1.312289
 197.501810 -1.316610
 198.010835 -1.346814
 198.519861 -1.266314
 199.028886 -1.347863
 199.537911 -1.327677
 200.046936 -1.333683
 200.555962 -1.298833
 201.064987 -1.282015
 201.574012 -1.366109
 202.083038 -1.381062
 202.592063 -1.286950
 203.101088 -1.213343
 203.610113 -1.365297
 204.119139 -1.363560
 204.628164 -1.303052
 205.137189 -1.319051
 205.646215 -1.309940
 206.155240 -1.342262
 206.664265 -1.307170
 207.173290 -1.293750
 207.682316 -1.285104
 208.191341 -1.400932
 208.700366 -1.297561
 209.209392 -1.311507
 209.718417 -1.312674
 210.227442 -1.338081
 210.736467 -1.288997
 211.245493 -1.269860
 211.754518 -1.366893
 212.263543 -1.279029
 212.772569 -1.309723
 213.281594 -1.325399
 213.790619 -1.313647
 214.299644 -1.270788
 214.808670 -1.313479
 215.317695 -1.378594
 215.826720 -1.380257
 216.335746 -1.335166
 216.844771 -1.262989
 217.353796 -1.337243
 217.862821 -1.306438
 218.371847 -1.298920
 218.880872 -1.323043
 219.389897 -1.280925
 219.898922 -1.281739
 220.407948 -1.386674
 220.916973 -1.313062
 221.425998 -1.313084
 221.935024 -1.300402
 222.444049 -1.372131
 222.953074 -1.350537
 223.462099 -1.177414
 223.971125 -1.349699
 224.480150 -1.341323
 224.989175 -1.227739
 225.498201 -1.336869
 226.007226 -1.388423
 226.516251 -1.379965
 227.025276 -1.272141
 227.534302 -1.281105
 228.043327 -1.322914
 228.552352 -1.371336
 229.061378 -1.307575
 229.570403 -1.296549
 230.079428 -1.330937
 230.588453 -1.368767
 231.097479 -1.343366
 231.606504 -1.330192
 232.115529 -1.227817
 232.624555 -1.327601
 233.133580 -1.329590
 233.642605 -1.329238
 234.151630 -1.287748
 234.660656 -1.301705
 235.169681 -1.340942
 235.678706 -1.430995
 236.187732 -1.334207
 236.696757 -1.262820
 237.205782 -1.265834
 237.714807 -1.339065
 238.223833 -1.315061
 238.732858 -1.276689
 239.241883 -1.287182
 239.750909 -1.341953
 240.259934 -1.302906
 240.768959 -1.319730
 241.277984 -1.326010
 241.787010 -1.259710
 242.296035 -1.325267
 242.805060 -1.320786
 243.314086 -1.377038
 243.823111 -1.359112
 244.332136 -1.262922
 244.841161 -1.324380
 245.350187 -1.340748
 245.859212 -1.322622
 246.368237 -1.249667
 246.877263 -1.272204
 247.386288 -1.313684
 247.895313 -1.386108
 248.404338 -1.276638
 248.913364 -1.259275
 249.422389 -1.332122
 249.931414 -1.354456
 250.440440 -1.232911
 250.949465 -1.273834
 251.458490 -1.333210
 251.967515 -1.279080
 252.476541 -1.258057
 252.985566 -1.327141
 253.494591 -1.368750
 254.003616 -1.345980
 254.512642 -1.367796
 255.021667 -1.353250
 255.530692 -1.265124
 256.039718 -1.268602
 256.548743 -1.319505
 257.057768 -1.395723
 257.566793 -1.313019
 258.075819 -1.274898
 258.584844 -1.288511
 259.093869 -1.329166
 259.602895 -1.347789
 260.111920 -1.312845
 260.620945 -1.267732
 261.129970 -1.293565
 261.638996 -1.317717
 262.148021 -1.332328
 262.657046 -1.338455
 263.166072 -1.340354
 263.675097 -1.311143
 264.184122 -1.368474
 264.693147 -1.394767
 265.202173 -1.262714
 265.711198 -1.350287
 266.220223 -1.312856
 266.729249 -1.260854
 267.238274 -1.344263
 267.747299 -1.354450
 268.256324 -1.279065
 268.765350 -1.275189
 269.274375 -1.332031
 269.783400 -1.285312
 270.292426 -1.280696
 270.801451 -1.334917
 271.310476 -1.276664
 271.819501 -1.306290
 272.328527 -1.291909
 272.837552 -1.372208
 273.346577 -1.268738
 273.855603 -1.274340
 274.364628 -1.365968
 274.873653 -1.360792
 275.382678 -1.239606
 275.891704 -1.307682
 276.400729 -1.381747
 276.909754 -1.303133
 277.418780 -1.289048
 277.927805 -1.318873
 278.436830 -1.370059
 278.945855 -1.337873
 279.454881 -1.331541
 279.963906 -1.429792
 280.472931 -1.294101
 280.981957 -1.273331
 281.490982 -1.300625
 282.000007 -1.329552
 282.509032 -1.286168
 283.018058 -1.270617
 283.527083 -1.266321
 284.036108 -1.320250
 284.545134 -1.360136
 285.054159 -1.285343
 285.563184 -1.283928
 286.072209 -1.324231
 286.581235 -1.327287
 287.090260 -1.301520
 287.599285 -1.331614
 288.108310 -1.333322
 288.617336 -1.320728
 289.126361 -1.351082
 289.635386 -1.314913
 290.144412 -1.237971
 290.653437 -1.297609
 291.162462 -1.298456
 291.671487 -1.289250
 292.180513 -1.289075
 292.689538 -1.357310
 293.198563 -1.325051
 293.707589 -1.252884
 294.216614 -1.362749
 294.725639 -1.350493
 295.234664 -1.314478
 295.743690 -1.261235
 296.252715 -1.315692
 296.761740 -1.273091
 297.270766 -1.343937
 297.779791 -1.359302
 298.288816 -1.288881
 298.797841 -1.306557
 299.306867 -1.309972
 299.815892 -1.279459
 300.324917 -1.329075
 300.833943 -1.336328
 301.342968 -1.279524
 301.851993 -1.282161
 302.361018 -1.290639
 302.870044 -1.328184
 303.379069 -1.293680
 303.888094 -1.321055
 304.397120 -1.335093
 304.906145 -1.318719
 305.415170 -1.282908
 305.924195 -1.321697
 306.433221 -1.305483
 306.942246 -1.308220
 307.451271 -1.319658
 307.960297 -1.330991
 308.469322 -1.302702
 308.978347 -1.291081
 309.487372 -1.289703
 309.996398 -1.312447
 310.505423 -1.270035
 311.014448 -1.347607
 311.523474 -1.345319
 312.032499 -1.304470
 312.541524 -1.318214
 313.050549 -1.345238
 313.559575 -1.326539
 314.068600 -1.319124
 314.577625 -1.318300
 315.086651 -1.391130
 315.595676 -1.303183
 316.104701 -1.245236
 316.613726 -1.332152
 317.122752 -1.329965
 317.631777 -1.240171
 318.140802 -1.299619
 318.649828 -1.336563
 319.158853 -1.373713
 319.667878 -1.232120
 320.176903 -1.308123
 320.685929 -1.339820
 321.194954 -1.364064
 321.703979 -1.245626
 322.213004 -1.347574
 322.722030 -1.411151
 323.231055 -1.338894
 323.740080 -1.372883
 324.249106 -1.328857
 324.758131 -1.259982
 325.267156 -1.358133
 325.776181 -1.348087
 326.285207 -1.314615
 326.794232 -1.304813
 327.303257 -1.331794
 327.812283 -1.284946
 328.321308 -1.335077
 328.830333 -1.311012
 329.339358 -1.339477
 329.848384 -1.313318
 330.357409 -1.376012
 330.866434 -1.319699
 331.375460 -1.289106
 331.884485 -1.354460
 332.393510 -1.311428
 332.902535 -1.233755
 333.411561 -1.276732
 333.920586 -1.339037
 334.429611 -1.303676
 334.938637 -1.318732
 335.447662 -1.337100
 335.956687 -1.247022
 336.465712 -1.312771
 336.974738 -1.339208
 337.483763 -1.325986
 337.992788 -1.313593
 338.501814 -1.307811
 339.010839 -1.254597
 339.519864 -1.293656
 340.028889 -1.331480
 340.537915 -1.297558
 341.046940 -1.304866
 341.555965 -1.313664
 342.064991 -1.314234
 342.574016 -1.340929
 343.083041 -1.332953
 343.592066 -1.324822
 344.101092 -1.303269
 344.610117 -1.272578
 345.119142 -1.321180
 345.628168 -1.372249
 346.137193 -1.368598
 346.646218 -1.308862
 347.155243 -1.297431
 347.664269 -1.331984
 348.173294 -1.315842
 348.682319 -1.338441
 349.191345 -1.343638
 349.700370 -1.315224
 350.209395 -1.319105
 350.718420 -1.321155
 351.227446 -1.351675
 351.736471 -1.376677
 352.245496 -1.325762
 352.754522 -1.353112
 353.263547 -1.267028
 353.772572 -1.296042
 354.281597 -1.366142
 354.790623 -1.293129
 355.299648 -1.333609
 355.808673 -1.313730
 356.317698 -1.302743
 356.826724 -1.289079
 357.335749 -1.343813
 357.844774 -1.317102
 358.353800 -1.261907
 358.862825 -1.286639
 359.371850 -1.285884
 359.880875 -1.342590
 360.389901 -1.285455
 360.898926 -1.211592
 361.407951 -1.377314
 361.916977 -1.294467
 362.426002 -1.233243
 362.935027 -1.382952
 363.444052 -1.383154
 363.953078 -1.198416
 364.462103 -1.329437
 364.971128 -1.302235
 365.480154 -1.344045
 365.989179 -1.335908
 366.498204 -1.204164
 367.007229 -1.301609
 367.516255 -1.400032
 368.025280 -1.309560
 368.534305 -1.262200
 369.043331 -1.332067
 369.552356 -1.305338
 370.061381 -1.263235
 370.570406 -1.304476
 371.079432 -1.387719
 371.588457 -1.287886
 372.097482 -1.266978
 372.606508 -1.365453
 373.115533 -1.343799
 373.624558 -1.332469
 374.133583 -1.304704
 374.642609 -1.355477
 375.151634 -1.350951
 375.660659 -1.321852
 376.169685 -1.325733
 376.678710 -1.341580
 377.187735 -1.284991
 377.696760 -1.255177
 378.205786 -1.281897
 378.714811 -1.358070
 379.223836 -1.342878
 379.732862 -1.349902
 380.241887 -1.302521
 380.750912 -1.293946
 381.259937 -1.384938
 381.768963 -1.309244
 382.277988 -1.351235
 382.787013 -1.367112
 383.296039 -1.248930
 383.805064 -1.308322
 384.314089 -1.323676
 384.823114 -1.309170
 385.332140 -1.332238
 385.841165 -1.292653
 386.350190 -1.317406
 386.859216 -1.361189
 387.368241 -1.347882
 387.877266 -1.334234
 388.386291 -1.271698
 388.895317 -1.296282
 389.404342 -1.292099
 389.913367 -1.319901
 390.422392 -1.338930
 390.931418 -1.331769
 391.440443 -1.268513
 391.949468 -1.324061
 392.458494 -1.288661
 392.967519 -1.298280
 393.476544 -1.309955
 393.985569 -1.292358
 394.494595 -1.299049
 395.003620 -1.385848
 395.512645 -1.349333
 396.021671 -1.370581
 396.530696 -1.251897
 397.039721 -1.300525
 397.548746 -1.284532
 398.057772 -1.314583
 398.566797 -1.380743
 399.075822 -1.380336
 399.584848 -1.243245
 400.093873 -1.281109
 400.602898 -1.312373
 401.111923 -1.284705
 401.620949 -1.302729
 402.129974 -1.361666
 402.638999 -1.326298
 403.148025 -1.291571
 403.657050 -1.288466
 404.166075 -1.319647
 404.675100 -1.368834
 405.184126 -1.380496
 405.693151 -1.294125
 406.202176 -1.282955
 406.711202 -1.289830
 407.220227 -1.280729
 407.729252 -1.325839
 408.238277 -1.280428
 408.747303 -1.287194
 409.256328 -1.359531
 409.765353 -1.308788
 410.274379 -1.266447
 410.783404 -1.347498
 411.292429 -1.370732
 411.801454 -1.288336
 412.310480 -1.311245
 412.819505 -1.352508
 413.328530 -1.350850
 413.837556 -1.321399
 414.346581 -1.359474
 414.855606 -1.277304
 415.364631 -1.365234
 415.873657 -1.429757
 416.382682 -1.348250
 416.891707 -1.281312
 417.400733 -1.328637
 417.909758 -1.388399
 418.418783 -1.345318
 418.927808 -1.281139
 419.436834 -1.316115
 419.945859 -1.281413
 420.454884 -1.334067
 420.963910 -1.360002
 421.472935 -1.344414
 421.981960 -1.310781
 422.490985 -1.303640
 423.000011 -1.335847
 423.509036 -1.292524
 424.018061 -1.318753
 424.527086 -1.340839
 425.036112 -1.348995
 425.545137 -1.293284
 426.054162 -1.342660
 426.563188 -1.309600
 427.072213 -1.298577
 427.581238 -1.326366
 428.090263 -1.379990
 428.599289 -1.391983
 429.108314 -1.292030
 429.617339 -1.309789
 430.126365 -1.331676
 430.635390 -1.315961
 431.144415 -1.320111
 431.653440 -1.393989
 432.162466 -1.287988
 432.671491 -1.255030
 433.180516 -1.371511
 433.689542 -1.395461
 434.198567 -1.328655
 434.707592 -1.243280
 435.216617 -1.271762
 435.725643 -1.313576
 436.234668 -1.343693
 436.743693 -1.313162
 437.252719 -1.298767
 437.761744 -1.346548
 438.270769 -1.335944
 438.779794 -1.309663
 439.288820 -1.352579
 439.797845 -1.341145
 440.306870 -1.296123
 440.815896 -1.323679
 441.324921 -1.350477
 441.833946 -1.318458
 442.342971 -1.342640
 442.851997 -1.267244
 443.361022 -1.298499
 443.870047 -1.344721
 444.379073 -1.354870
 444.888098 -1.359185
 445.397123 -1.351834
 445.906148 -1.308521
 446.415174 -1.326197
 446.924199 -1.299777
 447.433224 -1.240151
 447.942250 -1.369830
 448.451275 -1.343436
 448.960300 -1.325797
 449.469325 -1.319910
 449.978351 -1.376866
 450.487376 -1.304049
 450.996401 -1.271827
 451.505427 -1.292733
 452.014452 -1.340500
 452.523477 -1.330682
 453.032502 -1.304045
 453.541528 -1.317246
 454.050553 -1.338050
 454.559578 -1.272290
 455.068604 -1.275832
 455.577629 -1.384956
 456.086654 -1.290358
 456.595679 -1.316145
 457.104705 -1.328900
 457.613730 -1.351070
 458.122755 -1.292236
 458.631780 -1.310803
 459.140806 -1.294402
 459.649831 -1.342092
 460.158856 -1.325894
 460.667882 -1.287789
 461.176907 -1.243717
 461.685932 -1.333703
 462.194957 -1.332035
 462.703983 -1.379240
 463.213008 -1.276930
 463.722033 -1.298318
 464.231059 -1.319328
 464.740084 -1.336103
 465.249109 -1.379645
 465.758134 -1.332072
 466.267160 -1.321606
 466.776185 -1.271037
 467.285210 -1.267919
 467.794236 -1.345168
 468.303261 -1.322197
 468.812286 -1.287915
 469.321311 -1.274822
 469.830337 -1.343115
 470.339362 -1.354623
 470.848387 -1.304676
 471.357413 -1.319258
 471.866438 -1.334947
 472.375463 -1.298325
 472.884488 -1.354249
 473.393514 -1.315009
 473.902539 -1.353286
 474.411564 -1.388056
 474.920590 -1.330428
 475.429615 -1.338222
 475.938640 -1.311896
 476.447665 -1.268726
 476.956691 -1.223279
 477.465716 -1.367175
 477.974741 -1.353464
 478.483767 -1.214713
 478.992792 -1.315880
 479.501817 -1.315750
 480.010842 -1.325440
 480.519868 -1.299955
 481.028893 -1.325111
 481.537918 -1.283759
 482.046944 -1.273156
 482.555969 -1.371166
 483.064994 -1.323639
 483.574019 -1.307333
 484.083045 -1.385915
 484.592070 -1.318621
 485.101095 -1.272491
 485.610121 -1.305510
 486.119146 -1.356367
 486.628171 -1.348623
 487.137196 -1.267424
 487.646222 -1.274370
 488.155247 -1.338028
 488.664272 -1.396598
 489.173297 -1.352101
 489.682323 -1.294020
 490.191348 -1.348785
 490.700373 -1.363788
 491.209399 -1.320948
 491.718424 -1.317650
 492.227449 -1.326536
 492.736474 -1.375897
 493.245500 -1.287443
 493.754525 -1.345066
 494.263550 -1.315191
 494.772576 -1.307051
 495.281601 -1.248448
 495.790626 -1.313001
 496.299651 -1.325322
 496.808677 -1.274884
 497.317702 -1.379741
 497.826727 -1.384341
 498.335753 -1.223664
 498.844778 -1.343230
 499.353803 -1.365414
 499.862828 -1.330501
 500.371854 -1.288461
 500.880879 -1.304954
 501.389904 -1.320769
 501.898930 -1.276588
 502.407955 -1.327572
 502.916980 -1.325519
 503.426005 -1.242495
 503.935031 -1.331304
 504.444056 -1.362941
 504.953081 -1.333723
 505.462107 -1.244225
 505.971132 -1.322449
 506.480157 -1.409865
 506.989182 -1.360889
 507.498208 -1.305751
 508.007233 -1.267689
 508.516258 -1.307343
 509.025284 -1.321530
 509.534309 -1.266553
 510.043334 -1.352546
 510.552359 -1.359487
 511.061385 -1.310303
 511.570410 -1.270336
 512.079435 -1.324026
 512.588461 -1.337805
 513.097486 -1.308401
 513.606511 -1.305670
 514.115536 -1.324014
 514.624562 -1.328224
 515.133587 -1.371625
 515.642612 -1.297362
 516.151638 -1.319164
 516.660663 -1.396985
 517.169688 -1.336001
 517.678713 -1.216186
 518.187739 -1.308567
 518.696764 -1.324505
 519.205789 -1.342046
 519.714815 -1.316279
 520.223840 -1.265920
 520.732865 -1.269976
 521.241890 -1.351511
 521.750916 -1.336596
 522.259941 -1.303135
 522.768966 -1.252091
 523.277991 -1.329915
 523.787017 -1.363587
 524.296042 -1.281133
 524.805067 -1.288427
 525.314093 -1.379669
 525.823118 -1.303613
 526.332143 -1.291264
 526.841168 -1.255984
 527.350194 -1.326457
 527.859219 -1.280889
 528.368244 -1.278060
 528.877270 -1.293986
 529.386295 -1.336829
 529.895320 -1.376318
 530.404345 -1.363650
 530.913371 -1.340611
 531.422396 -1.250259
 531.931421 -1.285116
 532.440447 -1.378653
 532.949472 -1.336150
 533.458497 -1.262361
 533.967522 -1.291003
 534.476548 -1.303760
 534.985573 -1.331911
 535.494598 -1.333441
 536.003624 -1.292360
 536.512649 -1.311939
 537.021674 -1.304526
 537.530699 -1.293486
 538.039725 -1.296715
 538.548750 -1.359602
 539.057775 -1.402556
 539.566801 -1.323676
 540.075826 -1.261828
 540.584851 -1.332050
 541.093876 -1.338910
 541.602902 -1.321848
 542.111927 -1.279304
 542.620952 -1.276253
 543.129978 -1.296202
 543.639003 -1.372731
 544.148028 -1.360610
 544.657053 -1.303136
 545.166079 -1.381025
 545.675104 -1.278117
 546.184129 -1.304156
 546.693155 -1.371535
 547.202180 -1.322475
 547.711205 -1.273972
 548.220230 -1.359808
 548.729256 -1.365658
 549.238281 -1.272016
 549.747306 -1.321993
 550.256332 -1.351509
 550.765357 -1.275273
 551.274382 -1.312495
 551.783407 -1.324696
 552.292433 -1.329311
 552.801458 -1.334154
 553.310483 -1.265196
 553.819509 -1.301876
 554.328534 -1.308636
 554.837559 -1.299610
 555.346584 -1.301452
 555.855610 -1.315706
 556.364635 -1.384046
 556.873660 -1.288929
 557.382685 -1.268554
 557.891711 -1.307088
 558.400736 -1.314723
 558.909761 -1.329512
 559.418787 -1.278054
 559.927812 -1.266852
 560.436837 -1.320559
 560.945862 -1.372809
 561.454888 -1.289294
 561.963913 -1.279257
 562.472938 -1.297477
 562.981964 -1.348373
 563.490989 -1.333157
 564.000014 -1.379517
 564.509039 -1.330809
 565.018065 -1.257400
 565.527090 -1.305552
 566.036115 -1.338119
 566.545141 -1.281504
 567.054166 -1.290567
 567.563191 -1.292057
 568.072216 -1.302190
 568.581242 -1.347208
 569.090267 -1.320316
 569.599292 -1.413716
 570.108318 -1.262262
 570.617343 -1.284643
 571.126368 -1.347226
 571.635393 -1.325456
 572.144419 -1.362732
 572.653444 -1.333002
 573.162469 -1.270183
 573.671495 -1.335498
 574.180520 -1.365522
 574.689545 -1.282888
 575.198570 -1.307633
 575.707596 -1.339882
 576.216621 -1.324475
 576.725646 -1.300864
 577.234672 -1.330182
 577.743697 -1.305387
 578.252722 -1.276202
 578.761747 -1.267249
 579.270773 -1.283461
 579.779798 -1.359597
 580.288823 -1.307463
 580.797849 -1.232783
 581.306874 -1.327548
 581.815899 -1.365737
 582.324924 -1.274642
 582.833950 -1.280893
 583.342975 -1.325018
 583.852000 -1.320791
 584.361026 -1.365963
 584.870051 -1.283126
 585.379076 -1.286197
 585.888101 -1.303552
 586.397127 -1.313057
 586.906152 -1.272586
 587.415177 -1.338549
 587.924203 -1.321859
 588.433228 -1.318561
 588.942253 -1.289826
 589.451278 -1.286675
 589.960304 -1.304007
 590.469329 -1.351149
 590.978354 -1.311466
 591.487379 -1.215675
 591.996405 -1.300055
 592.505430 -1.344157
 593.014455 -1.278194
 593.523481 -1.307226
 594.032506 -1.400735
 594.541531 -1.312449
 595.050556 -1.356524
 595.559582 -1.322443
 596.068607 -1.365337
 596.577632 -1.347324
 597.086658 -1.308123
 597.595683 -1.293616
 598.104708 -1.278984
 598.613733 -1.348749
 599.122759 -1.280004
 599.631784 -1.321940
 600.140809 -1.405687
 600.649835 -1.345538
 601.158860 -1.318154
 601.667885 -1.332242
 602.176910 -1.269011
 602.685936 -1.308608
 603.194961 -1.376704
 603.703986 -1.320607
 604.213012 -1.245196
 604.722037 -1.356147
 605.231062 -1.413161
 605.740087 -1.336061
 606.249113 -1.286123
 606.758138 -1.256113
 607.267163 -1.366227
 607.776189 -1.333487
 608.285214 -1.302941
 608.794239 -1.287700
 609.303264 -1.313662
 609.812290 -1.323440
 610.321315 -1.310024
 610.830340 -1.315340
 611.339366 -1.307606
 611.848391 -1.336856
 612.357416 -1.342790
 612.866441 -1.339979
 613.375467 -1.248489
 613.884492 -1.344510
 614.393517 -1.334497
 614.902543 -1.271948
 615.411568 -1.330873
 615.920593 -1.348588
 616.429618 -1.350478
 616.938644 -1.278712
 617.447669 -1.319700
 617.956694 -1.351746
 618.465720 -1.336004
 618.974745 -1.331061
 619.483770 -1.323466
 619.992795 -1.302310
 620.501821 -1.367878
 621.010846 -1.296300
 621.519871 -1.292536
 622.028897 -1.327992
 622.537922 -1.336771
 623.046947 -1.300515
 623.555972 -1.333270
 624.064998 -1.240896
 624.574023 -1.326100
 625.083048 -1.380425
 625.592073 -1.251959
 626.101099 -1.318105
 626.610124 -1.270417
 627.119149 -1.276147
 627.628175 -1.335973
 628.137200 -1.355342
 628.646225 -1.310999
 629.155250 -1.319507
 629.664276 -1.300838
 630.173301 -1.293100
 630.682326 -1.282632
 631.191352 -1.263585
 631.700377 -1.354540
 632.209402 -1.389747
 632.718427 -1.311046
 633.227453 -1.253079
 633.736478 -1.291297
 634.245503 -1.340343
 634.754529 -1.359476
 635.263554 -1.269482
 635.772579 -1.248138
 636.281604 -1.276909
 636.790630 -1.308004
 637.299655 -1.348308
 637.808680 -1.293333
 638.317706 -1.254172
 638.826731 -1.376226
 639.335756 -1.346297
 639.844781 -1.269317
 640.353807 -1.330683
 640.862832 -1.365364
 641.371857 -1.256001
 641.880883 -1.293254
 642.389908 -1.367155
 642.898933 -1.312469
 643.407958 -1.279172
 643.916984 -1.270500
 644.426009 -1.277333
 644.935034 -1.352373
 645.444060 -1.392534
 645.953085 -1.327915
 646.462110 -1.265407
 646.971135 -1.301246
 647.480161 -1.333995
 647.989186 -1.343138
 648.498211 -1.331570
 649.007237 -1.393307
 649.516262 -1.259422
 650.025287 -1.313223
 650.534312 -1.316511
 651.043338 -1.363937
 651.552363 -1.305004
 652.061388 -1.323024
 652.570414 -1.331051
 653.079439 -1.297036
 653.588464 -1.312414
 654.097489 -1.307547
 654.606515 -1.313983
 655.115540 -1.332746
 655.624565 -1.281515
 656.133591 -1.346981
 656.642616 -1.352703
 657.151641 -1.262866
 657.660666 -1.275252
 658.169692 -1.326652
 658.678717 -1.354619
 659.187742 -1.253514
 659.696767 -1.338048
 660.205793 -1.341482
 660.714818 -1.289905
 661.223843 -1.327092
 661.732869 -1.309490
 662.241894 -1.281456
 662.750919 -1.408630
 663.259944 -1.324930
 663.768970 -1.348976
 664.277995 -1.293192
 664.787020 -1.316789
 665.296046 -1.264971
 665.805071 -1.261919
 666.314096 -1.346702
 666.823121 -1.360025
 667.332147 -1.288004
 667.841172 -1.282790
 668.350197 -1.388532
 668.859223 -1.282950
 669.368248 -1.343613
 669.877273 -1.301413
 670.386298 -1.350651
 670.895324 -1.283824
 671.404349 -1.288169
 671.913374 -1.376056
 672.422400 -1.342674
 672.931425 -1.330574
 673.440450 -1.263054
 673.949475 -1.314643
 674.458501 -1.369508
 674.967526 -1.284790
 675.476551 -1.251266
 675.985577 -1.321398
 676.494602 -1.371010
 677.003627 -1.328758
 677.512652 -1.325936
 678.021678 -1.299236
 678.530703 -1.312520
 679.039728 -1.345213
 679.548754 -1.309100
 680.057779 -1.279936
 680.566804 -1.370596
 681.075829 -1.322484
 681.584855 -1.289335
 682.093880 -1.257866
 682.602905 -1.330743
 683.111931 -1.319686
 683.620956 -1.358117
 684.129981 -1.354874
 684.639006 -1.325101
 685.148032 -1.250802
 685.657057 -1.251145
 686.166082 -1.312660
 686.675108 -1.301018
 687.184133 -1.321685
 687.693158 -1.313709
 688.202183 -1.427047
 688.711209 -1.357892
 689.220234 -1.373728
 689.729259 -1.268606
 690.238285 -1.249899
 690.747310 -1.330906
 691.256335 -1.338333
 691.765360 -1.357249
 692.274386 -1.261292
 692.783411 -1.294062
 693.292436 -1.354435
 693.801461 -1.414143
 694.310487 -1.386047
 694.819512 -1.253211
 695.328537 -1.335123
 695.837563 -1.329911
 696.346588 -1.345163
 696.855613 -1.290925
 697.364638 -1.290804
 697.873664 -1.335057
 698.382689 -1.330690
 698.891714 -1.238780
 699.400740 -1.299477
 699.909765 -1.322265
 700.418790 -1.306962
 700.927815 -1.291737
 701.436841 -1.276965
 701.945866 -1.280010
 702.454891 -1.342224
 702.963917 -1.326979
 703.472942 -1.299710
 703.981967 -1.322329
 704.490992 -1.334756
 705.000018 -1.386031
 705.509043 -1.303577
 706.018068 -1.266246
 706.527094 -1.345696
 707.036119 -1.352244
 707.545144 -1.348089
 708.054169 -1.339954
 708.563195 -1.311581
 709.072220 -1.325844
 709.581245 -1.358701
 710.090271 -1.304678
 710.599296 -1.290391
 711.108321 -1.344234
 711.617346 -1.322623
 712.126372 -1.314097
 712.635397 -1.384972
 713.144422 -1.321298
 713.653448 -1.296403
 714.162473 -1.346431
 714.671498 -1.313599
 715.180523 -1.269468
 715.689549 -1.354780
 716.198574 -1.314257
 716.707599 -1.240818
 717.216625 -1.305312
 717.725650 -1.366198
 718.234675 -1.301934
 718.743700 -1.286430
 719.252726 -1.371141
 719.761751 -1.402025
 720.270776 -1.364595
 720.779802 -1.390261
 721.288827 -1.237078
 721.797852 -1.233854
 722.306877 -1.356945
 722.815903 -1.334867
 723.324928 -1.358450
 723.833953 -1.337289
 724.342979 -1.344750
 724.852004 -1.358545
 725.361029 -1.280234
 725.870054 -1.259289
 726.379080 -1.362524
 726.888105 -1.340460
 727.397130 -1.290609
 727.906155 -1.329420
 728.415181 -1.312963
 728.924206 -1.324857
 729.433231 -1.293014
 729.942257 -1.373455
 730.451282 -1.291460
 730.960307 -1.231601
 731.469332 -1.376313
 731.978358 -1.344180
 732.487383 -1.335924
 732.996408 -1.262888
 733.505434 -1.326145
 734.014459 -1.274895
 734.523484 -1.345475
 735.032509 -1.270526
 735.541535 -1.309431
 736.050560 -1.316894
 736.559585 -1.386222
 737.068611 -1.340699
 737.577636 -1.254276
 738.086661 -1.292911
 738.595686 -1.378555
 739.104712 -1.374979
 739.613737 -1.281064
 740.122762 -1.244002
 740.631788 -1.372922
 741.140813 -1.314572
 741.649838 -1.246795
 742.158863 -1.308042
 742.667889 -1.343116
 743.176914 -1.329497
 743.685939 -1.302582
 744.194965 -1.304180
 744.703990 -1.289220
 745.213015 -1.287162
 745.722040 -1.381164
 746.231066 -1.361784
 746.740091 -1.327423
 747.249116 -1.278186
 747.758142 -1.299692
 748.267167 -1.333222
 748.776192 -1.314839
 749.285217 -1.340971
 749.794243 -1.333205
 750.303268 -1.292555
 750.812293 -1.297969
 751.321319 -1.318122
 751.830344 -1.369014
 752.339369 -1.312451
 752.848394 -1.350340
 753.357420 -1.310539
 753.866445 -1.220822
 754.375470 -1.283905
 754.884496 -1.309514
 755.393521 -1.306690
 755.902546 -1.284305
 756.411571 -1.299042
 756.920597 -1.365226
 757.429622 -1.364791
 757.938647 -1.344767
 758.447673 -1.266820
 758.956698 -1.321019
 759.465723 -1.333906
 759.974748 -1.351234
 760.483774 -1.260751
 760.992799 -1.322142
 761.501824 -1.343732
 762.010849 -1.331796
 762.519875 -1.298932
 763.028900 -1.358428
 763.537925 -1.392659
 764.046951 -1.360620
 764.555976 -1.341996
 765.065001 -1.288783
 765.574026 -1.330529
 766.083052 -1.322167
 766.592077 -1.298119
 767.101102 -1.367049
 767.610128 -1.353838
 768.119153 -1.299565
 768.628178 -1.328112
 769.137203 -1.323248
 769.646229 -1.384592
 770.155254 -1.319263
 770.664279 -1.331760
 771.173305 -1.312659
 771.682330 -1.305771
 772.191355 -1.354113
 772.700380 -1.282758
 773.209406 -1.318775
 773.718431 -1.342351
 774.227456 -1.323951
 774.736482 -1.281350
 775.245507 -1.319589
 775.754532 -1.313502
 776.263557 -1.323821
 776.772583 -1.299255
 777.281608 -1.328734
 777.790633 -1.330855
 778.299659 -1.307027
 778.808684 -1.347913
 779.317709 -1.316161
 779.826734 -1.284280
 780.335760 -1.308120
 780.844785 -1.320704
 781.353810 -1.303126
 781.862836 -1.295510
 782.371861 -1.298759
 782.880886 -1.317579
 783.389911 -1.313501
 783.898937 -1.281452
 784.407962 -1.310598
 784.916987 -1.333406
 785.426013 -1.287301
 785.935038 -1.305907
 786.444063 -1.272749
 786.953088 -1.299436
 787.462114 -1.326465
 787.971139 -1.285483
 788.480164 -1.330103
 788.989190 -1.307404
 789.498215 -1.278425
 790.007240 -1.259243
 790.516265 -1.307415
 791.025291 -1.307036
 791.534316 -1.265243
 792.043341 -1.292620
 792.552366 -1.340861
 793.061392 -1.346643
 793.570417 -1.344172
 794.079442 -1.326928
 794.588468 -1.361393
 795.097493 -1.284400
 795.606518 -1.319771
 796.115543 -1.321072
 796.624569 -1.340678
 797.133594 -1.325401
 797.642619 -1.271912
 798.151645 -1.291264
 798.660670 -1.343461
 799.169695 -1.325812
 799.678720 -1.299310
 800.187746 -1.316065
 800.696771 -1.296074
 801.205796 -1.264248
 801.714822 -1.308633
 802.223847 -1.370616
 802.732872 -1.387821
 803.241897 -1.304851
 803.750923 -1.262199
 804.259948 -1.295671
 804.768973 -1.332055
 805.277999 -1.267312
 805.787024 -1.264362
 806.296049 -1.345011
 806.805074 -1.349729
 807.314100 -1.320250
 807.823125 -1.378951
 808.332150 -1.334246
 808.841176 -1.266210
 809.350201 -1.329034
 809.859226 -1.326908
 810.368251 -1.281802
 810.877277 -1.307728
 811.386302 -1.248765
 811.895327 -1.297078
 812.404353 -1.357515
 812.913378 -1.362507
 813.422403 -1.293804
 813.931428 -1.277082
 814.440454 -1.283814
 814.949479 -1.236297
 815.458504 -1.277773
 815.967530 -1.280066
 816.476555 -1.326482
 816.985580 -1.395471
 817.494605 -1.300956
 818.003631 -1.277848
 818.512656 -1.305681
 819.021681 -1.309384
 819.530707 -1.255395
 820.039732 -1.287168
 820.548757 -1.379500
 821.057782 -1.325356
 821.566808 -1.273824
 822.075833 -1.300616
 822.584858 -1.289286
 823.093884 -1.304117
 823.602909 -1.372005
 824.111934 -1.267535
 824.620959 -1.297915
 825.129985 -1.325441
 825.639010 -1.282152
 826.148035 -1.249990
 826.657060 -1.361706
 827.166086 -1.343904
 827.675111 -1.342274
 828.184136 -1.274469
 828.693162 -1.265494
 829.202187 -1.360500
 829.711212 -1.307277
 830.220237 -1.297171
 830.729263 -1.332450
 831.238288 -1.321702
 831.747313 -1.351631
 832.256339 -1.334241
 832.765364 -1.329924
 833.274389 -1.306414
 833.783414 -1.333854
 834.292440 -1.273630
 834.801465 -1.270783
 835.310490 -1.333662
 835.819516 -1.267691
 836.328541 -1.359725
 836.837566 -1.329958
 837.346591 -1.352808
 837.855617 -1.371400
 838.364642 -1.319889
 838.873667 -1.330191
 839.382693 -1.313318
 839.891718 -1.298437
 840.400743 -1.331127
 840.909768 -1.297481
 841.418794 -1.291930
 841.927819 -1.328139
 842.436844 -1.325693
 842.945870 -1.314297
 843.454895 -1.264152
 843.963920 -1.306635
 844.472945 -1.317299
 844.981971 -1.332842
 845.490996 -1.326472
 846.000021 -1.322628
 846.509047 -1.279004
 847.018072 -1.325571
 847.527097 -1.294437
 848.036122 -1.296323
 848.545148 -1.308962
 849.054173 -1.271901
 849.563198 -1.305798
 850.072224 -1.330345
 850.581249 -1.323330
 851.090274 -1.300482
 851.599299 -1.297866
 852.108325 -1.329064
 852.617350 -1.291699
 853.126375 -1.333602
 853.635401 -1.329054
 854.144426 -1.290423
 854.653451 -1.384774
 855.162476 -1.373033
 855.671502 -1.230144
 856.180527 -1.311964
 856.689552 -1.361359
 857.198578 -1.275176
 857.707603 -1.324305
 858.216628 -1.356242
 858.725653 -1.305261
 859.234679 -1.259459
 859.743704 -1.381705
 860.252729 -1.311002
 860.761754 -1.323504
 861.270780 -1.291817
 861.779805 -1.378894
 862.288830 -1.334459
 862.797856 -1.350985
 863.306881 -1.335133
 863.815906 -1.369263
 864.324931 -1.293920
 864.833957 -1.279497
 865.342982 -1.337732
 865.852007 -1.380981
 866.361033 -1.297548
 866.870058 -1.344350
 867.379083 -1.323194
 867.888108 -1.295809
 868.397134 -1.334346
 868.906159 -1.295707
 869.415184 -1.320066
 869.924210 -1.298314
 870.433235 -1.293177
 870.942260 -1.323153
 871.451285 -1.342408
 871.960311 -1.286340
 872.469336 -1.276915
 872.978361 -1.353744
 873.487387 -1.347931
 873.996412 -1.351283
 874.505437 -1.272138
 875.014462 -1.260411
 875.523488 -1.342329
 876.032513 -1.387685
 876.541538 -1.368788
 877.050564 -1.342956
 877.559589 -1.287428
 878.068614 -1.301704
 878.577639 -1.356255
 879.086665 -1.351351
 879.595690 -1.306325
 880.104715 -1.323970
 880.613741 -1.297360
 881.122766 -1.326405
 881.631791 -1.356547
 882.140816 -1.291886
 882.649842 -1.301693
 883.158867 -1.363805
 883.667892 -1.388489
 884.176918 -1.271444
 884.685943 -1.322598
 885.194968 -1.292208
 885.703993 -1.347696
 886.213019 -1.340942
 886.722044 -1.319971
 887.231069 -1.295115
 887.740095 -1.291340
 888.249120 -1.332918
 888.758145 -1.313878
 889.267170 -1.311517
 889.776196 -1.326109
 890.285221 -1.309900
 890.794246 -1.280695
 891.303272 -1.340068
 891.812297 -1.374461
 892.321322 -1.291141
 892.830347 -1.295677
 893.339373 -1.274479
 893.848398 -1.384347
 894.357423 -1.335239
 894.866448 -1.269329
 895.375474 -1.269082
 895.884499 -1.299882
 896.393524 -1.308445
 896.902550 -1.286483
 897.411575 -1.298727
 897.920600 -1.356951
 898.429625 -1.301480
 898.938651 -1.356154
 899.447676 -1.358278
 899.956701 -1.390152
 900.465727 -1.343995
 900.974752 -1.221279
 901.483777 -1.264441
 901.992802 -1.408428
 902.501828 -1.347608
 903.010853 -1.215191
 903.519878 -1.321516
 904.028904 -1.319790
 904.537929 -1.348580
 905.046954 -1.332465
 905.555979 -1.349351
 906.065005 -1.301971
 906.574030 -1.278484
 907.083055 -1.337998
 907.592081 -1.261217
 908.101106 -1.279828
 908.610131 -1.318300
 909.119156 -1.345333
 909.628182 -1.316794
 910.137207 -1.324259
 910.646232 -1.381145
 911.155258 -1.268570
 911.664283 -1.355420
 912.173308 -1.390555
 912.682333 -1.312973
 913.191359 -1.340336
 913.700384 -1.310670
 914.209409 -1.272590
 914.718435 -1.365940
 915.227460 -1.400374
 915.736485 -1.311803
 916.245510 -1.307162
 916.754536 -1.283682
 917.263561 -1.332042
 917.772586 -1.329565
 918.281612 -1.256624
 918.790637 -1.304520
 919.299662 -1.343584
 919.808687 -1.343121
 920.317713 -1.294360
 920.826738 -1.311414
 921.335763 -1.338246
 921.844789 -1.333182
 922.353814 -1.224652
 922.862839 -1.260484
 923.371864 -1.364768
 923.880890 -1.355425
 924.389915 -1.266110
 924.898940 -1.269080
 925.407966 -1.328712
 925.916991 -1.283381
 926.426016 -1.345693
 926.935041 -1.305231
 927.444067 -1.270786
 927.953092 -1.322620
 928.462117 -1.344206
 928.971142 -1.378034
 929.480168 -1.301667
 929.989193 -1.372123
 930.498218 -1.340389
 931.007244 -1.312473
 931.516269 -1.377532
 932.025294 -1.312426
 932.534319 -1.350764
 933.043345 -1.332677
 933.552370 -1.366608
 934.061395 -1.317049
 934.570421 -1.283937
 935.079446 -1.323369
 935.588471 -1.378456
 936.097496 -1.313550
 936.606522 -1.258380
 937.115547 -1.307473
 937.624572 -1.318578
 938.133598 -1.297157
 938.642623 -1.314880
 939.151648 -1.299854
 939.660673 -1.293263
 940.169699 -1.326263
 940.678724 -1.339208
 941.187749 -1.275640
 941.696775 -1.342269
 942.205800 -1.414972
 942.714825 -1.286550
 943.223850 -1.228376
 943.732876 -1.287020
 944.241901 -1.403505
 944.750926 -1.292042
 945.259952 -1.365148
 945.768977 -1.357074
 946.278002 -1.303066
 946.787027 -1.313415
 947.296053 -1.309509
 947.805078 -1.283006
 948.314103 -1.256733
 948.823129 -1.342636
 949.332154 -1.333480
 949.841179 -1.304717
 950.350204 -1.298853
 950.859230 -1.360966
 951.368255 -1.284191
 951.877280 -1.321893
 952.386306 -1.337650
 952.895331 -1.319758
 953.404356 -1.323843
 953.913381 -1.300636
 954.422407 -1.317247
 954.931432 -1.347741
 955.440457 -1.316615
 955.949483 -1.292049
 956.458508 -1.286220
 956.967533 -1.299633
 957.476558 -1.360098
 957.985584 -1.287059
 958.494609 -1.322358
 959.003634 -1.331446
 959.512660 -1.313015
 960.021685 -1.312382
 960.530710 -1.345590
 961.039735 -1.297557
 961.548761 -1.316278
 962.057786 -1.331520
 962.566811 -1.279546
 963.075836 -1.313678
 963.584862 -1.347499
 964.093887 -1.317982
 964.602912 -1.354706
 965.111938 -1.312523
 965.620963 -1.245614
 966.129988 -1.341087
 966.639013 -1.396913
 967.148039 -1.270061
 967.657064 -1.281470
 968.166089 -1.326157
 968.675115 -1.290885
 969.184140 -1.302900
 969.693165 -1.348373
 970.202190 -1.305671
 970.711216 -1.277994
 971.220241 -1.313274
 971.729266 -1.387514
 972.238292 -1.359674
 972.747317 -1.292080
 973.256342 -1.341927
 973.765367 -1.313052
 974.274393 -1.337911
 974.783418 -1.295233
 975.292443 -1.280292
 975.801469 -1.287719
 976.310494 -1.334170
 976.819519 -1.317038
 977.328544 -1.279639
 977.837570 -1.294013
 978.346595 -1.306278
 978.855620 -1.304163
 979.364646 -1.304501
 979.873671 -1.290707
 980.382696 -1.333188
 980.891721 -1.304547
 981.400747 -1.358090
 981.909772 -1.311811
 982.418797 -1.302061
 982.927823 -1.378344
 983.436848 -1.300523
 983.945873 -1.282942
 984.454898 -1.290139
 984.963924 -1.394321
 985.472949 -1.366628
 985.981974 -1.313258
 986.491000 -1.315280
 987.000025 -1.294087
 987.509050 -1.313311
 988.018075 -1.321366
 988.527101 -1.293169
 989.036126 -1.281513
 989.545151 -1.348341
 990.054177 -1.314599
 990.563202 -1.233146
 991.072227 -1.288061
 991.581252 -1.371733
 992.090278 -1.389170
 992.599303 -1.328495
 993.108328 -1.312480
 993.617354 -1.339934
 994.126379 -1.340534
 994.635404 -1.248496
 995.144429 -1.316140
 995.653455 -1.301443
 996.162480 -1.323482
 996.671505 -1.288780
 997.180530 -1.297445
 997.689556 -1.380149
 998.198581 -1.326740
 998.707606 -1.366798
 999.216632 -1.310374
 999.725657 -1.318597
 1000.234682 -1.315728
 1000.743707 -1.351400
 1001.252733 -1.341383
 1001.761758 -1.299274
 1002.270783 -1.255812
 1002.779809 -1.356601
 1003.288834 -1.374362
 1003.797859 -1.359662
 1004.306884 -1.307024
 1004.815910 -1.280425
 1005.324935 -1.336147
 1005.833960 -1.346933
 1006.342986 -1.348623
 1006.852011 -1.264879
 1007.361036 -1.298961
 1007.870061 -1.321663
 1008.379087 -1.352977
 1008.888112 -1.363631
 1009.397137 -1.357459
 1009.906163 -1.319216
 1010.415188 -1.315987
 1010.924213 -1.399845
 1011.433238 -1.339931
 1011.942264 -1.364722
 1012.451289 -1.286061
 1012.960314 -1.365831
 1013.469340 -1.320697
 1013.978365 -1.363713
 1014.487390 -1.268147
 1014.996415 -1.315445
 1015.505441 -1.264266
 1016.014466 -1.286693
 1016.523491 -1.340844
 1017.032517 -1.339343
 1017.541542 -1.268581
 1018.050567 -1.322339
