#! FIELDS time cv
 0.000000 -2.121593
 0.509025 -2.250459
 1.018051 -2.404590
 1.527076 -2.361741
 2.036101 -2.220403
 2.545126 -2.315067
 3.054152 -2.413657
 3.563177 -2.361114
 4.072202 -2.258868
 4.581228 -2.267884
 5.090253 -2.338060
 5.599278 -2.317549
 6.108303 -2.234922
 6.617329 -2.299143
 7.126354 -2.340820
 7.635379 -2.297112
 8.144405 -2.312645
 8.653430 -2.297176
 9.162455 -2.307873
 9.671480 -2.354929
 10.180506 -2.334783
 10.689531 -2.308499
 11.198556 -2.295759
 11.707582 -2.323349
 12.216607 -2.317366
 12.725632 -2.333348
 13.234657 -2.304749
 13.743683 -2.265900
 14.252708 -2.381848
 14.761733 -2.340581
 15.270759 -2.325097
 15.779784 -2.313307
 16.288809 -2.356175
 16.797834 -2.393873
 17.306860 -2.312479
 17.815885 -2.303483
 18.324910 -2.340391
 18.833935 -2.294501
 19.342961 -2.307577
 19.851986 -2.323302
 20.361011 -2.317163
 20.870037 -2.293653
 21.379062 -2.335313
 21.888087 -2.328201
 22.397112 -2.326759
 22.906138 -2.320969
 23.415163 -2.329927
 23.924188 -2.342267
 24.433214 -2.293837
 24.942239 -2.328283
 25.451264 -2.324686
 25.960289 -2.316402
 26.469315 -2.266935
 26.978340 -2.316690
 27.487365 -2.314571
 27.996391 -2.332645
 28.505416 -2.356275
 29.014441 -2.353627
 29.523466 -2.321912
 30.032492 -2.338109
 30.541517 -2.315285
 31.050542 -2.285270
 31.559568 -2.327679
 32.068593 -2.346321
 32.577618 -2.301641
 33.086643 -2.275434
 33.595669 -2.280205
 34.104694 -2.398723
 34.613719 -2.420525
 35.122745 -2.298287
 35.631770 -2.267304
 36.140795 -2.286068
 36.649820 -2.340991
 37.158846 -2.350805
 37.667871 -2.297583
 38.176896 -2.318185
 38.685922 -2.316877
 39.194947 -2.310776
 39.703972 -2.338794
 40.212997 -2.278992
 40.722023 -2.297260
 41.231048 -2.374248
 41.740073 -2.273664
 42.249099 -2.272256
 42.758124 -2.333356
 43.267149 -2.390472
 43.776174 -2.329279
 44.285200 -2.240079
 44.794225 -2.295900
 45.303250 -2.338148
 45.812276 -2.349881
 46.321301 -2.298754
 46.830326 -2.324805
 47.339351 -2.275977
 47.848377 -2.377780
 48.357402 -2.267774
 48.866427 -2.377207
 49.375453 -2.348704
 49.884478 -2.292202
 50.393503 -2.290530
 50.902528 -2.347525
 51.411554 -2.255524
 51.920579 -2.344404
 52.429604 -2.339941
 52.938629 -2.345901
 53.447655 -2.304715
 53.956680 -2.279954
 54.465705 -2.303791
 54.974731 -2.343209
 55.483756 -2.334983
 55.992781 -2.310004
 56.501806 -2.299416
 57.010832 -2.287527
 57.519857 -2.287661
 58.028882 -2.308983
 58.537908 -2.388623
 59.046933 -2.286170
 59.555958 -2.284211
 60.064983 -2.339772
 60.574009 -2.327502
 61.083034 -2.318974
 61.592059 -2.375424
 62.101085 -2.314253
 62.610110 -2.276781
 63.119135 -2.345114
 63.628160 -2.392142
 64.137186 -2.317298
 64.646211 -2.253778
 65.155236 -2.272696
 65.664262 -2.363216
 66.173287 -2.289148
 66.682312 -2.315628
 67.191337 -2.367665
 67.700363 -2.299997
 68.209388 -2.322568
 68.718413 -2.353028
 69.227439 -2.307281
 69.736464 -2.308538
 70.245489 -2.326885
 70.754514 -2.275272
 71.263540 -2.318245
 71.772565 -2.383965
 72.281590 -2.308289
 72.790616 -2.316407
 73.299641 -2.296033
 73.808666 -2.215597
 74.317691 -2.265537
 74.826717 -2.394934
 75.335742 -2.350577
 75.844767 -2.297115
 76.353793 -2.298030
 76.862818 -2.371500
 77.371843 -2.317845
 77.880868 -2.264797
 78.389894 -2.291669
 78.898919 -2.421703
 79.407944 -2.376207
 79.916970 -2.243430
 80.425995 -2.263356
 80.935020 -2.405968
 81.444045 -2.357231
 81.953071 -2.275628
 82.462096 -2.266447
 82.971121 -2.355952
 83.480147 -2.354220
 83.989172 -2.335553
 84.498197 -2.266860
 85.007222 -2.291297
 85.516248 -2.343616
 86.025273 -2.373427
 86.534298 -2.393555
 87.043323 -2.271768
 87.552349 -2.330016
 88.061374 -2.359849
 88.570399 -2.334124
 89.079425 -2.314698
 89.588450 -2.330510
 90.097475 -2.334860
 90.606500 -2.343549
 91.115526 -2.347433
 91.624551 -2.361239
 92.133576 -2.365653
 92.642602 -2.312882
 93.151627 -2.310906
 93.660652 -2.342689
 94.169677 -2.332284
 94.678703 -2.284138
 95.187728 -2.331458
 95.696753 -2.416864
 96.205779 -2.384016
 96.714804 -2.274211
 97.223829 -2.311160
 97.732854 -2.368689
 98.241880 -2.275369
 98.750905 -2.313629
 99.259930 -2.410966
 99.768956 -2.320180
 100.277981 -2.223126
 100.787006 -2.343198
 101.296031 -2.380109
 101.805057 -2.309994
 102.314082 -2.265443
 102.823107 -2.280511
 103.332133 -2.374145
 103.841158 -2.313566
 104.350183 -2.253658
 104.859208 -2.327556
 105.368234 -2.335655
 105.877259 -2.342366
 106.386284 -2.376606
 106.895310 -2.294313
 107.404335 -2.287449
 107.913360 -2.360394
 108.422385 -2.425357
 108.931411 -2.321260
 109.440436 -2.233157
 109.949461 -2.345631
 110.458487 -2.354971
 110.967512 -2.357833
 111.476537 -2.367246
 111.985562 -2.321213
 112.494588 -2.277411
 113.003613 -2.292334
 113.512638 -2.296733
 114.021664 -2.326156
 114.530689 -2.341069
 115.039714 -2.302754
 115.548739 -2.307429
 116.057765 -2.375395
 116.566790 -2.370032
 117.075815 -2.331526
 117.584841 -2.285907
 118.093866 -2.335756
 118.602891 -2.341098
 119.111916 -2.317773
 119.620942 -2.310275
 120.129967 -2.302839
 120.638992 -2.312124
 121.148017 -2.279163
 121.657043 -2.289514
 122.166068 -2.330472
 122.675093 -2.335685
 123.184119 -2.310791
 123.693144 -2.341406
 124.202169 -2.342438
 124.711194 -2.252417
 125.220220 -2.345101
 125.729245 -2.429404
 126.238270 -2.317200
 126.747296 -2.297534
 127.256321 -2.315684
 127.765346 -2.368926
 128.274371 -2.326259
 128.783397 -2.340740
 129.292422 -2.309098
 129.801447 -2.338213
 130.310473 -2.363020
 130.819498 -2.287485
 131.328523 -2.244892
 131.837548 -2.357494
 132.346574 -2.426394
 132.855599 -2.313963
 133.364624 -2.268082
 133.873650 -2.298165
 134.382675 -2.337025
 134.891700 -2.399281
 135.400725 -2.331428
 135.909751 -2.270652
 136.418776 -2.262472
 136.927801 -2.342905
 137.436827 -2.340145
 137.945852 -2.332360
 138.454877 -2.270923
 138.963902 -2.346040
 139.472928 -2.333147
 139.981953 -2.312131
 140.490978 -2.352578
 141.000004 -2.359817
 141.509029 -2.321719
 142.018054 -2.310760
 142.527079 -2.315598
 143.036105 -2.363808
 143.545130 -2.371581
 144.054155 -2.370970
 144.563181 -2.298778
 145.072206 -2.320838
 145.581231 -2.356437
 146.090256 -2.383395
 146.599282 -2.278676
 147.108307 -2.275621
 147.617332 -2.393528
 148.126358 -2.397644
 148.635383 -2.314481
 149.144408 -2.318842
 149.653433 -2.383783
 150.162459 -2.309106
 150.671484 -2.283137
 151.180509 -2.340597
 151.689535 -2.345096
 152.198560 -2.233530
 152.707585 -2.300935
 153.216610 -2.353366
 153.725636 -2.319761
 154.234661 -2.328230
 154.743686 -2.322185
 155.252711 -2.327903
 155.761737 -2.299513
 156.270762 -2.322191
 156.779787 -2.337162
 157.288813 -2.325696
 157.797838 -2.344618
 158.306863 -2.295883
 158.815888 -2.329664
 159.324914 -2.282885
 159.833939 -2.383835
 160.342964 -2.341752
 160.851990 -2.262264
 161.361015 -2.331943
 161.870040 -2.379664
 162.379065 -2.280323
 162.888091 -2.259989
 163.397116 -2.363769
 163.906141 -2.312905
 164.415167 -2.291430
 164.924192 -2.321000
 165.433217 -2.346264
 165.942242 -2.327338
 166.451268 -2.303573
 166.960293 -2.333886
 167.469318 -2.288765
 167.978344 -2.301849
 168.487369 -2.301314
 168.996394 -2.380475
 169.505419 -2.310706
 170.014445 -2.362055
 170.523470 -2.345943
 171.032495 -2.288391
 171.541521 -2.310137
 172.050546 -2.345265
 172.559571 -2.367810
 173.068596 -2.302047
 173.577622 -2.312206
 174.086647 -2.258566
 174.595672 -2.359577
 175.104698 -2.412256
 175.613723 -2.314421
 176.122748 -2.224185
 176.631773 -2.290703
 177.140799 -2.368044
 177.649824 -2.325220
 178.158849 -2.292489
 178.667875 -2.280829
 179.176900 -2.338201
 179.685925 -2.380191
 180.194950 -2.354721
 180.703976 -2.286389
 181.213001 -2.298594
 181.722026 -2.364513
 182.231052 -2.321462
 182.740077 -2.319376
 183.249102 -2.350408
 183.758127 -2.335399
 184.267153 -2.290092
 184.776178 -2.331768
 185.285203 -2.299616
 185.794228 -2.334310
 186.303254 -2.337873
 186.812279 -2.303039
 187.321304 -2.303181
 187.830330 -2.305431
 188.339355 -2.370154
 188.848380 -2.335847
 189.357405 -2.313649
 189.866431 -2.294915
 190.375456 -2.410534
 190.884481 -2.395858
 191.393507 -2.231012
 191.902532 -2.204500
 192.411557 -2.318999
 192.920582 -2.436945
 193.429608 -2.335865
 193.938633 -2.258737
 194.447658 -2.290304
 194.956684 -2.361812
 195.465709 -2.343691
 195.974734 -2.276317
 196.483759 -2.276631
 196.992785 -2.306280
 197.501810 -2.348702
 198.010835 -2.351937
 198.519861 -2.323654
 199.028886 -2.311204
 199.537911 -2.361071
 200.046936 -2.311446
 200.555962 -2.281661
 201.064987 -2.331968
 201.574012 -2.348307
 202.083038 -2.302852
 202.592063 -2.273933
 203.101088 -2.362067
 203.610113 -2.387758
 204.119139 -2.328593
 204.628164 -2.332589
 205.137189 -2.348182
 205.646215 -2.354865
 206.155240 -2.257199
 206.664265 -2.263791
 207.173290 -2.373724
 207.682316 -2.397638
 208.191341 -2.258853
 208.700366 -2.253833
 209.209392 -2.362683
 209.718417 -2.391598
 210.227442 -2.244789
 210.736467 -2.332482
 211.245493 -2.353648
 211.754518 -2.223365
 212.263543 -2.313777
 212.772569 -2.416401
 213.281594 -2.332060
 213.790619 -2.293123
 214.299644 -2.299163
 214.808670 -2.365019
 215.317695 -2.291763
 215.826720 -2.246733
 216.335746 -2.316782
 216.844771 -2.381740
 217.353796 -2.315259
 217.862821 -2.291978
 218.371847 -2.351260
 218.880872 -2.349971
 219.389897 -2.311271
 219.898922 -2.286471
 220.407948 -2.323976
 220.916973 -2.355434
 221.425998 -2.348343
 221.935024 -2.402801
 222.444049 -2.323778
 222.953074 -2.307608
 223.462099 -2.314010
 223.971125 -2.361662
 224.480150 -2.305304
 224.989175 -2.315832
 225.498201 -2.336423
 226.007226 -2.291513
 226.516251 -2.323194
 227.025276 -2.352187
 227.534302 -2.335118
 228.043327 -2.293147
 228.552352 -2.347767
 229.061378 -2.351534
 229.570403 -2.315607
 230.079428 -2.236531
 230.588453 -2.308773
 231.097479 -2.371259
 231.606504 -2.342874
 232.115529 -2.325235
 232.624555 -2.318940
 233.133580 -2.296625
 233.642605 -2.338583
 234.151630 -2.321301
 234.660656 -2.354127
 235.169681 -2.333579
 235.678706 -2.282207
 236.187732 -2.277512
 236.696757 -2.319392
 237.205782 -2.310219
 237.714807 -2.360939
 238.223833 -2.278698
 238.732858 -2.301237
 239.241883 -2.346459
 239.750909 -2.404430
 240.259934 -2.314962
 240.768959 -2.274525
 241.277984 -2.260166
 241.787010 -2.381406
 242.296035 -2.426571
 242.805060 -2.369555
 243.314086 -2.288544
 243.823111 -2.268193
 244.332136 -2.354758
 244.841161 -2.358136
 245.350187 -2.315904
 245.859212 -2.336621
 246.368237 -2.342446
 246.877263 -2.349592
 247.386288 -2.310028
 247.895313 -2.337060
 248.404338 -2.365678
 248.913364 -2.321171
 249.422389 -2.319306
 249.931414 -2.352446
 250.440440 -2.348307
 250.949465 -2.310356
 251.458490 -2.330356
 251.967515 -2.386089
 252.476541 -2.278854
 252.985566 -2.352900
 253.494591 -2.347291
 254.003616 -2.338930
 254.512642 -2.307734
 255.021667 -2.300044
 255.530692 -2.332697
 256.039718 -2.343225
 256.548743 -2.307393
 257.057768 -2.301138
 257.566793 -2.440748
 258.075819 -2.397528
 258.584844 -2.276582
 259.093869 -2.284645
 259.602895 -2.376595
 260.111920 -2.295375
 260.620945 -2.274652
 261.129970 -2.326477
 261.638996 -2.331434
 262.148021 -2.223527
 262.657046 -2.285112
 263.166072 -2.354065
 263.675097 -2.266385
 264.184122 -2.329532
 264.693147 -2.396477
 265.202173 -2.351742
 265.711198 -2.282007
 266.220223 -2.305593
 266.729249 -2.368914
 267.238274 -2.363793
 267.747299 -2.288506
 268.256324 -2.281528
 268.765350 -2.302706
 269.274375 -2.320761
 269.783400 -2.268143
 270.292426 -2.348432
 270.801451 -2.349252
 271.310476 -2.292105
 271.819501 -2.328191
 272.328527 -2.297660
 272.837552 -2.291799
 273.346577 -2.343533
 273.855603 -2.307501
 274.364628 -2.280954
 274.873653 -2.300321
 275.382678 -2.325646
 275.891704 -2.358441
 276.400729 -2.294132
 276.909754 -2.299679
 277.418780 -2.329845
 277.927805 -2.347393
 278.436830 -2.332084
 278.945855 -2.350329
 279.454881 -2.284433
 279.963906 -2.283709
 280.472931 -2.330130
 280.981957 -2.381619
 281.490982 -2.303178
 282.000007 -2.281923
 282.509032 -2.389955
 283.018058 -2.302684
 283.527083 -2.296912
 284.036108 -2.368265
 284.545134 -2.270830
 285.054159 -2.302614
 285.563184 -2.366363
 286.072209 -2.299013
 286.581235 -2.272247
 287.090260 -2.278912
 287.599285 -2.384906
 288.108310 -2.320942
 288.617336 -2.282000
 289.126361 -2.340881
 289.635386 -2.307240
 290.144412 -2.341817
 290.653437 -2.374987
 291.162462 -2.268926
 291.671487 -2.301821
 292.180513 -2.309762
 292.689538 -2.262626
 293.198563 -2.353358
 293.707589 -2.347143
 294.216614 -2.251027
 294.725639 -2.319830
 295.234664 -2.330533
 295.743690 -2.269026
 296.252715 -2.314666
 296.761740 -2.314438
 297.270766 -2.329306
 297.779791 -2.263028
 298.288816 -2.320673
 298.797841 -2.345229
 299.306867 -2.314393
 299.815892 -2.332430
 300.324917 -2.310883
 300.833943 -2.309364
 301.342968 -2.342817
 301.851993 -2.331422
 302.361018 -2.302769
 302.870044 -2.298867
 303.379069 -2.367606
 303.888094 -2.299080
 304.397120 -2.280256
 304.906145 -2.369135
 305.415170 -2.284887
 305.924195 -2.353910
 306.433221 -2.362505
 306.942246 -2.308869
 307.451271 -2.294169
 307.960297 -2.319996
 308.469322 -2.280737
 308.978347 -2.306067
 309.487372 -2.308494
 309.996398 -2.328538
 310.505423 -2.330228
 311.014448 -2.332824
 311.523474 -2.319520
 312.032499 -2.288089
 312.541524 -2.263485
 313.050549 -2.355425
 313.559575 -2.362475
 314.068600 -2.273315
 314.577625 -2.258131
 315.086651 -2.323211
 315.595676 -2.326145
 316.104701 -2.332147
 316.613726 -2.271286
 317.122752 -2.287995
 317.631777 -2.372775
 318.140802 -2.362781
 318.649828 -2.244804
 319.158853 -2.237907
 319.667878 -2.294384
 320.176903 -2.351084
 320.685929 -2.359194
 321.194954 -2.259037
 321.703979 -2.347488
 322.213004 -2.408053
 322.722030 -2.327793
 323.231055 -2.258277
 323.740080 -2.357989
 324.249106 -2.378733
 324.758131 -2.273211
 325.267156 -2.243787
 325.776181 -2.387570
 326.285207 -2.352645
 326.794232 -2.256024
 327.303257 -2.314592
 327.812283 -2.340936
 328.321308 -2.353325
 328.830333 -2.347629
 329.339358 -2.306036
 329.848384 -2.332340
 330.357409 -2.353429
 330.866434 -2.336998
 331.375460 -2.290930
 331.884485 -2.288297
 332.393510 -2.348102
 332.902535 -2.351471
 333.411561 -2.293888
 333.920586 -2.276631
 334.429611 -2.383556
 334.938637 -2.356354
 335.447662 -2.283346
 335.956687 -2.236579
 336.465712 -2.231973
 336.974738 -2.317495
 337.483763 -2.346559
 337.992788 -2.332150
 338.501814 -2.380628
 339.010839 -2.309603
 339.519864 -2.308256
 340.028889 -2.308053
 340.537915 -2.331317
 341.046940 -2.369533
 341.555965 -2.349081
 342.064991 -2.302668
 342.574016 -2.321771
 343.083041 -2.309960
 343.592066 -2.311167
 344.101092 -2.361457
 344.610117 -2.315620
 345.119142 -2.305713
 345.628168 -2.385887
 346.137193 -2.326449
 346.646218 -2.343063
 347.155243 -2.328648
 347.664269 -2.335162
 348.173294 -2.280700
 348.682319 -2.326592
 349.191345 -2.303889
 349.700370 -2.336127
 350.209395 -2.329083
 350.718420 -2.372546
 351.227446 -2.339013
 351.736471 -2.244563
 352.245496 -2.274505
 352.754522 -2.287251
 353.263547 -2.334915
 353.772572 -2.333628
 354.281597 -2.313231
 354.790623 -2.312611
 355.299648 -2.284004
 355.808673 -2.323102
 356.317698 -2.326906
 356.826724 -2.288471
 357.335749 -2.245893
 357.844774 -2.325509
 358.353800 -2.365053
 358.862825 -2.331842
 359.371850 -2.331479
 359.880875 -2.240012
 360.389901 -2.298971
 360.898926 -2.391950
 361.407951 -2.286078
 361.916977 -2.297171
 362.426002 -2.322715
 362.935027 -2.347739
 363.444052 -2.279431
 363.953078 -2.318610
 364.462103 -2.333707
 364.971128 -2.307241
 365.480154 -2.292642
 365.989179 -2.380707
 366.498204 -2.336807
 367.007229 -2.352048
 367.516255 -2.279527
 368.025280 -2.284313
 368.534305 -2.328462
 369.043331 -2.366018
 369.552356 -2.319167
 370.061381 -2.316958
 370.570406 -2.371806
 371.079432 -2.311934
 371.588457 -2.250879
 372.097482 -2.277684
 372.606508 -2.328605
 373.115533 -2.317364
 373.624558 -2.259316
 374.133583 -2.330738
 374.642609 -2.356540
 375.151634 -2.291265
 375.660659 -2.361522
 376.169685 -2.362656
 376.678710 -2.265734
 377.187735 -2.266850
 377.696760 -2.361883
 378.205786 -2.349888
 378.714811 -2.271708
 379.223836 -2.352384
 379.732862 -2.284603
 380.241887 -2.319163
 380.750912 -2.371256
 381.259937 -2.328410
 381.768963 -2.279874
 382.277988 -2.288437
 382.787013 -2.315214
 383.296039 -2.322654
 383.805064 -2.309657
 384.314089 -2.317827
 384.823114 -2.363481
 385.332140 -2.375602
 385.841165 -2.291164
 386.350190 -2.320627
 386.859216 -2.378685
 387.368241 -2.355223
 387.877266 -2.316096
 388.386291 -2.321526
 388.895317 -2.262254
 389.404342 -2.298341
 389.913367 -2.365458
 390.422392 -2.351218
 390.931418 -2.306646
 391.440443 -2.343588
 391.949468 -2.302368
 392.458494 -2.350054
 392.967519 -2.361751
 393.476544 -2.286421
 393.985569 -2.318709
 394.494595 -2.296807
 395.003620 -2.331600
 395.512645 -2.340222
 396.021671 -2.341050
 396.530696 -2.352147
 397.039721 -2.346372
 397.548746 -2.361683
 398.057772 -2.255936
 398.566797 -2.340242
 399.075822 -2.377333
 399.584848 -2.283746
 400.093873 -2.249279
 400.602898 -2.301612
 401.111923 -2.360027
 401.620949 -2.359133
 402.129974 -2.330404
 402.638999 -2.274580
 403.148025 -2.306610
 403.657050 -2.339568
 404.166075 -2.305521
 404.675100 -2.305864
 405.184126 -2.318425
 405.693151 -2.379131
 406.202176 -2.324655
 406.711202 -2.270344
 407.220227 -2.277040
 407.729252 -2.351254
 408.238277 -2.356243
 408.747303 -2.302254
 409.256328 -2.302032
 409.765353 -2.301136
 410.274379 -2.346768
 410.783404 -2.302360
 411.292429 -2.313306
 411.801454 -2.292524
 412.310480 -2.367468
 412.819505 -2.357669
 413.328530 -2.326340
 413.837556 -2.335117
 414.346581 -2.356247
 414.855606 -2.280587
 415.364631 -2.276564
 415.873657 -2.342364
 416.382682 -2.366141
 416.891707 -2.292853
 417.400733 -2.291377
 417.909758 -2.314897
 418.418783 -2.346209
 418.927808 -2.343963
 419.436834 -2.281654
 419.945859 -2.307105
 420.454884 -2.275397
 420.963910 -2.313124
 421.472935 -2.353209
 421.981960 -2.306245
 422.490985 -2.323669
 423.000011 -2.317366
 423.509036 -2.341569
 424.018061 -2.303922
 424.527086 -2.282352
 425.036112 -2.278901
 425.545137 -2.362000
 426.054162 -2.374988
 426.563188 -2.299499
 427.072213 -2.279298
 427.581238 -2.332142
 428.090263 -2.416757
 428.599289 -2.334999
 429.108314 -2.315052
 429.617339 -2.345830
 430.126365 -2.352259
 430.635390 -2.337332
 431.144415 -2.320454
 431.653440 -2.298012
 432.162466 -2.304145
 432.671491 -2.370554
 433.180516 -2.306682
 433.689542 -2.239282
 434.198567 -2.279555
 434.707592 -2.301504
 435.216617 -2.296225
 435.725643 -2.331670
 436.234668 -2.317747
 436.743693 -2.330916
 437.252719 -2.303108
 437.761744 -2.329801
 438.270769 -2.398137
 438.779794 -2.271245
 439.288820 -2.270171
 439.797845 -2.351987
 440.306870 -2.383725
 440.815896 -2.312176
 441.324921 -2.228261
 441.833946 -2.309539
 442.342971 -2.369261
 442.851997 -2.294634
 443.361022 -2.256998
 443.870047 -2.279971
 444.379073 -2.319397
 444.888098 -2.325777
 445.397123 -2.339007
 445.906148 -2.316585
 446.415174 -2.276354
 446.924199 -2.309276
 447.433224 -2.354679
 447.942250 -2.318858
 448.451275 -2.334515
 448.960300 -2.290440
 449.469325 -2.262503
 449.978351 -2.330590
 450.487376 -2.375051
 450.996401 -2.325279
 451.505427 -2.275574
 452.014452 -2.378086
 452.523477 -2.408840
 453.032502 -2.313489
 453.541528 -2.237987
 454.050553 -2.324933
 454.559578 -2.330021
 455.068604 -2.322522
 455.577629 -2.332453
 456.086654 -2.266041
 456.595679 -2.313977
 457.104705 -2.349467
 457.613730 -2.325010
 458.122755 -2.310297
 458.631780 -2.294389
 459.140806 -2.319999
 459.649831 -2.316785
 460.158856 -2.304839
 460.667882 -2.357755
 461.176907 -2.286240
 461.685932 -2.355344
 462.194957 -2.306365
 462.703983 -2.339519
 463.213008 -2.334878
 463.722033 -2.319184
 464.231059 -2.337488
 464.740084 -2.273486
 465.249109 -2.314508
 465.758134 -2.375324
 466.267160 -2.368094
 466.776185 -2.351519
 467.285210 -2.185317
 467.794236 -2.229561
 468.303261 -2.386302
 468.812286 -2.387715
 469.321311 -2.258877
 469.830337 -2.243657
 470.339362 -2.300714
 470.848387 -2.342163
 471.357413 -2.340998
 471.866438 -2.324002
 472.375463 -2.332251
 472.884488 -2.340235
 473.393514 -2.305164
 473.902539 -2.295995
 474.411564 -2.338220
 474.920590 -2.292844
 475.429615 -2.360994
 475.938640 -2.385896
 476.447665 -2.313380
 476.956691 -2.284882
 477.465716 -2.365232
 477.974741 -2.358628
 478.483767 -2.313198
 478.992792 -2.273273
 479.501817 -2.348647
 480.010842 -2.341259
 480.519868 -2.319211
 481.028893 -2.226393
 481.537918 -2.302716
 482.046944 -2.395907
 482.555969 -2.359372
 483.064994 -2.315504
 483.574019 -2.253828
 484.083045 -2.352466
 484.592070 -2.383685
 485.101095 -2.309337
 485.610121 -2.261171
 486.119146 -2.338052
 486.628171 -2.337350
 487.137196 -2.325027
 487.646222 -2.280811
 488.155247 -2.277833
 488.664272 -2.284704
 489.173297 -2.305075
 489.682323 -2.356947
 490.191348 -2.356667
 490.700373 -2.331516
 491.209399 -2.322980
 491.718424 -2.389820
 492.227449 -2.348765
 492.736474 -2.329538
 493.245500 -2.304883
 493.754525 -2.320341
 494.263550 -2.284400
 494.772576 -2.357359
 495.281601 -2.360085
 495.790626 -2.312263
 496.299651 -2.296426
 496.808677 -2.359858
 497.317702 -2.328730
 497.826727 -2.282066
 498.335753 -2.312870
 498.844778 -2.390432
 499.353803 -2.338886
 499.862828 -2.294983
 500.371854 -2.308474
 500.880879 -2.430204
 501.389904 -2.311975
 501.898930 -2.220501
 502.407955 -2.303412
 502.916980 -2.338338
 503.426005 -2.305348
 503.935031 -2.282602
 504.444056 -2.340474
 504.953081 -2.358514
 505.462107 -2.317928
 505.971132 -2.268543
 506.480157 -2.268318
 506.989182 -2.355212
 507.498208 -2.380373
 508.007233 -2.295563
 508.516258 -2.298724
 509.025284 -2.231767
 509.534309 -2.368131
 510.043334 -2.384437
 510.552359 -2.251112
 511.061385 -2.265201
 511.570410 -2.337469
 512.079435 -2.338773
 512.588461 -2.286060
 513.097486 -2.288184
 513.606511 -2.286153
 514.115536 -2.313688
 514.624562 -2.278644
 515.133587 -2.346458
 515.642612 -2.290090
 516.151638 -2.238361
 516.660663 -2.365759
 517.169688 -2.353496
 517.678713 -2.330048
 518.187739 -2.320114
 518.696764 -2.321650
 519.205789 -2.409977
 519.714815 -2.315292
 520.223840 -2.227578
 520.732865 -2.318227
 521.241890 -2.370182
 521.750916 -2.346521
 522.259941 -2.318944
 522.768966 -2.281975
 523.277991 -2.382051
 523.787017 -2.326162
 524.296042 -2.245094
 524.805067 -2.362745
 525.314093 -2.293341
 525.823118 -2.275064
 526.332143 -2.307525
 526.841168 -2.291851
 527.350194 -2.322235
 527.859219 -2.331053
 528.368244 -2.293674
 528.877270 -2.318587
 529.386295 -2.383559
 529.895320 -2.272072
 530.404345 -2.253974
 530.913371 -2.337012
 531.422396 -2.366086
 531.931421 -2.269907
 532.440447 -2.248483
 532.949472 -2.390210
 533.458497 -2.303645
 533.967522 -2.210438
 534.476548 -2.364490
 534.985573 -2.386107
 535.494598 -2.343367
 536.003624 -2.289270
 536.512649 -2.311476
 537.021674 -2.422802
 537.530699 -2.366293
 538.039725 -2.273958
 538.548750 -2.267805
 539.057775 -2.384951
 539.566801 -2.314034
 540.075826 -2.205150
 540.584851 -2.321864
 541.093876 -2.459195
 541.602902 -2.350060
 542.111927 -2.240349
 542.620952 -2.225649
 543.129978 -2.377590
 543.639003 -2.408064
 544.148028 -2.277739
 544.657053 -2.306785
 545.166079 -2.376317
 545.675104 -2.385617
 546.184129 -2.272809
 546.693155 -2.246975
 547.202180 -2.287875
 547.711205 -2.365682
 548.220230 -2.379368
 548.729256 -2.269937
 549.238281 -2.261669
 549.747306 -2.369299
 550.256332 -2.319436
 550.765357 -2.303596
 551.274382 -2.337215
 551.783407 -2.316747
 552.292433 -2.375413
 552.801458 -2.344419
 553.310483 -2.261015
 553.819509 -2.294501
 554.328534 -2.391701
 554.837559 -2.309330
 555.346584 -2.253921
 555.855610 -2.325778
 556.364635 -2.377153
 556.873660 -2.313877
 557.382685 -2.332674
 557.891711 -2.330195
 558.400736 -2.261776
 558.909761 -2.301955
 559.418787 -2.303910
 559.927812 -2.352780
 560.436837 -2.319617
 560.945862 -2.308057
 561.454888 -2.317797
 561.963913 -2.308749
 562.472938 -2.364355
 562.981964 -2.338240
 563.490989 -2.269102
 564.000014 -2.281414
 564.509039 -2.346697
 565.018065 -2.392319
 565.527090 -2.265894
 566.036115 -2.291360
 566.545141 -2.346306
 567.054166 -2.357010
 567.563191 -2.270806
 568.072216 -2.308682
 568.581242 -2.332875
 569.090267 -2.353335
 569.599292 -2.287434
 570.108318 -2.347743
 570.617343 -2.339619
 571.126368 -2.345618
 571.635393 -2.308998
 572.144419 -2.327962
 572.653444 -2.337652
 573.162469 -2.244509
 573.671495 -2.337666
 574.180520 -2.444761
 574.689545 -2.308840
 575.198570 -2.225480
 575.707596 -2.321232
 576.216621 -2.326958
 576.725646 -2.346063
 577.234672 -2.294616
 577.743697 -2.302716
 578.252722 -2.377059
 578.761747 -2.342809
 579.270773 -2.244329
 579.779798 -2.401747
 580.288823 -2.346354
 580.797849 -2.336888
 581.306874 -2.315406
 581.815899 -2.334732
 582.324924 -2.323355
 582.833950 -2.314771
 583.342975 -2.328859
 583.852000 -2.372772
 584.361026 -2.326626
 584.870051 -2.299131
 585.379076 -2.326904
 585.888101 -2.350194
 586.397127 -2.336653
 586.906152 -2.277773
 587.415177 -2.306994
 587.924203 -2.317489
 588.433228 -2.319873
 588.942253 -2.266540
 589.451278 -2.284839
 589.960304 -2.348309
 590.469329 -2.317658
 590.978354 -2.269665
 591.487379 -2.289040
 591.996405 -2.329840
 592.505430 -2.354764
 593.014455 -2.345496
 593.523481 -2.296025
 594.032506 -2.315621
 594.541531 -2.330642
 595.050556 -2.370405
 595.559582 -2.325863
 596.068607 -2.262812
 596.577632 -2.313188
 597.086658 -2.363449
 597.595683 -2.397371
 598.104708 -2.300651
 598.613733 -2.322854
 599.122759 -2.363700
 599.631784 -2.340660
 600.140809 -2.302646
 600.649835 -2.356100
 601.158860 -2.395155
 601.667885 -2.275838
 602.176910 -2.264064
 602.685936 -2.351515
 603.194961 -2.407916
 603.703986 -2.284925
 604.213012 -2.239675
 604.722037 -2.296330
 605.231062 -2.383766
 605.740087 -2.329326
 606.249113 -2.333583
 606.758138 -2.334970
 607.267163 -2.359813
 607.776189 -2.280657
 608.285214 -2.342647
 608.794239 -2.372893
 609.303264 -2.301390
 609.812290 -2.347029
 610.321315 -2.329341
 610.830340 -2.289991
 611.339366 -2.338185
 611.848391 -2.385048
 612.357416 -2.290188
 612.866441 -2.248348
 613.375467 -2.376816
 613.884492 -2.380909
 614.393517 -2.220114
 614.902543 -2.326106
 615.411568 -2.422053
 615.920593 -2.349815
 616.429618 -2.238037
 616.938644 -2.315769
 617.447669 -2.399929
 617.956694 -2.362664
 618.465720 -2.313494
 618.974745 -2.272965
 619.483770 -2.317924
 619.992795 -2.362444
 620.501821 -2.264636
 621.010846 -2.290047
 621.519871 -2.315548
 622.028897 -2.370305
 622.537922 -2.298696
 623.046947 -2.252598
 623.555972 -2.376573
 624.064998 -2.360928
 624.574023 -2.268936
 625.083048 -2.326747
 625.592073 -2.393919
 626.101099 -2.298929
 626.610124 -2.304169
 627.119149 -2.298134
 627.628175 -2.354088
 628.137200 -2.277188
 628.646225 -2.331919
 629.155250 -2.359339
 629.664276 -2.287584
 630.173301 -2.365239
 630.682326 -2.369498
 631.191352 -2.358734
 631.700377 -2.315621
 632.209402 -2.331085
 632.718427 -2.319290
 633.227453 -2.315547
 633.736478 -2.327392
 634.245503 -2.321554
 634.754529 -2.314940
 635.263554 -2.320278
 635.772579 -2.279786
 636.281604 -2.320935
 636.790630 -2.369744
 637.299655 -2.299957
 637.808680 -2.282888
 638.317706 -2.311760
 638.826731 -2.391567
 639.335756 -2.286405
 639.844781 -2.293053
 640.353807 -2.326801
 640.862832 -2.337220
 641.371857 -2.297710
 641.880883 -2.331302
 642.389908 -2.354817
 642.898933 -2.335895
 643.407958 -2.272382
 643.916984 -2.262482
 644.426009 -2.334781
 644.935034 -2.365228
 645.444060 -2.315175
 645.953085 -2.299025
 646.462110 -2.320556
 646.971135 -2.389566
 647.480161 -2.380726
 647.989186 -2.277932
 648.498211 -2.286727
 649.007237 -2.311829
 649.516262 -2.357707
 650.025287 -2.327815
 650.534312 -2.245369
 651.043338 -2.326119
 651.552363 -2.295608
 652.061388 -2.341431
 652.570414 -2.295923
 653.079439 -2.331447
 653.588464 -2.305294
 654.097489 -2.361199
 654.606515 -2.312345
 655.115540 -2.312501
 655.624565 -2.332009
 656.133591 -2.266759
 656.642616 -2.326296
 657.151641 -2.349911
 657.660666 -2.311895
 658.169692 -2.325805
 658.678717 -2.324791
 659.187742 -2.269808
 659.696767 -2.352097
 660.205793 -2.351204
 660.714818 -2.275169
 661.223843 -2.289436
 661.732869 -2.362902
 662.241894 -2.370632
 662.750919 -2.304816
 663.259944 -2.308876
 663.768970 -2.297284
 664.277995 -2.328663
 664.787020 -2.303107
 665.296046 -2.326476
 665.805071 -2.296489
 666.314096 -2.363052
 666.823121 -2.344092
 667.332147 -2.356642
 667.841172 -2.288736
 668.350197 -2.248330
 668.859223 -2.411985
 669.368248 -2.396482
 669.877273 -2.270020
 670.386298 -2.270124
 670.895324 -2.342101
 671.404349 -2.446165
 671.913374 -2.302579
 672.422400 -2.251417
 672.931425 -2.359767
 673.440450 -2.348404
 673.949475 -2.313821
 674.458501 -2.284177
 674.967526 -2.320291
 675.476551 -2.304724
 675.985577 -2.322643
 676.494602 -2.289113
 677.003627 -2.337674
 677.512652 -2.328551
 678.021678 -2.252057
 678.530703 -2.322600
 679.039728 -2.415782
 679.548754 -2.431186
 680.057779 -2.275146
 680.566804 -2.270006
 681.075829 -2.340785
 681.584855 -2.353775
 682.093880 -2.328561
 682.602905 -2.272794
 683.111931 -2.345538
 683.620956 -2.383496
 684.129981 -2.237533
 684.639006 -2.324981
 685.148032 -2.441196
 685.657057 -2.304080
 686.166082 -2.204252
 686.675108 -2.331439
 687.184133 -2.389168
 687.693158 -2.311794
 688.202183 -2.273346
 688.711209 -2.319016
 689.220234 -2.404147
 689.729259 -2.339569
 690.238285 -2.240359
 690.747310 -2.347363
 691.256335 -2.376496
 691.765360 -2.233609
 692.274386 -2.286487
 692.783411 -2.375373
 693.292436 -2.378414
 693.801461 -2.322299
 694.310487 -2.283623
 694.819512 -2.330757
 695.328537 -2.384477
 695.837563 -2.304728
 696.346588 -2.303369
 696.855613 -2.299025
 697.364638 -2.309992
 697.873664 -2.302718
 698.382689 -2.331377
 698.891714 -2.295060
 699.400740 -2.298649
 699.909765 -2.379035
 700.418790 -2.304979
 700.927815 -2.300792
 701.436841 -2.384859
 701.945866 -2.318317
 702.454891 -2.295129
 702.963917 -2.319205
 703.472942 -2.304671
 703.981967 -2.328395
 704.490992 -2.315957
 705.000018 -2.352263
 705.509043 -2.316641
 706.018068 -2.300194
 706.527094 -2.351838
 707.036119 -2.322376
 707.545144 -2.314788
 708.054169 -2.318659
 708.563195 -2.354003
 709.072220 -2.344072
 709.581245 -2.292602
 710.090271 -2.285190
 710.599296 -2.277342
 711.108321 -2.300650
 711.617346 -2.346413
 712.126372 -2.347681
 712.635397 -2.328646
 713.144422 -2.341097
 713.653448 -2.327747
 714.162473 -2.300390
 714.671498 -2.358875
 715.180523 -2.351043
 715.689549 -2.299597
 716.198574 -2.288600
 716.707599 -2.420414
 717.216625 -2.339085
 717.725650 -2.240726
 718.234675 -2.301271
 718.743700 -2.388606
 719.252726 -2.338660
 719.761751 -2.348134
 720.270776 -2.272246
 720.779802 -2.270746
 721.288827 -2.370713
 721.797852 -2.335624
 722.306877 -2.290501
 722.815903 -2.323732
 723.324928 -2.324280
 723.833953 -2.256531
 724.342979 -2.295938
 724.852004 -2.392303
 725.361029 -2.335219
 725.870054 -2.266570
 726.379080 -2.278512
 726.888105 -2.346377
 727.397130 -2.318648
 727.906155 -2.310715
 728.415181 -2.277555
 728.924206 -2.328625
 729.433231 -2.311956
 729.942257 -2.302381
 730.451282 -2.339811
 730.960307 -2.305421
 731.469332 -2.345865
 731.978358 -2.346620
 732.487383 -2.324764
 732.996408 -2.323248
 733.505434 -2.348053
 734.014459 -2.327723
 734.523484 -2.293104
 735.032509 -2.350220
 735.541535 -2.371640
 736.050560 -2.303829
 736.559585 -2.287468
 737.068611 -2.268137
 737.577636 -2.316728
 738.086661 -2.332311
 738.595686 -2.356062
 739.104712 -2.298044
 739.613737 -2.281802
 740.122762 -2.376957
 740.631788 -2.306534
 741.140813 -2.310557
 741.649838 -2.359794
 742.158863 -2.369986
 742.667889 -2.262261
 743.176914 -2.325340
 743.685939 -2.305811
 744.194965 -2.342133
 744.703990 -2.337041
 745.213015 -2.373104
 745.722040 -2.296788
 746.231066 -2.337676
 746.740091 -2.335496
 747.249116 -2.338138
 747.758142 -2.311448
 748.267167 -2.295778
 748.776192 -2.323565
 749.285217 -2.329366
 749.794243 -2.364868
 750.303268 -2.286570
 750.812293 -2.385907
 751.321319 -2.321713
 751.830344 -2.345209
 752.339369 -2.365374
 752.848394 -2.337570
 753.357420 -2.370674
 753.866445 -2.389036
 754.375470 -2.341146
 754.884496 -2.338220
 755.393521 -2.318054
 755.902546 -2.349493
 756.411571 -2.349560
 756.920597 -2.317699
 757.429622 -2.343746
 757.938647 -2.353039
 758.447673 -2.322341
 758.956698 -2.398095
 759.465723 -2.280498
 759.974748 -2.268938
 760.483774 -2.359247
 760.992799 -2.364560
 761.501824 -2.357944
 762.010849 -2.386494
 762.519875 -2.306663
 763.028900 -2.371878
 763.537925 -2.291853
 764.046951 -2.346009
 764.555976 -2.338287
 765.065001 -2.297092
 765.574026 -2.351613
 766.083052 -2.368701
 766.592077 -2.341995
 767.101102 -2.327202
 767.610128 -2.285413
 768.119153 -2.319826
 768.628178 -2.378958
 769.137203 -2.327188
 769.646229 -2.383834
 770.155254 -2.335540
 770.664279 -2.329334
 771.173305 -2.349079
 771.682330 -2.301732
 772.191355 -2.342297
 772.700380 -2.337928
 773.209406 -2.286194
 773.718431 -2.348116
 774.227456 -2.363877
 774.736482 -2.321777
 775.245507 -2.289347
 775.754532 -2.367475
 776.263557 -2.349219
 776.772583 -2.259474
 777.281608 -2.254474
 777.790633 -2.366353
 778.299659 -2.356584
 778.808684 -2.286319
 779.317709 -2.283637
 779.826734 -2.336932
 780.335760 -2.387376
 780.844785 -2.364213
 781.353810 -2.236552
 781.862836 -2.350771
 782.371861 -2.394915
 782.880886 -2.266917
 783.389911 -2.250444
 783.898937 -2.317759
 784.407962 -2.326407
 784.916987 -2.273334
 785.426013 -2.312849
 785.935038 -2.322041
 786.444063 -2.359882
 786.953088 -2.353165
 787.462114 -2.320881
 787.971139 -2.255973
 788.480164 -2.349913
 788.989190 -2.360141
 789.498215 -2.313023
 790.007240 -2.304800
 790.516265 -2.286989
 791.025291 -2.368974
 791.534316 -2.366939
 792.043341 -2.326286
 792.552366 -2.357321
 793.061392 -2.286861
 793.570417 -2.329167
 794.079442 -2.381733
 794.588468 -2.337049
 795.097493 -2.290456
 795.606518 -2.340426
 796.115543 -2.315558
 796.624569 -2.277629
 797.133594 -2.263260
 797.642619 -2.385566
 798.151645 -2.352702
 798.660670 -2.280339
 799.169695 -2.306596
 799.678720 -2.380765
 800.187746 -2.379883
 800.696771 -2.295217
 801.205796 -2.277059
 801.714822 -2.310562
 802.223847 -2.364490
 802.732872 -2.315928
 803.241897 -2.333111
 803.750923 -2.333787
 804.259948 -2.290162
 804.768973 -2.332029
 805.277999 -2.386637
 805.787024 -2.270910
 806.296049 -2.286724
 806.805074 -2.420842
 807.314100 -2.322500
 807.823125 -2.233934
 808.332150 -2.302619
 808.841176 -2.392549
 809.350201 -2.332977
 809.859226 -2.242903
 810.368251 -2.328534
 810.877277 -2.356866
 811.386302 -2.320955
 811.895327 -2.270427
 812.404353 -2.379531
 812.913378 -2.375603
 813.422403 -2.341290
 813.931428 -2.309265
 814.440454 -2.298405
 814.949479 -2.351291
 815.458504 -2.333154
 815.967530 -2.289545
 816.476555 -2.355049
 816.985580 -2.378649
 817.494605 -2.303066
 818.003631 -2.319339
 818.512656 -2.325187
 819.021681 -2.347645
 819.530707 -2.319865
 820.039732 -2.305595
 820.548757 -2.308321
 821.057782 -2.282302
 821.566808 -2.357516
 822.075833 -2.351896
 822.584858 -2.276709
 823.093884 -2.265293
 823.602909 -2.350263
 824.111934 -2.401417
 824.620959 -2.276174
 825.129985 -2.265376
 825.639010 -2.400302
 826.148035 -2.342889
 826.657060 -2.270187
 827.166086 -2.308547
 827.675111 -2.349275
 828.184136 -2.348869
 828.693162 -2.290166
 829.202187 -2.332325
 829.711212 -2.382868
 830.220237 -2.287711
 830.729263 -2.305671
 831.238288 -2.354153
 831.747313 -2.356324
 832.256339 -2.299546
 832.765364 -2.284492
 833.274389 -2.282083
 833.783414 -2.318482
 834.292440 -2.307674
 834.801465 -2.304999
 835.310490 -2.319590
 835.819516 -2.292167
 836.328541 -2.318455
 836.837566 -2.372628
 837.346591 -2.279275
 837.855617 -2.343643
 838.364642 -2.388536
 838.873667 -2.327127
 839.382693 -2.263149
 839.891718 -2.383985
 840.400743 -2.343293
 840.909768 -2.267410
 841.418794 -2.292215
 841.927819 -2.327106
 842.436844 -2.360187
 842.945870 -2.348724
 843.454895 -2.256590
 843.963920 -2.320921
 844.472945 -2.416976
 844.981971 -2.323162
 845.490996 -2.267239
 846.000021 -2.314947
 846.509047 -2.344422
 847.018072 -2.313460
 847.527097 -2.297107
 848.036122 -2.285981
 848.545148 -2.291233
 849.054173 -2.337803
 849.563198 -2.334780
 850.072224 -2.369841
 850.581249 -2.303675
 851.090274 -2.300812
 851.599299 -2.376915
 852.108325 -2.349913
 852.617350 -2.281322
 853.126375 -2.289120
 853.635401 -2.328389
 854.144426 -2.315251
 854.653451 -2.376812
 855.162476 -2.386702
 855.671502 -2.307122
 856.180527 -2.253137
 856.689552 -2.352639
 857.198578 -2.378128
 857.707603 -2.265578
 858.216628 -2.312912
 858.725653 -2.323083
 859.234679 -2.387285
 859.743704 -2.287949
 860.252729 -2.230161
 860.761754 -2.374191
 861.270780 -2.377434
 861.779805 -2.297036
 862.288830 -2.314699
 862.797856 -2.352135
 863.306881 -2.330175
 863.815906 -2.272413
 864.324931 -2.340318
 864.833957 -2.345759
 865.342982 -2.266918
 865.852007 -2.268594
 866.361033 -2.322936
 866.870058 -2.358624
 867.379083 -2.329068
 867.888108 -2.368497
 868.397134 -2.378782
 868.906159 -2.262314
 869.415184 -2.348174
 869.924210 -2.327338
 870.433235 -2.287805
 870.942260 -2.322696
 871.451285 -2.280805
 871.960311 -2.338261
 872.469336 -2.377093
 872.978361 -2.292657
 873.487387 -2.285998
 873.996412 -2.308693
 874.505437 -2.339602
 875.014462 -2.350143
 875.523488 -2.321400
 876.032513 -2.263485
 876.541538 -2.319037
 877.050564 -2.351109
 877.559589 -2.261486
 878.068614 -2.314765
 878.577639 -2.334245
 879.086665 -2.307398
 879.595690 -2.308808
 880.104715 -2.319611
 880.613741 -2.285663
 881.122766 -2.315760
 881.631791 -2.338491
 882.140816 -2.308011
 882.649842 -2.311754
 883.158867 -2.280269
 883.667892 -2.373097
 884.176918 -2.332881
 884.685943 -2.246595
 885.194968 -2.305652
 885.703993 -2.391178
 886.213019 -2.272323
 886.722044 -2.333862
 887.231069 -2.336559
 887.740095 -2.386083
 888.249120 -2.360906
 888.758145 -2.283522
 889.267170 -2.297283
 889.776196 -2.277914
 890.285221 -2.385383
 890.794246 -2.421455
 891.303272 -2.299569
 891.812297 -2.331139
 892.321322 -2.345480
 892.830347 -2.345897
 893.339373 -2.337053
 893.848398 -2.298033
 894.357423 -2.321213
 894.866448 -2.372942
 895.375474 -2.285419
 895.884499 -2.269550
 896.393524 -2.326080
 896.902550 -2.378104
 897.411575 -2.302554
 897.920600 -2.284023
 898.429625 -2.352410
 898.938651 -2.368388
 899.447676 -2.296656
 899.956701 -2.277852
 900.465727 -2.344534
 900.974752 -2.355434
 901.483777 -2.283722
 901.992802 -2.294952
 902.501828 -2.366201
 903.010853 -2.338139
 903.519878 -2.280823
 904.028904 -2.304597
 904.537929 -2.312529
 905.046954 -2.328516
 905.555979 -2.319354
 906.065005 -2.284198
 906.574030 -2.317088
 907.083055 -2.283643
 907.592081 -2.260430
 908.101106 -2.320816
 908.610131 -2.323444
 909.119156 -2.362445
 909.628182 -2.279380
 910.137207 -2.265368
 910.646232 -2.381836
 911.155258 -2.406059
 911.664283 -2.279238
 912.173308 -2.219190
 912.682333 -2.355905
 913.191359 -2.359942
 913.700384 -2.287472
 914.209409 -2.301446
 914.718435 -2.317034
 915.227460 -2.321796
 915.736485 -2.265456
 916.245510 -2.303104
 916.754536 -2.311282
 917.263561 -2.324680
 917.772586 -2.358075
 918.281612 -2.323000
 918.790637 -2.309053
 919.299662 -2.374513
 919.808687 -2.266912
 920.317713 -2.240264
 920.826738 -2.414408
 921.335763 -2.353888
 921.844789 -2.255873
 922.353814 -2.325858
 922.862839 -2.365496
 923.371864 -2.333859
 923.880890 -2.335775
 924.389915 -2.359550
 924.898940 -2.307949
 925.407966 -2.284821
 925.916991 -2.323970
 926.426016 -2.369329
 926.935041 -2.361392
 927.444067 -2.321506
 927.953092 -2.338052
 928.462117 -2.352818
 928.971142 -2.307619
 929.480168 -2.275029
 929.989193 -2.334133
 930.498218 -2.374148
 931.007244 -2.319656
 931.516269 -2.322165
 932.025294 -2.311068
 932.534319 -2.305619
 933.043345 -2.355765
 933.552370 -2.347098
 934.061395 -2.311891
 934.570421 -2.284844
 935.079446 -2.348523
 935.588471 -2.353233
 936.097496 -2.302649
 936.606522 -2.282040
 937.115547 -2.320806
 937.624572 -2.374881
 938.133598 -2.294937
 938.642623 -2.295186
 939.151648 -2.320328
 939.660673 -2.331405
 940.169699 -2.307817
 940.678724 -2.333673
 941.187749 -2.310556
 941.696775 -2.282530
 942.205800 -2.267843
 942.714825 -2.303433
 943.223850 -2.317518
 943.732876 -2.305648
 944.241901 -2.330084
 944.750926 -2.334893
 945.259952 -2.367273
 945.768977 -2.325025
 946.278002 -2.292428
 946.787027 -2.305026
 947.296053 -2.290948
 947.805078 -2.333965
 948.314103 -2.331414
 948.823129 -2.328524
 949.332154 -2.295156
 949.841179 -2.368213
 950.350204 -2.357283
 950.859230 -2.300097
 951.368255 -2.296845
 951.877280 -2.320506
 952.386306 -2.294120
 952.895331 -2.393827
 953.404356 -2.313637
 953.913381 -2.305265
 954.422407 -2.355241
 954.931432 -2.218865
 955.440457 -2.341756
 955.949483 -2.382007
 956.458508 -2.330605
 956.967533 -2.256410
 957.476558 -2.317396
 957.985584 -2.353314
 958.494609 -2.365267
 959.003634 -2.291026
 959.512660 -2.356418
 960.021685 -2.345548
 960.530710 -2.326368
 961.039735 -2.244639
 961.548761 -2.346236
 962.057786 -2.406330
 962.566811 -2.351073
 963.075836 -2.253950
 963.584862 -2.322040
 964.093887 -2.359659
 964.602912 -2.350875
 965.111938 -2.258572
 965.620963 -2.325627
 966.129988 -2.353936
 966.639013 -2.332116
 967.148039 -2.341608
 967.657064 -2.222278
 968.166089 -2.312633
 968.675115 -2.417137
 969.184140 -2.385872
 969.693165 -2.231421
 970.202190 -2.333693
 970.711216 -2.381141
 971.220241 -2.320877
 971.729266 -2.276161
 972.238292 -2.337592
 972.747317 -2.356767
 973.256342 -2.318382
 973.765367 -2.249815
 974.274393 -2.334645
 974.783418 -2.338860
 975.292443 -2.343623
 975.801469 -2.280059
 976.310494 -2.289825
 976.819519 -2.333410
 977.328544 -2.330404
 977.837570 -2.304924
 978.346595 -2.292998
 978.855620 -2.321348
 979.364646 -2.305770
 979.873671 -2.384922
 980.382696 -2.322111
 980.891721 -2.245047
 981.400747 -2.325502
 981.909772 -2.368284
 982.418797 -2.384836
 982.927823 -2.306480
 983.436848 -2.328644
 983.945873 -2.334716
 984.454898 -2.297839
 984.963924 -2.244248
 985.472949 -2.318214
 985.981974 -2.370691
 986.491000 -2.392846
 987.000025 -2.304727
 987.509050 -2.301916
 988.018075 -2.378692
 988.527101 -2.291572
 989.036126 -2.326440
 989.545151 -2.382301
 990.054177 -2.295989
 990.563202 -2.256340
 991.072227 -2.405759
 991.581252 -2.355742
 992.090278 -2.265526
 992.599303 -2.327579
 993.108328 -2.333538
 993.617354 -2.359480
 994.126379 -2.325971
 994.635404 -2.297889
 995.144429 -2.289835
 995.653455 -2.266695
 996.162480 -2.346307
 996.671505 -2.332231
 997.180530 -2.268945
 997.689556 -2.312130
 998.198581 -2.361831
 998.707606 -2.254778
 999.216632 -2.315892
 999.725657 -2.383481
 1000.234682 -2.343285
 1000.743707 -2.288666
 1001.252733 -2.321391
 1001.761758 -2.378579
 1002.270783 -2.320807
 1002.779809 -2.280948
 1003.288834 -2.330699
 1003.797859 -2.300090
 1004.306884 -2.285830
 1004.815910 -2.332872
 1005.324935 -2.363922
 1005.833960 -2.309886
 1006.342986 -2.303881
 1006.852011 -2.314091
 1007.361036 -2.338010
 1007.870061 -2.285616
 1008.379087 -2.286774
 1008.888112 -2.361087
 1009.397137 -2.332213
 1009.906163 -2.314657
 1010.415188 -2.306037
 1010.924213 -2.366644
 1011.433238 -2.362808
 1011.942264 -2.303040
 1012.451289 -2.308432
 1012.960314 -2.372180
 1013.469340 -2.307073
 1013.978365 -2.245142
 1014.487390 -2.354184
 1014.996415 -2.371291
 1015.505441 -2.303775
 1016.014466 -2.245446
 1016.523491 -2.332066
 1017.032517 -2.323532
 1017.541542 -2.338363
 1018.050567 -2.337021
