#! FIELDS time cv
 0.000000 -1.928828
 0.509025 -2.164525
 1.018051 -2.131738
 1.527076 -2.083732
 2.036101 -2.122099
 2.545126 -2.162619
 3.054152 -2.126792
 3.563177 -2.190131
 4.072202 -2.174089
 4.581228 -2.136815
 5.090253 -2.095083
 5.599278 -2.120839
 6.108303 -2.131840
 6.617329 -2.143252
 7.126354 -2.178374
 7.635379 -2.162712
 8.144405 -2.044889
 8.653430 -2.073544
 9.162455 -2.141497
 9.671480 -2.216307
 10.180506 -2.195181
 10.689531 -2.060089
 11.198556 -2.004512
 11.707582 -2.143478
 12.216607 -2.167424
 12.725632 -2.172686
 13.234657 -2.090994
 13.743683 -2.102023
 14.252708 -2.090098
 14.761733 -2.168290
 15.270759 -2.187940
 15.779784 -2.156654
 16.288809 -2.103604
 16.797834 -2.089478
 17.306860 -2.237181
 17.815885 -2.184846
 18.324910 -2.148918
 18.833935 -2.107117
 19.342961 -2.174180
 19.851986 -2.175873
 20.361011 -2.068121
 20.870037 -2.104462
 21.379062 -2.194604
 21.888087 -2.199355
 22.397112 -2.085084
 22.906138 -2.044074
 23.415163 -2.131867
 23.924188 -2.234109
 24.433214 -2.117232
 24.942239 -2.042268
 25.451264 -2.248358
 25.960289 -2.191599
 26.469315 -2.164287
 26.978340 -2.132981
 27.487365 -2.135917
 27.996391 -2.158779
 28.505416 -2.135035
 29.014441 -2.154238
 29.523466 -2.171512
 30.032492 -2.193996
 30.541517 -2.061669
 31.050542 -2.106779
 31.559568 -2.142150
 32.068593 -2.198485
 32.577618 -2.136843
 33.086643 -2.079780
 33.595669 -2.057697
 34.104694 -2.112906
 34.613719 -2.171873
 35.122745 -2.139307
 35.631770 -2.171515
 36.140795 -2.185187
 36.649820 -2.149903
 37.158846 -2.079223
 37.667871 -2.100598
 38.176896 -2.175805
 38.685922 -2.203074
 39.194947 -2.118165
 39.703972 -1.998715
 40.212997 -2.121133
 40.722023 -2.236884
 41.231048 -2.192884
 41.740073 -2.079770
 42.249099 -2.085837
 42.758124 -2.187317
 43.267149 -2.182578
 43.776174 -2.078687
 44.285200 -2.041127
 44.794225 -2.093117
 45.303250 -2.161085
 45.812276 -2.134351
 46.321301 -2.139239
 46.830326 -2.210279
 47.339351 -2.135900
 47.848377 -2.147681
 48.357402 -2.125347
 48.866427 -2.089069
 49.375453 -2.217521
 49.884478 -2.202355
 50.393503 -2.123247
 50.902528 -2.138603
 51.411554 -2.171448
 51.920579 -2.089970
 52.429604 -2.087522
 52.938629 -2.180527
 53.447655 -2.162124
 53.956680 -2.143483
 54.465705 -2.084912
 54.974731 -2.146670
 55.483756 -2.148987
 55.992781 -2.154195
 56.501806 -2.143973
 57.010832 -2.136767
 57.519857 -2.200424
 58.028882 -2.162700
 58.537908 -2.127117
 59.046933 -2.121063
 59.555958 -2.047304
 60.064983 -2.186841
 60.574009 -2.209822
 61.083034 -2.119721
 61.592059 -2.130490
 62.101085 -2.177109
 62.610110 -2.134990
 63.119135 -2.108363
 63.628160 -2.161356
 64.137186 -2.167876
 64.646211 -2.094799
 65.155236 -2.165181
 65.664262 -2.175599
 66.173287 -2.182186
 66.682312 -2.101735
 67.191337 -2.113358
 67.700363 -2.172129
 68.209388 -2.136557
 68.718413 -2.145281
 69.227439 -2.180107
 69.736464 -2.121735
 70.245489 -2.119974
 70.754514 -2.162439
 71.263540 -2.175614
 71.772565 -2.123198
 72.281590 -2.110122
 72.790616 -2.072466
 73.299641 -2.111928
 73.808666 -2.194611
 74.317691 -2.172031
 74.826717 -2.136916
 75.335742 -2.148039
 75.844767 -2.075542
 76.353793 -2.138215
 76.862818 -2.129254
 77.371843 -2.134863
 77.880868 -2.134664
 78.389894 -2.088337
 78.898919 -2.105911
 79.407944 -2.199224
 79.916970 -2.221235
 80.425995 -2.127715
 80.935020 -2.145830
 81.444045 -2.134778
 81.953071 -2.130383
 82.462096 -2.177496
 82.971121 -2.224153
 83.480147 -2.135976
 83.989172 -2.099493
 84.498197 -2.111310
 85.007222 -2.133014
 85.516248 -2.118389
 86.025273 -2.104393
 86.534298 -2.203557
 87.043323 -2.191776
 87.552349 -2.110718
 88.061374 -2.132899
 88.570399 -2.203517
 89.079425 -2.245350
 89.588450 -2.175993
 90.097475 -2.150912
 90.606500 -2.171222
 91.115526 -2.109724
 91.624551 -2.040829
 92.133576 -2.058198
 92.642602 -2.137266
 93.151627 -2.191799
 93.660652 -2.113541
 94.169677 -2.083030
 94.678703 -2.161746
 95.187728 -2.226019
 95.696753 -2.097306
 96.205779 -2.194694
 96.714804 -2.177538
 97.223829 -2.185861
 97.732854 -2.108172
 98.241880 -2.129588
 98.750905 -2.186112
 99.259930 -2.193043
 99.768956 -2.087071
 100.277981 -2.053957
 100.787006 -2.271023
 101.296031 -2.223469
 101.805057 -2.100304
 102.314082 -2.124496
 102.823107 -2.187598
 103.332133 -2.153847
 103.841158 -2.101839
 104.350183 -2.081025
 104.859208 -2.150912
 105.368234 -2.081580
 105.877259 -2.131247
 106.386284 -2.197427
 106.895310 -2.178387
 107.404335 -2.082472
 107.913360 -2.136519
 108.422385 -2.172912
 108.931411 -2.169497
 109.440436 -2.069815
 109.949461 -2.166675
 110.458487 -2.228678
 110.967512 -2.143435
 111.476537 -2.086127
 111.985562 -2.147854
 112.494588 -2.181114
 113.003613 -2.142446
 113.512638 -2.158342
 114.021664 -2.106253
 114.530689 -2.029800
 115.039714 -2.161656
 115.548739 -2.204237
 116.057765 -2.163834
 116.566790 -2.167699
 117.075815 -2.130473
 117.584841 -2.171955
 118.093866 -2.120233
 118.602891 -2.048109
 119.111916 -2.173749
 119.620942 -2.217574
 120.129967 -2.143870
 120.638992 -2.066470
 121.148017 -2.098406
 121.657043 -2.221301
 122.166068 -2.167002
 122.675093 -2.128041
 123.184119 -2.160783
 123.693144 -2.109082
 124.202169 -2.177887
 124.711194 -2.200183
 125.220220 -2.122717
 125.729245 -2.091205
 126.238270 -2.086488
 126.747296 -2.126713
 127.256321 -2.159437
 127.765346 -2.144536
 128.274371 -2.134090
 128.783397 -2.134853
 129.292422 -2.116322
 129.801447 -2.150613
 130.310473 -2.159669
 130.819498 -2.167606
 131.328523 -2.144033
 131.837548 -2.161540
 132.346574 -2.109674
 132.855599 -2.116717
 133.364624 -2.182271
 133.873650 -2.150635
 134.382675 -2.112398
 134.891700 -2.215135
 135.400725 -2.181480
 135.909751 -2.128648
 136.418776 -2.149407
 136.927801 -2.136385
 137.436827 -2.135563
 137.945852 -2.193589
 138.454877 -2.078849
 138.963902 -2.145633
 139.472928 -2.186689
 139.981953 -2.191016
 140.490978 -2.088286
 141.000004 -2.086583
 141.509029 -2.186735
 142.018054 -2.195028
 142.527079 -2.155897
 143.036105 -2.094811
 143.545130 -2.072046
 144.054155 -2.199497
 144.563181 -2.201539
 145.072206 -2.180267
 145.581231 -2.131505
 146.090256 -2.144919
 146.599282 -2.102274
 147.108307 -2.171263
 147.617332 -2.167922
 148.126358 -2.050514
 148.635383 -2.054037
 149.144408 -2.084477
 149.653433 -2.188406
 150.162459 -2.173515
 150.671484 -2.141527
 151.180509 -2.127309
 151.689535 -2.173094
 152.198560 -2.147747
 152.707585 -2.130064
 153.216610 -2.186287
 153.725636 -2.134436
 154.234661 -2.143935
 154.743686 -2.155315
 155.252711 -2.166731
 155.761737 -2.196487
 156.270762 -2.159067
 156.779787 -2.174329
 157.288813 -2.204909
 157.797838 -2.115551
 158.306863 -2.080501
 158.815888 -2.132734
 159.324914 -2.228190
 159.833939 -2.089061
 160.342964 -2.108275
 160.851990 -2.220122
 161.361015 -2.196498
 161.870040 -2.133378
 162.379065 -2.152188
 162.888091 -2.140415
 163.397116 -2.103380
 163.906141 -2.076850
 164.415167 -2.126291
 164.924192 -2.176572
 165.433217 -2.103977
 165.942242 -2.085039
 166.451268 -2.054291
 166.960293 -2.087086
 167.469318 -2.175711
 167.978344 -2.226930
 168.487369 -2.189489
 168.996394 -2.077899
 169.505419 -2.052103
 170.014445 -2.159533
 170.523470 -2.190963
 171.032495 -2.147653
 171.541521 -2.071896
 172.050546 -2.132989
 172.559571 -2.161617
 173.068596 -2.109602
 173.577622 -2.047505
 174.086647 -2.071736
 174.595672 -2.151685
 175.104698 -2.189032
 175.613723 -2.122040
 176.122748 -2.115698
 176.631773 -2.175461
 177.140799 -2.128364
 177.649824 -2.063380
 178.158849 -2.118761
 178.667875 -2.157104
 179.176900 -2.162095
 179.685925 -2.087160
 180.194950 -2.089248
 180.703976 -2.148617
 181.213001 -2.138968
 181.722026 -2.081959
 182.231052 -2.097237
 182.740077 -2.159926
 183.249102 -2.178743
 183.758127 -2.112347
 184.267153 -2.086146
 184.776178 -2.105311
 185.285203 -2.108644
 185.794228 -2.113481
 186.303254 -2.115391
 186.812279 -2.094296
 187.321304 -2.191408
 187.830330 -2.133243
 188.339355 -2.087186
 188.848380 -2.068613
 189.357405 -2.129128
 189.866431 -2.192242
 190.375456 -2.157342
 190.884481 -2.110180
 191.393507 -2.093382
 191.902532 -2.060409
 192.411557 -2.130924
 192.920582 -2.156233
 193.429608 -2.174090
 193.938633 -2.147430
 194.447658 -2.089514
 194.956684 -2.119443
 195.465709 -2.159161
 195.974734 -2.121569
 196.483759 -2.089465
 196.992785 -2.078938
 197.501810 -2.083756
 198.010835 -2.126449
 198.519861 -2.174130
 199.028886 -2.199075
 199.537911 -2.147171
 200.046936 -2.132492
 200.555962 -2.088111
 201.064987 -2.118294
 201.574012 -2.197919
 202.083038 -2.162634
 202.592063 -2.071318
 203.101088 -2.104710
 203.610113 -2.128239
 204.119139 -2.193298
 204.628164 -2.116839
 205.137189 -2.165394
 205.646215 -2.128451
 206.155240 -2.156886
 206.664265 -2.090482
 207.173290 -2.100208
 207.682316 -2.132754
 208.191341 -2.145684
 208.700366 -2.169845
 209.209392 -2.137876
 209.718417 -2.082922
 210.227442 -2.094360
 210.736467 -2.147437
 211.245493 -2.128492
 211.754518 -2.105410
 212.263543 -2.091205
 212.772569 -2.153167
 213.281594 -2.114169
 213.790619 -2.123323
 214.299644 -2.095928
 214.808670 -2.181204
 215.317695 -2.112087
 215.826720 -2.115229
 216.335746 -2.108298
 216.844771 -2.151510
 217.353796 -2.116429
 217.862821 -2.145186
 218.371847 -2.172997
 218.880872 -2.192262
 219.389897 -2.153375
 219.898922 -2.113480
 220.407948 -2.086848
 220.916973 -2.168751
 221.425998 -2.210381
 221.935024 -2.136497
 222.444049 -2.104806
 222.953074 -2.095103
 223.462099 -2.144069
 223.971125 -2.106885
 224.480150 -2.140834
 224.989175 -2.158834
 225.498201 -2.155519
 226.007226 -2.130220
 226.516251 -2.180640
 227.025276 -2.169648
 227.534302 -2.141790
 228.043327 -2.085218
 228.552352 -2.133446
 229.061378 -2.159683
 229.570403 -2.144277
 230.079428 -2.106101
 230.588453 -2.063838
 231.097479 -2.107103
 231.606504 -2.076033
 232.115529 -2.091855
 232.624555 -2.133245
 233.133580 -2.163767
 233.642605 -2.207460
 234.151630 -2.192627
 234.660656 -2.098000
 235.169681 -2.101541
 235.678706 -2.178727
 236.187732 -2.176076
 236.696757 -2.114510
 237.205782 -2.164615
 237.714807 -2.148797
 238.223833 -2.100772
 238.732858 -2.111929
 239.241883 -2.100992
 239.750909 -2.120409
 240.259934 -2.156896
 240.768959 -2.096382
 241.277984 -2.135551
 241.787010 -2.082223
 242.296035 -2.157790
 242.805060 -2.146211
 243.314086 -2.035866
 243.823111 -2.052841
 244.332136 -2.163953
 244.841161 -2.221782
 245.350187 -2.077099
 245.859212 -2.080884
 246.368237 -2.119999
 246.877263 -2.132018
 247.386288 -2.171259
 247.895313 -2.146044
 248.404338 -2.056598
 248.913364 -2.059494
 249.422389 -2.149914
 249.931414 -2.140954
 250.440440 -2.180628
 250.949465 -2.168099
 251.458490 -2.047836
 251.967515 -2.069082
 252.476541 -2.206662
 252.985566 -2.199322
 253.494591 -2.129810
 254.003616 -2.065258
 254.512642 -2.159988
 255.021667 -2.149127
 255.530692 -2.125094
 256.039718 -2.121188
 256.548743 -2.132151
 257.057768 -2.120852
 257.566793 -2.122582
 258.075819 -2.127683
 258.584844 -2.128593
 259.093869 -2.151250
 259.602895 -2.162340
 260.111920 -2.107010
 260.620945 -2.187601
 261.129970 -2.130536
 261.638996 -2.018138
 262.148021 -2.056439
 262.657046 -2.127209
 263.166072 -2.110508
 263.675097 -2.103421
 264.184122 -2.145332
 264.693147 -2.128659
 265.202173 -2.161512
 265.711198 -2.128765
 266.220223 -2.164498
 266.729249 -2.098624
 267.238274 -2.127135
 267.747299 -2.128734
 268.256324 -2.101889
 268.765350 -2.122929
 269.274375 -2.100561
 269.783400 -2.132988
 270.292426 -2.125165
 270.801451 -2.129450
 271.310476 -2.204647
 271.819501 -2.140206
 272.328527 -2.057389
 272.837552 -2.039192
 273.346577 -2.081601
 273.855603 -2.164454
 274.364628 -2.182699
 274.873653 -2.079755
 275.382678 -2.117693
 275.891704 -2.182040
 276.400729 -2.211621
 276.909754 -2.169171
 277.418780 -2.089916
 277.927805 -2.061128
 278.436830 -2.181613
 278.945855 -2.204693
 279.454881 -2.085318
 279.963906 -1.986236
 280.472931 -2.046657
 280.981957 -2.115477
 281.490982 -2.158833
 282.000007 -2.151882
 282.509032 -2.101390
 283.018058 -2.093021
 283.527083 -2.119534
 284.036108 -2.166010
 284.545134 -2.123230
 285.054159 -2.152126
 285.563184 -2.195243
 286.072209 -2.211028
 286.581235 -2.147956
 287.090260 -2.074439
 287.599285 -2.090219
 288.108310 -2.150517
 288.617336 -2.174870
 289.126361 -2.151001
 289.635386 -2.064625
 290.144412 -2.099153
 290.653437 -2.126668
 291.162462 -2.156861
 291.671487 -2.124145
 292.180513 -2.085024
 292.689538 -2.117926
 293.198563 -2.089276
 293.707589 -2.149193
 294.216614 -2.173780
 294.725639 -2.075750
 295.234664 -2.086722
 295.743690 -2.144604
 296.252715 -2.251027
 296.761740 -2.236106
 297.270766 -2.135872
 297.779791 -2.054572
 298.288816 -2.178671
 298.797841 -2.185566
 299.306867 -2.084680
 299.815892 -2.137575
 300.324917 -2.221634
 300.833943 -2.156455
 301.342968 -2.125355
 301.851993 -2.138451
 302.361018 -2.134186
 302.870044 -2.170665
 303.379069 -2.107981
 303.888094 -2.095233
 304.397120 -2.149597
 304.906145 -2.140975
 305.415170 -2.149284
 305.924195 -2.101094
 306.433221 -2.097143
 306.942246 -2.091141
 307.451271 -2.132526
 307.960297 -2.152499
 308.469322 -2.088274
 308.978347 -2.021117
 309.487372 -2.136492
 309.996398 -2.123972
 310.505423 -2.088284
 311.014448 -2.095011
 311.523474 -2.100181
 312.032499 -2.166611
 312.541524 -2.153227
 313.050549 -2.066662
 313.559575 -2.074126
 314.068600 -2.193133
 314.577625 -2.217364
 315.086651 -2.136056
 315.595676 -2.043561
 316.104701 -2.113092
 316.613726 -2.152177
 317.122752 -2.133324
 317.631777 -2.108256
 318.140802 -2.117415
 318.649828 -2.190408
 319.158853 -2.160146
 319.667878 -2.083521
 320.176903 -2.110294
 320.685929 -2.191938
 321.194954 -2.119327
 321.703979 -2.078838
 322.213004 -2.053528
 322.722030 -2.110375
 323.231055 -2.128724
 323.740080 -2.126897
 324.249106 -2.150822
 324.758131 -2.138728
 325.267156 -2.111440
 325.776181 -2.051254
 326.285207 -2.035980
 326.794232 -2.147534
 327.303257 -2.142022
 327.812283 -2.102569
 328.321308 -2.159469
 328.830333 -2.152483
 329.339358 -2.121629
 329.848384 -2.082364
 330.357409 -2.092547
 330.866434 -2.124309
 331.375460 -2.191827
 331.884485 -2.148826
 332.393510 -2.091968
 332.902535 -2.081226
 333.411561 -2.128061
 333.920586 -2.140550
 334.429611 -2.138401
 334.938637 -2.163234
 335.447662 -2.111240
 335.956687 -2.076863
 336.465712 -2.139967
 336.974738 -2.175399
 337.483763 -2.103234
 337.992788 -2.091606
 338.501814 -2.147835
 339.010839 -2.153394
 339.519864 -2.113868
 340.028889 -2.097598
 340.537915 -2.069176
 341.046940 -2.107534
 341.555965 -2.138692
 342.064991 -2.110818
 342.574016 -2.078609
 343.083041 -2.102284
 343.592066 -2.098779
 344.101092 -2.130082
 344.610117 -2.217728
 345.119142 -2.173665
 345.628168 -2.083138
 346.137193 -2.070769
 346.646218 -2.146234
 347.155243 -2.110962
 347.664269 -2.082074
 348.173294 -2.069850
 348.682319 -2.107644
 349.191345 -2.067757
 349.700370 -2.194632
 350.209395 -2.126949
 350.718420 -2.096438
 351.227446 -2.078353
 351.736471 -2.012418
 352.245496 -2.086374
 352.754522 -2.159384
 353.263547 -2.173213
 353.772572 -2.120979
 354.281597 -2.055531
 354.790623 -2.067219
 355.299648 -2.108178
 355.808673 -2.122007
 356.317698 -2.133693
 356.826724 -2.176100
 357.335749 -2.088991
 357.844774 -2.248346
 358.353800 -2.225071
 358.862825 -2.108766
 359.371850 -2.018046
 359.880875 -2.085343
 360.389901 -2.157416
 360.898926 -2.108533
 361.407951 -2.082527
 361.916977 -2.136793
 362.426002 -2.127780
 362.935027 -2.149320
 363.444052 -2.169738
 363.953078 -2.063346
 364.462103 -2.027331
 364.971128 -2.114714
 365.480154 -2.097673
 365.989179 -2.108395
 366.498204 -2.149755
 367.007229 -2.144502
 367.516255 -2.080714
 368.025280 -2.096287
 368.534305 -2.165015
 369.043331 -2.190782
 369.552356 -2.136006
 370.061381 -2.069150
 370.570406 -2.106375
 371.079432 -2.149967
 371.588457 -2.106485
 372.097482 -2.082260
 372.606508 -2.122283
 373.115533 -2.126558
 373.624558 -2.124206
 374.133583 -2.106060
 374.642609 -2.169794
 375.151634 -2.167141
 375.660659 -2.142310
 376.169685 -2.121876
 376.678710 -2.140182
 377.187735 -2.091977
 377.696760 -2.110523
 378.205786 -2.186722
 378.714811 -2.152166
 379.223836 -2.073865
 379.732862 -2.106379
 380.241887 -2.109647
 380.750912 -2.090194
 381.259937 -2.121062
 381.768963 -2.136089
 382.277988 -2.109702
 382.787013 -2.122134
 383.296039 -2.110208
 383.805064 -2.169627
 384.314089 -2.086611
 384.823114 -2.064585
 385.332140 -2.106185
 385.841165 -2.144460
 386.350190 -2.149673
 386.859216 -2.158974
 387.368241 -2.081240
 387.877266 -2.086517
 388.386291 -2.223910
 388.895317 -2.109871
 389.404342 -2.027306
 389.913367 -2.141878
 390.422392 -2.156505
 390.931418 -2.124293
 391.440443 -2.104828
 391.949468 -2.092060
 392.458494 -2.084246
 392.967519 -2.173775
 393.476544 -2.241192
 393.985569 -2.160412
 394.494595 -2.067851
 395.003620 -2.119176
 395.512645 -2.121057
 396.021671 -2.132432
 396.530696 -2.043989
 397.039721 -2.052206
 397.548746 -2.102921
 398.057772 -2.144072
 398.566797 -2.120891
 399.075822 -2.108653
 399.584848 -2.081477
 400.093873 -2.102652
 400.602898 -2.082393
 401.111923 -2.166221
 401.620949 -2.181503
 402.129974 -2.214685
 402.638999 -2.141829
 403.148025 -2.048433
 403.657050 -2.102890
 404.166075 -2.210462
 404.675100 -2.101434
 405.184126 -2.075930
 405.693151 -2.066307
 406.202176 -2.108654
 406.711202 -2.105888
 407.220227 -2.097089
 407.729252 -2.214525
 408.238277 -2.186092
 408.747303 -2.107156
 409.256328 -2.020440
 409.765353 -2.090303
 410.274379 -2.143957
 410.783404 -2.174794
 411.292429 -2.166158
 411.801454 -2.092162
 412.310480 -2.041202
 412.819505 -2.084482
 413.328530 -2.071932
 413.837556 -2.120589
 414.346581 -2.133439
 414.855606 -2.138069
 415.364631 -2.155731
 415.873657 -2.089854
 416.382682 -2.136251
 416.891707 -2.141693
 417.400733 -2.153390
 417.909758 -2.140149
 418.418783 -2.124037
 418.927808 -2.079023
 419.436834 -2.125401
 419.945859 -2.080589
 420.454884 -2.146690
 420.963910 -2.179407
 421.472935 -2.139323
 421.981960 -2.111804
 422.490985 -2.136637
 423.000011 -2.141865
 423.509036 -2.066626
 424.018061 -2.108263
 424.527086 -2.180248
 425.036112 -2.162315
 425.545137 -2.102518
 426.054162 -2.107957
 426.563188 -2.103650
 427.072213 -2.094891
 427.581238 -2.087511
 428.090263 -2.079540
 428.599289 -2.143333
 429.108314 -2.202163
 429.617339 -2.185227
 430.126365 -2.132537
 430.635390 -1.993433
 431.144415 -2.070382
 431.653440 -2.160501
 432.162466 -2.114942
 432.671491 -2.103255
 433.180516 -2.082905
 433.689542 -2.066483
 434.198567 -2.104174
 434.707592 -2.100141
 435.216617 -2.138301
 435.725643 -2.120117
 436.234668 -2.078655
 436.743693 -2.059536
 437.252719 -2.180899
 437.761744 -2.219123
 438.270769 -2.132801
 438.779794 -2.099161
 439.288820 -2.071384
 439.797845 -2.167746
 440.306870 -2.167412
 440.815896 -2.152722
 441.324921 -2.105132
 441.833946 -2.037798
 442.342971 -2.136999
 442.851997 -2.155273
 443.361022 -2.081262
 443.870047 -2.096042
 444.379073 -2.076211
 444.888098 -2.102162
 445.397123 -2.168851
 445.906148 -2.188972
 446.415174 -2.102224
 446.924199 -2.086716
 447.433224 -2.106836
 447.942250 -2.159244
 448.451275 -2.226319
 448.960300 -2.186107
 449.469325 -2.091135
 449.978351 -2.076976
 450.487376 -2.075301
 450.996401 -2.069265
 451.505427 -2.129573
 452.014452 -2.131442
 452.523477 -2.129764
 453.032502 -2.120469
 453.541528 -2.185074
 454.050553 -2.224757
 454.559578 -2.140219
 455.068604 -2.030660
 455.577629 -2.091348
 456.086654 -2.108862
 456.595679 -2.069498
 457.104705 -2.125512
 457.613730 -2.115495
 458.122755 -2.174514
 458.631780 -2.132184
 459.140806 -2.151116
 459.649831 -2.107908
 460.158856 -2.118014
 460.667882 -2.142092
 461.176907 -2.112147
 461.685932 -2.066316
 462.194957 -2.101522
 462.703983 -2.152944
 463.213008 -2.106635
 463.722033 -2.169545
 464.231059 -2.109226
 464.740084 -2.188029
 465.249109 -2.108327
 465.758134 -2.113957
 466.267160 -2.138056
 466.776185 -2.126640
 467.285210 -2.109512
 467.794236 -2.126061
 468.303261 -2.118528
 468.812286 -2.037976
 469.321311 -2.048482
 469.830337 -2.104475
 470.339362 -2.141357
 470.848387 -2.152129
 471.357413 -2.181761
 471.866438 -2.104958
 472.375463 -2.057813
 472.884488 -2.097052
 473.393514 -2.091006
 473.902539 -2.107516
 474.411564 -2.135606
 474.920590 -2.163608
 475.429615 -2.214637
 475.938640 -2.154645
 476.447665 -2.160493
 476.956691 -2.185615
 477.465716 -2.206940
 477.974741 -2.143835
 478.483767 -2.120804
 478.992792 -2.179849
 479.501817 -2.164404
 480.010842 -2.132914
 480.519868 -2.127588
 481.028893 -2.104726
 481.537918 -2.170685
 482.046944 -2.196741
 482.555969 -2.145540
 483.064994 -2.105832
 483.574019 -2.115986
 484.083045 -2.211888
 484.592070 -2.171916
 485.101095 -2.086187
 485.610121 -2.069266
 486.119146 -2.125672
 486.628171 -2.202357
 487.137196 -2.105335
 487.646222 -2.092415
 488.155247 -2.148539
 488.664272 -2.178683
 489.173297 -2.119973
 489.682323 -2.112092
 490.191348 -2.127321
 490.700373 -2.142728
 491.209399 -2.143193
 491.718424 -2.064083
 492.227449 -2.135738
 492.736474 -2.165252
 493.245500 -2.176510
 493.754525 -2.098613
 494.263550 -2.058761
 494.772576 -2.120072
 495.281601 -2.161038
 495.790626 -2.193636
 496.299651 -2.126195
 496.808677 -2.140403
 497.317702 -2.149330
 497.826727 -2.142601
 498.335753 -2.159842
 498.844778 -2.185949
 499.353803 -2.138305
 499.862828 -2.140329
 500.371854 -2.118948
 500.880879 -2.202423
 501.389904 -2.161735
 501.898930 -2.053019
 502.407955 -2.124917
 502.916980 -2.091931
 503.426005 -2.102353
 503.935031 -2.047264
 504.444056 -2.104303
 504.953081 -2.151047
 505.462107 -2.177433
 505.971132 -2.152793
 506.480157 -2.103616
 506.989182 -2.133353
 507.498208 -2.108777
 508.007233 -2.124580
 508.516258 -2.159393
 509.025284 -2.187587
 509.534309 -2.161806
 510.043334 -2.179385
 510.552359 -2.137211
 511.061385 -2.102046
 511.570410 -2.112983
 512.079435 -2.115426
 512.588461 -2.112548
 513.097486 -2.109945
 513.606511 -2.092892
 514.115536 -2.147314
 514.624562 -2.145036
 515.133587 -2.098550
 515.642612 -2.045420
 516.151638 -2.086928
 516.660663 -2.227255
 517.169688 -2.138353
 517.678713 -2.087710
 518.187739 -2.195871
 518.696764 -2.148601
 519.205789 -2.121225
 519.714815 -2.103244
 520.223840 -2.072602
 520.732865 -2.158958
 521.241890 -2.178564
 521.750916 -2.123210
 522.259941 -2.136502
 522.768966 -2.163919
 523.277991 -2.140987
 523.787017 -2.055086
 524.296042 -2.008610
 524.805067 -2.080501
 525.314093 -2.198669
 525.823118 -2.194110
 526.332143 -2.142116
 526.841168 -2.067878
 527.350194 -2.134846
 527.859219 -2.198878
 528.368244 -2.171855
 528.877270 -2.095233
 529.386295 -2.105409
 529.895320 -2.157162
 530.404345 -2.127572
 530.913371 -2.137636
 531.422396 -2.162642
 531.931421 -2.115993
 532.440447 -2.132948
 532.949472 -2.116142
 533.458497 -2.118283
 533.967522 -2.105377
 534.476548 -2.136145
 534.985573 -2.141695
 535.494598 -2.148307
 536.003624 -2.099030
 536.512649 -2.110855
 537.021674 -2.181193
 537.530699 -2.201480
 538.039725 -2.156945
 538.548750 -2.088255
 539.057775 -2.164114
 539.566801 -2.127552
 540.075826 -2.092970
 540.584851 -2.100019
 541.093876 -2.099045
 541.602902 -2.096245
 542.111927 -2.116832
 542.620952 -2.087092
 543.129978 -2.132704
 543.639003 -2.135942
 544.148028 -2.109859
 544.657053 -2.103390
 545.166079 -2.113925
 545.675104 -2.153223
 546.184129 -2.133244
 546.693155 -2.105793
 547.202180 -2.049997
 547.711205 -2.108261
 548.220230 -2.219432
 548.729256 -2.152901
 549.238281 -2.091826
 549.747306 -2.135153
 550.256332 -2.202581
 550.765357 -2.134826
 551.274382 -2.144952
 551.783407 -2.133434
 552.292433 -2.124434
 552.801458 -2.170889
 553.310483 -2.229690
 553.819509 -2.124435
 554.328534 -1.998808
 554.837559 -2.031872
 555.346584 -2.216193
 555.855610 -2.223769
 556.364635 -2.138426
 556.873660 -2.110055
 557.382685 -2.135694
 557.891711 -2.210946
 558.400736 -2.176756
 558.909761 -2.060927
 559.418787 -2.077154
 559.927812 -2.196637
 560.436837 -2.199095
 560.945862 -2.154436
 561.454888 -2.136440
 561.963913 -2.140095
 562.472938 -2.127160
 562.981964 -2.137332
 563.490989 -2.161998
 564.000014 -2.199386
 564.509039 -2.101859
 565.018065 -2.102425
 565.527090 -2.116032
 566.036115 -2.121908
 566.545141 -2.118055
 567.054166 -2.141516
 567.563191 -2.154178
 568.072216 -2.096033
 568.581242 -2.100465
 569.090267 -2.099877
 569.599292 -2.161432
 570.108318 -2.181862
 570.617343 -2.105005
 571.126368 -2.160611
 571.635393 -2.146658
 572.144419 -2.156355
 572.653444 -2.115180
 573.162469 -2.073726
 573.671495 -2.118940
 574.180520 -2.174985
 574.689545 -2.121266
 575.198570 -2.102973
 575.707596 -2.079303
 576.216621 -2.148409
 576.725646 -2.124251
 577.234672 -2.097079
 577.743697 -2.051357
 578.252722 -2.142242
 578.761747 -2.216396
 579.270773 -2.206825
 579.779798 -2.165854
 580.288823 -2.053722
 580.797849 -2.044728
 581.306874 -2.165831
 581.815899 -2.126327
 582.324924 -2.061556
 582.833950 -2.138704
 583.342975 -2.130201
 583.852000 -2.096229
 584.361026 -2.135280
 584.870051 -2.148711
 585.379076 -2.157466
 585.888101 -2.133026
 586.397127 -2.153806
 586.906152 -2.079300
 587.415177 -2.097621
 587.924203 -2.107449
 588.433228 -2.045105
 588.942253 -2.165204
 589.451278 -2.202720
 589.960304 -2.134576
 590.469329 -2.060674
 590.978354 -2.063226
 591.487379 -2.091189
 591.996405 -2.144417
 592.505430 -2.149904
 593.014455 -2.163563
 593.523481 -2.088754
 594.032506 -2.029279
 594.541531 -2.077762
 595.050556 -2.153544
 595.559582 -2.157297
 596.068607 -2.196866
 596.577632 -2.133050
 597.086658 -2.065453
 597.595683 -2.083324
 598.104708 -2.078211
 598.613733 -2.149312
 599.122759 -2.174674
 599.631784 -2.099602
 600.140809 -2.074787
 600.649835 -2.062527
 601.158860 -2.170317
 601.667885 -2.190763
 602.176910 -2.157628
 602.685936 -2.097259
 603.194961 -2.059343
 603.703986 -2.066314
 604.213012 -2.094298
 604.722037 -2.099765
 605.231062 -2.121767
 605.740087 -2.158396
 606.249113 -2.178076
 606.758138 -2.125897
 607.267163 -2.062399
 607.776189 -2.132855
 608.285214 -2.163282
 608.794239 -2.093403
 609.303264 -2.052354
 609.812290 -2.126790
 610.321315 -2.138149
 610.830340 -2.130120
 611.339366 -2.124086
 611.848391 -2.095103
 612.357416 -2.109709
 612.866441 -2.119965
 613.375467 -2.112716
 613.884492 -2.151588
 614.393517 -2.138944
 614.902543 -2.105656
 615.411568 -2.140149
 615.920593 -2.154523
 616.429618 -2.129717
 616.938644 -2.176873
 617.447669 -2.119519
 617.956694 -2.091219
 618.465720 -2.123688
 618.974745 -2.147417
 619.483770 -2.127938
 619.992795 -2.122011
 620.501821 -2.104731
 621.010846 -2.076861
 621.519871 -2.076208
 622.028897 -2.114524
 622.537922 -2.146405
 623.046947 -2.153807
 623.555972 -2.134830
 624.064998 -2.066621
 624.574023 -2.055134
 625.083048 -2.058000
 625.592073 -2.104457
 626.101099 -2.117694
 626.610124 -2.105013
 627.119149 -2.056230
 627.628175 -2.156605
 628.137200 -2.182581
 628.646225 -2.125881
 629.155250 -2.131414
 629.664276 -2.099882
 630.173301 -2.013504
 630.682326 -2.092077
 631.191352 -2.175710
 631.700377 -2.118611
 632.209402 -2.062404
 632.718427 -2.101849
 633.227453 -2.180577
 633.736478 -2.201779
 634.245503 -2.140002
 634.754529 -2.089200
 635.263554 -2.062352
 635.772579 -2.094678
 636.281604 -2.157789
 636.790630 -2.211019
 637.299655 -2.149945
 637.808680 -2.103710
 638.317706 -2.125018
 638.826731 -2.147417
 639.335756 -2.121747
 639.844781 -2.074045
 640.353807 -2.136201
 640.862832 -2.171589
 641.371857 -2.140556
 641.880883 -2.028497
 642.389908 -2.082615
 642.898933 -2.093103
 643.407958 -2.046299
 643.916984 -2.099877
 644.426009 -2.190726
 644.935034 -2.143490
 645.444060 -2.145248
 645.953085 -2.114055
 646.462110 -2.056536
 646.971135 -2.016443
 647.480161 -2.046465
 647.989186 -2.169117
 648.498211 -2.201488
 649.007237 -2.132529
 649.516262 -2.081217
 650.025287 -2.032172
 650.534312 -2.105503
 651.043338 -2.178233
 651.552363 -2.152905
 652.061388 -2.150170
 652.570414 -2.086875
 653.079439 -2.117719
 653.588464 -2.169804
 654.097489 -2.170451
 654.606515 -2.119929
 655.115540 -2.081552
 655.624565 -2.136853
 656.133591 -2.136464
 656.642616 -2.102558
 657.151641 -2.149477
 657.660666 -2.190956
 658.169692 -2.138506
 658.678717 -2.116544
 659.187742 -2.104722
 659.696767 -2.170046
 660.205793 -2.108708
 660.714818 -2.074029
 661.223843 -2.140603
 661.732869 -2.158986
 662.241894 -2.113291
 662.750919 -2.087259
 663.259944 -2.141318
 663.768970 -2.187445
 664.277995 -2.146888
 664.787020 -2.111824
 665.296046 -2.089980
 665.805071 -2.128444
 666.314096 -2.143958
 666.823121 -2.136760
 667.332147 -2.117295
 667.841172 -2.094150
 668.350197 -2.144419
 668.859223 -2.207353
 669.368248 -2.202391
 669.877273 -2.122619
 670.386298 -2.089410
 670.895324 -2.106354
 671.404349 -2.164589
 671.913374 -2.143053
 672.422400 -2.113481
 672.931425 -2.112909
 673.440450 -2.082880
 673.949475 -2.094323
 674.458501 -2.172022
 674.967526 -2.175541
 675.476551 -2.133074
 675.985577 -2.091318
 676.494602 -2.154951
 677.003627 -2.152457
 677.512652 -2.124528
 678.021678 -2.099319
 678.530703 -2.118457
 679.039728 -2.169366
 679.548754 -2.220008
 680.057779 -2.112614
 680.566804 -2.064536
 681.075829 -2.115585
 681.584855 -2.194899
 682.093880 -2.159983
 682.602905 -2.144019
 683.111931 -2.079098
 683.620956 -2.136653
 684.129981 -2.219864
 684.639006 -2.174389
 685.148032 -2.137666
 685.657057 -2.121758
 686.166082 -2.145660
 686.675108 -2.176726
 687.184133 -2.135258
 687.693158 -2.090673
 688.202183 -2.058786
 688.711209 -2.137032
 689.220234 -2.174056
 689.729259 -2.144696
 690.238285 -2.074250
 690.747310 -2.059097
 691.256335 -2.161057
 691.765360 -2.120617
 692.274386 -2.079229
 692.783411 -2.143893
 693.292436 -2.137490
 693.801461 -2.110367
 694.310487 -2.151538
 694.819512 -2.133664
 695.328537 -2.145803
 695.837563 -2.186075
 696.346588 -2.148766
 696.855613 -2.121789
 697.364638 -2.142677
 697.873664 -2.122444
 698.382689 -2.113634
 698.891714 -2.134075
 699.400740 -2.154198
 699.909765 -2.157652
 700.418790 -2.091681
 700.927815 -2.082313
 701.436841 -2.150670
 701.945866 -2.213275
 702.454891 -2.083856
 702.963917 -2.106061
 703.472942 -2.143074
 703.981967 -2.114996
 704.490992 -2.134234
 705.000018 -2.199481
 705.509043 -2.116446
 706.018068 -2.080910
 706.527094 -2.053505
 707.036119 -2.180387
 707.545144 -2.182822
 708.054169 -2.111525
 708.563195 -2.149102
 709.072220 -2.114822
 709.581245 -2.140909
 710.090271 -2.147645
 710.599296 -2.120419
 711.108321 -2.076652
 711.617346 -2.095021
 712.126372 -2.121712
 712.635397 -2.105450
 713.144422 -2.110253
 713.653448 -2.121536
 714.162473 -2.124721
 714.671498 -2.142589
 715.180523 -2.152113
 715.689549 -2.122861
 716.198574 -2.102092
 716.707599 -2.121129
 717.216625 -2.088537
 717.725650 -2.078299
 718.234675 -2.130654
 718.743700 -2.125374
 719.252726 -2.055136
 719.761751 -2.088987
 720.270776 -2.140139
 720.779802 -2.056783
 721.288827 -2.075208
 721.797852 -2.130023
 722.306877 -2.144423
 722.815903 -2.132519
 723.324928 -2.071109
 723.833953 -2.113425
 724.342979 -2.164021
 724.852004 -2.170652
 725.361029 -2.204144
 725.870054 -2.113366
 726.379080 -2.011834
 726.888105 -2.085677
 727.397130 -2.144251
 727.906155 -2.131968
 728.415181 -2.177257
 728.924206 -2.110595
 729.433231 -2.147162
 729.942257 -2.118460
 730.451282 -2.145503
 730.960307 -2.115320
 731.469332 -2.187963
 731.978358 -2.175474
 732.487383 -2.162111
 732.996408 -2.095488
 733.505434 -2.097247
 734.014459 -2.149664
 734.523484 -2.135017
 735.032509 -2.083588
 735.541535 -2.084390
 736.050560 -2.196913
 736.559585 -2.126357
 737.068611 -2.052227
 737.577636 -2.083338
 738.086661 -2.195057
 738.595686 -2.207401
 739.104712 -2.086854
 739.613737 -2.062633
 740.122762 -2.125896
 740.631788 -2.184778
 741.140813 -2.160360
 741.649838 -2.091117
 742.158863 -2.105496
 742.667889 -2.123872
 743.176914 -2.176723
 743.685939 -2.174136
 744.194965 -2.111947
 744.703990 -2.097195
 745.213015 -2.092402
 745.722040 -2.112292
 746.231066 -2.147047
 746.740091 -2.162147
 747.249116 -2.140064
 747.758142 -2.074023
 748.267167 -2.083134
 748.776192 -2.100283
 749.285217 -2.146579
 749.794243 -2.145345
 750.303268 -2.142908
 750.812293 -2.098684
 751.321319 -2.087844
 751.830344 -2.091941
 752.339369 -2.129792
 752.848394 -2.169568
 753.357420 -2.218269
 753.866445 -2.104888
 754.375470 -2.037768
 754.884496 -2.094222
 755.393521 -2.161012
 755.902546 -2.108577
 756.411571 -2.082447
 756.920597 -2.165147
 757.429622 -2.221791
 757.938647 -2.180002
 758.447673 -2.070258
 758.956698 -2.062322
 759.465723 -2.099243
 759.974748 -2.124631
 760.483774 -2.110863
 760.992799 -2.179341
 761.501824 -2.132720
 762.010849 -2.110980
 762.519875 -2.134015
 763.028900 -2.088722
 763.537925 -2.129644
 764.046951 -2.164230
 764.555976 -2.195364
 765.065001 -2.108138
 765.574026 -2.055213
 766.083052 -2.196600
 766.592077 -2.137347
 767.101102 -2.080144
 767.610128 -2.101375
 768.119153 -2.209071
 768.628178 -2.169391
 769.137203 -2.075002
 769.646229 -2.092848
 770.155254 -2.105216
 770.664279 -2.125119
 771.173305 -2.216401
 771.682330 -2.221884
 772.191355 -2.112601
 772.700380 -2.067862
 773.209406 -2.079641
 773.718431 -2.092698
 774.227456 -2.079261
 774.736482 -2.176877
 775.245507 -2.145585
 775.754532 -2.112711
 776.263557 -2.098131
 776.772583 -2.127865
 777.281608 -2.130395
 777.790633 -2.138550
 778.299659 -2.149864
 778.808684 -2.153962
 779.317709 -2.112620
 779.826734 -2.131169
 780.335760 -2.150127
 780.844785 -2.154916
 781.353810 -2.204502
 781.862836 -2.233302
 782.371861 -2.127742
 782.880886 -2.103638
 783.389911 -2.118539
 783.898937 -2.138388
 784.407962 -2.142256
 784.916987 -2.105058
 785.426013 -2.095570
 785.935038 -2.136590
 786.444063 -2.072454
 786.953088 -2.081002
 787.462114 -2.074138
 787.971139 -2.096990
 788.480164 -2.094315
 788.989190 -2.121623
 789.498215 -2.156971
 790.007240 -2.165193
 790.516265 -2.200616
 791.025291 -2.129368
 791.534316 -2.101514
 792.043341 -2.094499
 792.552366 -2.091607
 793.061392 -2.163522
 793.570417 -2.144590
 794.079442 -2.143313
 794.588468 -2.108739
 795.097493 -2.128619
 795.606518 -2.150278
 796.115543 -2.110213
 796.624569 -2.089961
 797.133594 -2.114317
 797.642619 -2.174190
 798.151645 -2.115585
 798.660670 -2.042938
 799.169695 -2.108087
 799.678720 -2.071835
 800.187746 -2.130706
 800.696771 -2.152784
 801.205796 -2.189743
 801.714822 -2.177832
 802.223847 -2.095063
 802.732872 -2.077637
 803.241897 -2.136178
 803.750923 -2.195627
 804.259948 -2.103648
 804.768973 -2.085966
 805.277999 -2.116264
 805.787024 -2.168379
 806.296049 -2.181587
 806.805074 -2.143441
 807.314100 -2.095376
 807.823125 -2.119790
 808.332150 -2.126859
 808.841176 -2.035577
 809.350201 -2.096452
 809.859226 -2.146182
 810.368251 -2.142210
 810.877277 -2.133177
 811.386302 -2.118000
 811.895327 -2.075403
 812.404353 -2.097247
 812.913378 -2.106361
 813.422403 -2.099131
 813.931428 -2.118920
 814.440454 -2.210425
 814.949479 -2.110504
 815.458504 -2.090644
 815.967530 -2.164109
 816.476555 -2.139338
 816.985580 -2.126553
 817.494605 -2.072766
 818.003631 -2.100444
 818.512656 -2.187749
 819.021681 -2.141477
 819.530707 -2.125660
 820.039732 -2.109565
 820.548757 -2.085590
 821.057782 -2.170155
 821.566808 -2.206704
 822.075833 -2.150898
 822.584858 -2.105947
 823.093884 -2.144774
 823.602909 -2.190532
 824.111934 -2.157875
 824.620959 -2.129296
 825.129985 -2.139621
 825.639010 -2.116039
 826.148035 -2.107637
 826.657060 -2.116779
 827.166086 -2.118007
 827.675111 -2.195620
 828.184136 -2.131562
 828.693162 -2.149188
 829.202187 -2.146557
 829.711212 -2.076475
 830.220237 -2.080912
 830.729263 -2.114258
 831.238288 -2.159267
 831.747313 -2.152845
 832.256339 -2.089111
 832.765364 -2.094889
 833.274389 -2.140103
 833.783414 -2.134702
 834.292440 -2.108526
 834.801465 -2.124073
 835.310490 -2.123784
 835.819516 -2.169115
 836.328541 -2.178219
 836.837566 -2.131262
 837.346591 -2.087130
 837.855617 -2.184126
 838.364642 -2.199410
 838.873667 -2.127701
 839.382693 -2.119863
 839.891718 -2.145946
 840.400743 -2.151297
 840.909768 -2.139437
 841.418794 -2.100616
 841.927819 -2.084843
 842.436844 -2.141728
 842.945870 -2.199133
 843.454895 -2.058756
 843.963920 -2.103633
 844.472945 -2.192634
 844.981971 -2.220237
 845.490996 -2.118800
 846.000021 -2.082819
 846.509047 -2.120073
 847.018072 -2.109789
 847.527097 -2.103697
 848.036122 -2.054803
 848.545148 -2.085075
 849.054173 -2.168602
 849.563198 -2.143629
 850.072224 -2.112405
 850.581249 -2.090606
 851.090274 -2.170077
 851.599299 -2.143463
 852.108325 -2.131202
 852.617350 -2.114948
 853.126375 -2.137754
 853.635401 -2.112231
 854.144426 -2.103041
 854.653451 -2.171976
 855.162476 -2.145766
 855.671502 -2.134193
 856.180527 -2.098551
 856.689552 -2.158833
 857.198578 -2.085179
 857.707603 -2.078097
 858.216628 -2.155489
 858.725653 -2.140859
 859.234679 -2.050415
 859.743704 -2.114536
 860.252729 -2.130116
 860.761754 -2.133604
 861.270780 -2.172322
 861.779805 -2.072251
 862.288830 -2.010168
 862.797856 -2.128806
 863.306881 -2.153662
 863.815906 -2.077512
 864.324931 -2.091270
 864.833957 -2.121409
 865.342982 -2.096499
 865.852007 -2.079661
 866.361033 -2.123179
 866.870058 -2.122385
 867.379083 -2.114656
 867.888108 -2.122514
 868.397134 -2.095967
 868.906159 -2.161005
 869.415184 -2.140297
 869.924210 -2.156403
 870.433235 -2.150345
 870.942260 -2.158225
 871.451285 -2.133202
 871.960311 -2.130692
 872.469336 -2.094925
 872.978361 -2.125064
 873.487387 -2.144028
 873.996412 -2.194322
 874.505437 -2.135481
 875.014462 -2.135589
 875.523488 -2.078684
 876.032513 -2.158478
 876.541538 -2.202597
 877.050564 -2.155386
 877.559589 -2.106234
 878.068614 -2.156083
 878.577639 -2.179401
 879.086665 -2.149878
 879.595690 -2.116172
 880.104715 -2.041394
 880.613741 -2.078037
 881.122766 -2.142307
 881.631791 -2.131801
 882.140816 -2.082700
 882.649842 -2.090147
 883.158867 -2.143742
 883.667892 -2.179065
 884.176918 -2.173279
 884.685943 -2.080363
 885.194968 -2.053851
 885.703993 -2.146270
 886.213019 -2.142458
 886.722044 -2.123844
 887.231069 -2.111518
 887.740095 -2.140973
 888.249120 -2.104819
 888.758145 -2.104428
 889.267170 -2.126976
 889.776196 -2.077434
 890.285221 -2.100864
 890.794246 -2.170679
 891.303272 -2.165446
 891.812297 -2.116686
 892.321322 -2.174024
 892.830347 -2.149671
 893.339373 -2.147748
 893.848398 -2.128216
 894.357423 -2.120919
 894.866448 -2.159473
 895.375474 -2.137052
 895.884499 -2.118094
 896.393524 -2.061434
 896.902550 -2.108791
 897.411575 -2.118774
 897.920600 -2.106205
 898.429625 -2.115261
 898.938651 -2.131183
 899.447676 -2.101304
 899.956701 -2.146348
 900.465727 -2.111633
 900.974752 -2.084383
 901.483777 -2.116963
 901.992802 -2.153003
 902.501828 -2.189662
 903.010853 -2.117849
 903.519878 -2.216816
 904.028904 -2.139970
 904.537929 -2.136594
 905.046954 -2.101358
 905.555979 -2.100428
 906.065005 -2.099727
 906.574030 -2.111155
 907.083055 -2.127804
 907.592081 -2.194972
 908.101106 -2.152134
 908.610131 -2.075722
 909.119156 -2.069463
 909.628182 -2.099803
 910.137207 -2.238047
 910.646232 -2.177708
 911.155258 -2.096371
 911.664283 -2.102380
 912.173308 -2.106570
 912.682333 -2.124774
 913.191359 -2.135209
 913.700384 -2.187085
 914.209409 -2.136761
 914.718435 -2.121360
 915.227460 -2.130471
 915.736485 -2.134215
 916.245510 -2.072359
 916.754536 -2.061391
 917.263561 -2.153260
 917.772586 -2.169171
 918.281612 -2.192510
 918.790637 -2.125367
 919.299662 -2.089545
 919.808687 -2.121067
 920.317713 -2.091904
 920.826738 -2.132491
 921.335763 -2.113993
 921.844789 -2.120719
 922.353814 -2.156305
 922.862839 -2.177809
 923.371864 -2.142778
 923.880890 -2.170986
 924.389915 -2.115980
 924.898940 -2.064369
 925.407966 -2.103743
 925.916991 -2.101070
 926.426016 -2.114703
 926.935041 -2.139128
 927.444067 -2.169356
 927.953092 -2.101805
 928.462117 -2.127798
 928.971142 -2.162121
 929.480168 -2.126668
 929.989193 -2.177300
 930.498218 -2.101156
 931.007244 -2.069917
 931.516269 -2.121293
 932.025294 -2.167406
 932.534319 -2.130252
 933.043345 -2.048366
 933.552370 -2.148826
 934.061395 -2.148290
 934.570421 -2.136990
 935.079446 -2.109928
 935.588471 -2.169253
 936.097496 -2.162909
 936.606522 -2.135989
 937.115547 -2.059017
 937.624572 -2.108871
 938.133598 -2.090254
 938.642623 -2.222192
 939.151648 -2.154541
 939.660673 -2.076751
 940.169699 -2.050858
 940.678724 -2.175126
 941.187749 -2.274490
 941.696775 -2.170135
 942.205800 -2.033436
 942.714825 -2.118567
 943.223850 -2.190780
 943.732876 -2.188342
 944.241901 -2.143856
 944.750926 -2.047291
 945.259952 -2.118796
 945.768977 -2.132929
 946.278002 -2.172515
 946.787027 -2.116219
 947.296053 -2.081959
 947.805078 -2.060930
 948.314103 -2.146673
 948.823129 -2.238509
 949.332154 -2.207387
 949.841179 -2.092484
 950.350204 -2.053254
 950.859230 -2.088863
 951.368255 -2.174209
 951.877280 -2.128417
 952.386306 -2.154590
 952.895331 -2.178022
 953.404356 -2.141687
 953.913381 -2.087309
 954.422407 -2.025822
 954.931432 -2.086027
 955.440457 -2.144121
 955.949483 -2.142058
 956.458508 -2.147471
 956.967533 -2.130729
 957.476558 -2.121679
 957.985584 -2.146165
 958.494609 -2.111809
 959.003634 -2.123667
 959.512660 -2.168964
 960.021685 -2.124680
 960.530710 -2.096605
 961.039735 -2.116962
 961.548761 -2.216484
 962.057786 -2.153662
 962.566811 -2.072286
 963.075836 -2.124866
 963.584862 -2.116573
 964.093887 -2.115217
 964.602912 -2.167123
 965.111938 -2.173440
 965.620963 -2.145298
 966.129988 -2.085186
 966.639013 -2.063823
 967.148039 -2.113882
 967.657064 -2.124351
 968.166089 -2.156819
 968.675115 -2.103389
 969.184140 -2.124733
 969.693165 -2.139399
 970.202190 -2.128952
 970.711216 -2.184337
 971.220241 -2.130204
 971.729266 -2.074775
 972.238292 -2.106838
 972.747317 -2.177337
 973.256342 -2.140265
 973.765367 -2.155467
 974.274393 -2.123018
 974.783418 -2.103961
 975.292443 -2.125018
 975.801469 -2.101843
 976.310494 -2.168494
 976.819519 -2.074831
 977.328544 -2.065224
 977.837570 -2.116255
 978.346595 -2.238112
 978.855620 -2.165043
 979.364646 -2.098751
 979.873671 -2.067643
 980.382696 -2.157008
 980.891721 -2.165141
 981.400747 -2.121546
 981.909772 -2.118596
 982.418797 -2.131043
 982.927823 -2.105586
 983.436848 -2.115073
 983.945873 -2.089618
 984.454898 -2.162467
 984.963924 -2.184165
 985.472949 -2.143009
 985.981974 -2.057644
 986.491000 -2.046763
 987.000025 -2.128110
 987.509050 -2.172220
 988.018075 -2.170892
 988.527101 -2.106984
 989.036126 -2.090007
 989.545151 -2.089392
 990.054177 -2.122224
 990.563202 -2.118571
 991.072227 -2.138606
 991.581252 -2.128996
 992.090278 -2.172332
 992.599303 -2.159543
 993.108328 -2.122930
 993.617354 -2.149485
 994.126379 -2.139139
 994.635404 -2.150215
 995.144429 -2.060572
 995.653455 -2.137684
 996.162480 -2.143217
 996.671505 -2.159961
 997.180530 -2.151719
 997.689556 -2.097092
 998.198581 -2.113987
 998.707606 -2.124591
 999.216632 -2.159621
 999.725657 -2.126039
 1000.234682 -2.147813
 1000.743707 -2.154400
 1001.252733 -2.105721
 1001.761758 -2.160775
 1002.270783 -2.159968
 1002.779809 -2.076270
 1003.288834 -2.047146
 1003.797859 -2.142971
 1004.306884 -2.246439
 1004.815910 -2.179430
 1005.324935 -2.083532
 1005.833960 -2.098676
 1006.342986 -2.202232
 1006.852011 -2.187088
 1007.361036 -2.056295
 1007.870061 -2.100448
 1008.379087 -2.107550
 1008.888112 -2.077105
 1009.397137 -2.087486
 1009.906163 -2.111399
 1010.415188 -2.181903
 1010.924213 -2.147432
 1011.433238 -2.204219
 1011.942264 -2.183571
 1012.451289 -2.151946
 1012.960314 -2.135848
 1013.469340 -2.177284
 1013.978365 -2.219927
 1014.487390 -2.134832
 1014.996415 -2.098629
 1015.505441 -2.161679
 1016.014466 -2.199015
 1016.523491 -2.130945
 1017.032517 -2.100137
 1017.541542 -2.165163
 1018.050567 -2.159045
