#! FIELDS time cv
 0.000000 -3.085418
 0.509025 -3.226925
 1.018051 -3.246827
 1.527076 -3.157541
 2.036101 -3.059950
 2.545126 -3.217972
 3.054152 -3.219885
 3.563177 -3.145890
 4.072202 -3.166697
 4.581228 -3.165985
 5.090253 -3.257055
 5.599278 -3.160119
 6.108303 -3.067266
 6.617329 -3.200181
 7.126354 -3.213481
 7.635379 -3.210069
 8.144405 -3.193530
 8.653430 -3.180905
 9.162455 -3.175916
 9.671480 -3.211293
 10.180506 -3.216528
 10.689531 -3.154063
 11.198556 -3.135792
 11.707582 -3.187716
 12.216607 -3.242999
 12.725632 -3.191565
 13.234657 -3.134023
 13.743683 -3.119551
 14.252708 -3.230256
 14.761733 -3.228565
 15.270759 -3.130319
 15.779784 -3.139899
 16.288809 -3.231131
 16.797834 -3.218316
 17.306860 -3.180902
 17.815885 -3.116544
 18.324910 -3.185342
 18.833935 -3.246928
 19.342961 -3.251894
 19.851986 -3.165275
 20.361011 -3.124077
 20.870037 -3.199128
 21.379062 -3.200767
 21.888087 -3.149308
 22.397112 -3.188053
 22.906138 -3.248366
 23.415163 -3.189268
 23.924188 -3.183384
 24.433214 -3.182525
 24.942239 -3.207349
 25.451264 -3.203507
 25.960289 -3.209865
 26.469315 -3.190437
 26.978340 -3.158057
 27.487365 -3.204187
 27.996391 -3.174913
 28.505416 -3.141755
 29.014441 -3.164666
 29.523466 -3.232475
 30.032492 -3.209705
 30.541517 -3.138354
 31.050542 -3.121299
 31.559568 -3.242317
 32.068593 -3.230262
 32.577618 -3.135579
 33.086643 -3.237494
 33.595669 -3.237339
 34.104694 -3.160247
 34.613719 -3.138214
 35.122745 -3.149244
 35.631770 -3.156547
 36.140795 -3.253077
 36.649820 -3.242346
 37.158846 -3.180584
 37.667871 -3.101106
 38.176896 -3.194109
 38.685922 -3.287125
 39.194947 -3.201173
 39.703972 -3.105218
 40.212997 -3.163311
 40.722023 -3.210949
 41.231048 -3.257549
 41.740073 -3.159362
 42.249099 -3.134021
 42.758124 -3.155116
 43.267149 -3.233277
 43.776174 -3.236377
 44.285200 -3.187603
 44.794225 -3.180096
 45.303250 -3.190840
 45.812276 -3.186371
 46.321301 -3.178137
 46.830326 -3.173472
 47.339351 -3.148703
 47.848377 -3.179339
 48.357402 -3.178406
 48.866427 -3.155478
 49.375453 -3.166649
 49.884478 -3.139851
 50.393503 -3.255780
 50.902528 -3.177490
 51.411554 -3.213220
 51.920579 -3.153234
 52.429604 -3.151243
 52.938629 -3.222987
 53.447655 -3.138758
 53.956680 -3.194664
 54.465705 -3.233245
 54.974731 -3.182354
 55.483756 -3.170605
 55.992781 -3.169682
 56.501806 -3.279999
 57.010832 -3.182415
 57.519857 -3.172712
 58.028882 -3.231364
 58.537908 -3.251476
 59.046933 -3.161454
 59.555958 -3.129336
 60.064983 -3.180134
 60.574009 -3.164044
 61.083034 -3.178086
 61.592059 -3.159701
 62.101085 -3.207178
 62.610110 -3.186803
 63.119135 -3.175655
 63.628160 -3.242664
 64.137186 -3.159679
 64.646211 -3.117040
 65.155236 -3.191157
 65.664262 -3.232840
 66.173287 -3.168650
 66.682312 -3.142675
 67.191337 -3.203209
 67.700363 -3.193377
 68.209388 -3.211823
 68.718413 -3.160697
 69.227439 -3.192917
 69.736464 -3.172489
 70.245489 -3.246700
 70.754514 -3.227671
 71.263540 -3.130916
 71.772565 -3.156087
 72.281590 -3.252668
 72.790616 -3.229374
 73.299641 -3.112482
 73.808666 -3.192293
 74.317691 -3.279784
 74.826717 -3.209312
 75.335742 -3.183189
 75.844767 -3.227869
 76.353793 -3.206903
 76.862818 -3.133233
 77.371843 -3.226241
 77.880868 -3.193763
 78.389894 -3.211295
 78.898919 -3.229051
 79.407944 -3.213351
 79.916970 -3.126033
 80.425995 -3.186728
 80.935020 -3.254427
 81.444045 -3.228551
 81.953071 -3.171862
 82.462096 -3.180298
 82.971121 -3.167726
 83.480147 -3.196027
 83.989172 -3.177513
 84.498197 -3.210671
 85.007222 -3.195801
 85.516248 -3.123544
 86.025273 -3.202007
 86.534298 -3.245067
 87.043323 -3.189488
 87.552349 -3.135346
 88.061374 -3.180092
 88.570399 -3.209957
 89.079425 -3.216737
 89.588450 -3.191813
 90.097475 -3.185647
 90.606500 -3.187598
 91.115526 -3.172216
 91.624551 -3.138896
 92.133576 -3.204179
 92.642602 -3.210901
 93.151627 -3.164659
 93.660652 -3.231133
 94.169677 -3.217000
 94.678703 -3.207313
 95.187728 -3.154375
 95.696753 -3.123318
 96.205779 -3.199531
 96.714804 -3.209101
 97.223829 -3.193746
 97.732854 -3.181715
 98.241880 -3.244888
 98.750905 -3.147015
 99.259930 -3.150957
 99.768956 -3.178724
 100.277981 -3.276991
 100.787006 -3.183668
 101.296031 -3.190454
 101.805057 -3.198340
 102.314082 -3.178668
 102.823107 -3.170701
 103.332133 -3.160087
 103.841158 -3.154429
 104.350183 -3.160176
 104.859208 -3.214094
 105.368234 -3.172165
 105.877259 -3.176577
 106.386284 -3.214509
 106.895310 -3.178458
 107.404335 -3.202268
 107.913360 -3.216916
 108.422385 -3.170377
 108.931411 -3.123473
 109.440436 -3.157056
 109.949461 -3.266648
 110.458487 -3.192482
 110.967512 -3.212442
 111.476537 -3.163443
 111.985562 -3.135391
 112.494588 -3.166096
 113.003613 -3.182538
 113.512638 -3.216745
 114.021664 -3.217895
 114.530689 -3.200518
 115.039714 -3.214025
 115.548739 -3.184016
 116.057765 -3.163135
 116.566790 -3.159256
 117.075815 -3.114185
 117.584841 -3.221208
 118.093866 -3.234551
 118.602891 -3.135470
 119.111916 -3.142306
 119.620942 -3.205127
 120.129967 -3.238560
 120.638992 -3.157872
 121.148017 -3.191948
 121.657043 -3.207961
 122.166068 -3.200154
 122.675093 -3.124283
 123.184119 -3.094668
 123.693144 -3.205984
 124.202169 -3.263189
 124.711194 -3.146399
 125.220220 -3.097787
 125.729245 -3.212133
 126.238270 -3.259308
 126.747296 -3.178461
 127.256321 -3.152318
 127.765346 -3.183498
 128.274371 -3.231877
 128.783397 -3.167599
 129.292422 -3.163984
 129.801447 -3.219829
 130.310473 -3.220268
 130.819498 -3.165525
 131.328523 -3.172262
 131.837548 -3.234544
 132.346574 -3.185218
 132.855599 -3.137328
 133.364624 -3.185963
 133.873650 -3.207753
 134.382675 -3.241406
 134.891700 -3.202754
 135.400725 -3.106950
 135.909751 -3.162798
 136.418776 -3.183911
 136.927801 -3.241873
 137.436827 -3.188925
 137.945852 -3.121820
 138.454877 -3.186563
 138.963902 -3.231663
 139.472928 -3.183785
 139.981953 -3.157862
 140.490978 -3.243508
 141.000004 -3.210085
 141.509029 -3.116421
 142.018054 -3.166903
 142.527079 -3.224798
 143.036105 -3.151055
 143.545130 -3.181959
 144.054155 -3.176008
 144.563181 -3.196051
 145.072206 -3.218612
 145.581231 -3.179373
 146.090256 -3.175374
 146.599282 -3.170533
 147.108307 -3.194634
 147.617332 -3.191526
 148.126358 -3.225361
 148.635383 -3.218896
 149.144408 -3.202906
 149.653433 -3.200668
 150.162459 -3.167899
 150.671484 -3.151234
 151.180509 -3.205257
 151.689535 -3.211112
 152.198560 -3.215153
 152.707585 -3.176444
 153.216610 -3.151856
 153.725636 -3.207587
 154.234661 -3.154473
 154.743686 -3.145151
 155.252711 -3.204633
 155.761737 -3.244162
 156.270762 -3.179519
 156.779787 -3.142875
 157.288813 -3.167907
 157.797838 -3.244855
 158.306863 -3.233579
 158.815888 -3.141341
 159.324914 -3.177458
 159.833939 -3.215852
 160.342964 -3.204282
 160.851990 -3.203629
 161.361015 -3.142032
 161.870040 -3.172776
 162.379065 -3.219984
 162.888091 -3.213876
 163.397116 -3.194229
 163.906141 -3.124607
 164.415167 -3.134973
 164.924192 -3.253077
 165.433217 -3.268967
 165.942242 -3.182215
 166.451268 -3.091756
 166.960293 -3.213075
 167.469318 -3.289845
 167.978344 -3.185917
 168.487369 -3.133089
 168.996394 -3.139803
 169.505419 -3.226288
 170.014445 -3.234135
 170.523470 -3.139751
 171.032495 -3.153570
 171.541521 -3.227883
 172.050546 -3.252725
 172.559571 -3.156263
 173.068596 -3.129876
 173.577622 -3.230841
 174.086647 -3.227240
 174.595672 -3.116756
 175.104698 -3.145213
 175.613723 -3.213079
 176.122748 -3.193053
 176.631773 -3.145133
 177.140799 -3.160361
 177.649824 -3.225400
 178.158849 -3.241422
 178.667875 -3.145107
 179.176900 -3.120550
 179.685925 -3.258506
 180.194950 -3.193882
 180.703976 -3.128901
 181.213001 -3.225532
 181.722026 -3.226383
 182.231052 -3.139486
 182.740077 -3.154006
 183.249102 -3.199347
 183.758127 -3.175454
 184.267153 -3.240660
 184.776178 -3.239937
 185.285203 -3.138734
 185.794228 -3.138664
 186.303254 -3.236009
 186.812279 -3.209033
 187.321304 -3.201886
 187.830330 -3.120059
 188.339355 -3.176989
 188.848380 -3.220054
 189.357405 -3.263604
 189.866431 -3.109202
 190.375456 -3.111631
 190.884481 -3.255306
 191.393507 -3.228123
 191.902532 -3.156536
 192.411557 -3.184165
 192.920582 -3.221456
 193.429608 -3.158076
 193.938633 -3.188953
 194.447658 -3.242924
 194.956684 -3.143479
 195.465709 -3.164581
 195.974734 -3.214752
 196.483759 -3.171684
 196.992785 -3.172862
 197.501810 -3.197077
 198.010835 -3.216029
 198.519861 -3.183970
 199.028886 -3.200831
 199.537911 -3.221730
 200.046936 -3.185051
 200.555962 -3.206870
 201.064987 -3.200290
 201.574012 -3.201096
 202.083038 -3.182980
 202.592063 -3.179616
 203.101088 -3.097847
 203.610113 -3.208085
 204.119139 -3.220485
 204.628164 -3.181990
 205.137189 -3.153612
 205.646215 -3.157328
 206.155240 -3.150084
 206.664265 -3.160733
 207.173290 -3.213510
 207.682316 -3.136445
 208.191341 -3.189169
 208.700366 -3.181537
 209.209392 -3.195922
 209.718417 -3.209499
 210.227442 -3.212044
 210.736467 -3.163038
 211.245493 -3.158379
 211.754518 -3.216494
 212.263543 -3.181967
 212.772569 -3.134281
 213.281594 -3.221953
 213.790619 -3.236875
 214.299644 -3.116680
 214.808670 -3.174102
 215.317695 -3.251627
 215.826720 -3.144383
 216.335746 -3.140127
 216.844771 -3.106248
 217.353796 -3.153662
 217.862821 -3.264446
 218.371847 -3.223276
 218.880872 -3.123773
 219.389897 -3.105625
 219.898922 -3.170810
 220.407948 -3.200908
 220.916973 -3.170518
 221.425998 -3.142688
 221.935024 -3.230063
 222.444049 -3.271671
 222.953074 -3.168653
 223.462099 -3.141196
 223.971125 -3.234528
 224.480150 -3.172107
 224.989175 -3.148681
 225.498201 -3.216880
 226.007226 -3.209422
 226.516251 -3.181609
 227.025276 -3.150757
 227.534302 -3.224524
 228.043327 -3.187536
 228.552352 -3.166463
 229.061378 -3.175618
 229.570403 -3.230522
 230.079428 -3.180843
 230.588453 -3.172387
 231.097479 -3.172114
 231.606504 -3.223297
 232.115529 -3.201462
 232.624555 -3.151796
 233.133580 -3.160335
 233.642605 -3.178847
 234.151630 -3.199673
 234.660656 -3.213121
 235.169681 -3.239775
 235.678706 -3.235627
 236.187732 -3.201131
 236.696757 -3.180134
 237.205782 -3.181381
 237.714807 -3.190301
 238.223833 -3.274456
 238.732858 -3.150217
 239.241883 -3.098723
 239.750909 -3.209772
 240.259934 -3.239270
 240.768959 -3.211734
 241.277984 -3.134512
 241.787010 -3.132256
 242.296035 -3.231408
 242.805060 -3.227752
 243.314086 -3.097733
 243.823111 -3.145295
 244.332136 -3.235862
 244.841161 -3.266174
 245.350187 -3.173110
 245.859212 -3.125166
 246.368237 -3.195781
 246.877263 -3.189413
 247.386288 -3.167316
 247.895313 -3.204835
 248.404338 -3.146258
 248.913364 -3.154566
 249.422389 -3.182522
 249.931414 -3.205631
 250.440440 -3.249252
 250.949465 -3.199849
 251.458490 -3.212062
 251.967515 -3.194703
 252.476541 -3.180342
 252.985566 -3.171094
 253.494591 -3.214253
 254.003616 -3.173259
 254.512642 -3.181899
 255.021667 -3.154671
 255.530692 -3.199243
 256.039718 -3.184051
 256.548743 -3.206698
 257.057768 -3.205161
 257.566793 -3.168300
 258.075819 -3.219137
 258.584844 -3.188698
 259.093869 -3.191162
 259.602895 -3.080259
 260.111920 -3.168478
 260.620945 -3.262513
 261.129970 -3.171970
 261.638996 -3.161791
 262.148021 -3.157355
 262.657046 -3.153589
 263.166072 -3.229959
 263.675097 -3.273786
 264.184122 -3.202428
 264.693147 -3.149592
 265.202173 -3.145329
 265.711198 -3.188627
 266.220223 -3.207306
 266.729249 -3.136427
 267.238274 -3.156184
 267.747299 -3.261499
 268.256324 -3.185578
 268.765350 -3.075044
 269.274375 -3.140947
 269.783400 -3.263001
 270.292426 -3.218739
 270.801451 -3.117721
 271.310476 -3.155699
 271.819501 -3.182926
 272.328527 -3.209536
 272.837552 -3.198153
 273.346577 -3.137835
 273.855603 -3.194382
 274.364628 -3.223095
 274.873653 -3.199320
 275.382678 -3.187472
 275.891704 -3.150887
 276.400729 -3.190837
 276.909754 -3.166468
 277.418780 -3.196982
 277.927805 -3.200920
 278.436830 -3.169352
 278.945855 -3.203232
 279.454881 -3.181528
 279.963906 -3.208373
 280.472931 -3.205685
 280.981957 -3.114215
 281.490982 -3.156921
 282.000007 -3.221365
 282.509032 -3.157814
 283.018058 -3.156522
 283.527083 -3.228757
 284.036108 -3.173498
 284.545134 -3.145336
 285.054159 -3.277895
 285.563184 -3.176966
 286.072209 -3.138018
 286.581235 -3.217766
 287.090260 -3.209646
 287.599285 -3.167657
 288.108310 -3.181437
 288.617336 -3.164401
 289.126361 -3.159995
 289.635386 -3.161220
 290.144412 -3.134919
 290.653437 -3.165858
 291.162462 -3.247641
 291.671487 -3.244316
 292.180513 -3.127796
 292.689538 -3.199017
 293.198563 -3.220252
 293.707589 -3.191244
 294.216614 -3.134138
 294.725639 -3.191863
 295.234664 -3.244249
 295.743690 -3.188764
 296.252715 -3.087394
 296.761740 -3.166787
 297.270766 -3.316041
 297.779791 -3.219904
 298.288816 -3.104500
 298.797841 -3.129883
 299.306867 -3.217966
 299.815892 -3.182827
 300.324917 -3.230716
 300.833943 -3.131446
 301.342968 -3.198118
 301.851993 -3.216872
 302.361018 -3.210146
 302.870044 -3.139619
 303.379069 -3.207906
 303.888094 -3.199248
 304.397120 -3.163291
 304.906145 -3.137727
 305.415170 -3.234489
 305.924195 -3.196730
 306.433221 -3.102049
 306.942246 -3.191532
 307.451271 -3.219020
 307.960297 -3.136728
 308.469322 -3.201689
 308.978347 -3.173437
 309.487372 -3.145984
 309.996398 -3.167820
 310.505423 -3.246643
 311.014448 -3.175801
 311.523474 -3.179569
 312.032499 -3.143749
 312.541524 -3.164617
 313.050549 -3.205373
 313.559575 -3.232405
 314.068600 -3.217085
 314.577625 -3.112448
 315.086651 -3.203186
 315.595676 -3.221704
 316.104701 -3.153774
 316.613726 -3.151186
 317.122752 -3.226877
 317.631777 -3.219411
 318.140802 -3.168735
 318.649828 -3.129301
 319.158853 -3.197517
 319.667878 -3.259998
 320.176903 -3.166745
 320.685929 -3.207189
 321.194954 -3.174817
 321.703979 -3.220081
 322.213004 -3.210044
 322.722030 -3.189501
 323.231055 -3.162238
 323.740080 -3.204960
 324.249106 -3.173566
 324.758131 -3.153483
 325.267156 -3.191110
 325.776181 -3.261661
 326.285207 -3.121637
 326.794232 -3.135255
 327.303257 -3.209434
 327.812283 -3.192192
 328.321308 -3.172880
 328.830333 -3.215524
 329.339358 -3.191747
 329.848384 -3.200339
 330.357409 -3.151883
 330.866434 -3.188996
 331.375460 -3.240772
 331.884485 -3.186934
 332.393510 -3.186405
 332.902535 -3.185920
 333.411561 -3.128476
 333.920586 -3.200712
 334.429611 -3.173637
 334.938637 -3.233581
 335.447662 -3.187493
 335.956687 -3.119682
 336.465712 -3.214011
 336.974738 -3.241088
 337.483763 -3.172056
 337.992788 -3.122227
 338.501814 -3.187513
 339.010839 -3.214893
 339.519864 -3.162488
 340.028889 -3.179583
 340.537915 -3.189920
 341.046940 -3.226616
 341.555965 -3.189249
 342.064991 -3.179219
 342.574016 -3.240041
 343.083041 -3.164326
 343.592066 -3.160924
 344.101092 -3.175022
 344.610117 -3.259355
 345.119142 -3.206622
 345.628168 -3.120478
 346.137193 -3.104032
 346.646218 -3.210671
 347.155243 -3.293789
 347.664269 -3.138711
 348.173294 -3.098757
 348.682319 -3.246933
 349.191345 -3.252719
 349.700370 -3.122027
 350.209395 -3.160507
 350.718420 -3.206918
 351.227446 -3.145814
 351.736471 -3.159376
 352.245496 -3.188245
 352.754522 -3.227288
 353.263547 -3.177163
 353.772572 -3.121538
 354.281597 -3.171625
 354.790623 -3.292184
 355.299648 -3.182974
 355.808673 -3.211073
 356.317698 -3.179682
 356.826724 -3.203107
 357.335749 -3.209477
 357.844774 -3.178839
 358.353800 -3.189481
 358.862825 -3.212799
 359.371850 -3.171159
 359.880875 -3.185600
 360.389901 -3.245449
 360.898926 -3.218258
 361.407951 -3.147362
 361.916977 -3.157671
 362.426002 -3.211595
 362.935027 -3.164441
 363.444052 -3.180942
 363.953078 -3.234330
 364.462103 -3.207946
 364.971128 -3.175276
 365.480154 -3.194697
 365.989179 -3.191984
 366.498204 -3.151647
 367.007229 -3.167939
 367.516255 -3.207447
 368.025280 -3.272332
 368.534305 -3.253939
 369.043331 -3.140346
 369.552356 -3.148416
 370.061381 -3.171550
 370.570406 -3.176188
 371.079432 -3.203663
 371.588457 -3.210482
 372.097482 -3.205904
 372.606508 -3.188902
 373.115533 -3.237905
 373.624558 -3.253015
 374.133583 -3.114951
 374.642609 -3.086013
 375.151634 -3.216108
 375.660659 -3.246083
 376.169685 -3.100287
 376.678710 -3.151156
 377.187735 -3.271233
 377.696760 -3.226789
 378.205786 -3.185370
 378.714811 -3.156747
 379.223836 -3.145384
 379.732862 -3.225181
 380.241887 -3.245643
 380.750912 -3.141399
 381.259937 -3.164972
 381.768963 -3.146822
 382.277988 -3.152455
 382.787013 -3.186216
 383.296039 -3.236191
 383.805064 -3.184895
 384.314089 -3.162652
 384.823114 -3.210679
 385.332140 -3.174580
 385.841165 -3.161802
 386.350190 -3.184934
 386.859216 -3.158947
 387.368241 -3.205055
 387.877266 -3.251908
 388.386291 -3.122269
 388.895317 -3.146149
 389.404342 -3.245039
 389.913367 -3.215315
 390.422392 -3.144303
 390.931418 -3.212695
 391.440443 -3.256554
 391.949468 -3.145436
 392.458494 -3.186153
 392.967519 -3.255341
 393.476544 -3.215427
 393.985569 -3.142841
 394.494595 -3.158237
 395.003620 -3.210611
 395.512645 -3.168589
 396.021671 -3.154915
 396.530696 -3.287222
 397.039721 -3.177016
 397.548746 -3.098411
 398.057772 -3.239983
 398.566797 -3.274675
 399.075822 -3.104378
 399.584848 -3.115239
 400.093873 -3.246607
 400.602898 -3.228790
 401.111923 -3.152599
 401.620949 -3.116704
 402.129974 -3.210199
 402.638999 -3.202883
 403.148025 -3.160373
 403.657050 -3.167852
 404.166075 -3.212265
 404.675100 -3.213442
 405.184126 -3.169679
 405.693151 -3.208071
 406.202176 -3.221982
 406.711202 -3.199689
 407.220227 -3.140689
 407.729252 -3.241591
 408.238277 -3.188516
 408.747303 -3.127863
 409.256328 -3.179990
 409.765353 -3.203970
 410.274379 -3.170368
 410.783404 -3.181686
 411.292429 -3.242324
 411.801454 -3.184909
 412.310480 -3.161605
 412.819505 -3.196056
 413.328530 -3.194343
 413.837556 -3.182695
 414.346581 -3.163217
 414.855606 -3.222877
 415.364631 -3.206449
 415.873657 -3.193171
 416.382682 -3.205814
 416.891707 -3.170444
 417.400733 -3.150913
 417.909758 -3.216459
 418.418783 -3.221382
 418.927808 -3.204347
 419.436834 -3.202974
 419.945859 -3.155119
 420.454884 -3.196335
 420.963910 -3.208771
 421.472935 -3.216333
 421.981960 -3.118309
 422.490985 -3.177609
 423.000011 -3.231906
 423.509036 -3.208599
 424.018061 -3.157881
 424.527086 -3.116937
 425.036112 -3.163615
 425.545137 -3.221966
 426.054162 -3.225610
 426.563188 -3.155960
 427.072213 -3.118462
 427.581238 -3.186007
 428.090263 -3.211224
 428.599289 -3.206162
 429.108314 -3.135897
 429.617339 -3.221310
 430.126365 -3.215050
 430.635390 -3.182727
 431.144415 -3.222812
 431.653440 -3.182304
 432.162466 -3.155477
 432.671491 -3.187409
 433.180516 -3.244503
 433.689542 -3.153825
 434.198567 -3.123568
 434.707592 -3.225063
 435.216617 -3.226242
 435.725643 -3.131777
 436.234668 -3.133711
 436.743693 -3.123809
 437.252719 -3.195568
 437.761744 -3.201702
 438.270769 -3.186553
 438.779794 -3.137732
 439.288820 -3.206013
 439.797845 -3.233833
 440.306870 -3.169903
 440.815896 -3.191596
 441.324921 -3.206385
 441.833946 -3.183852
 442.342971 -3.183021
 442.851997 -3.179058
 443.361022 -3.200402
 443.870047 -3.198777
 444.379073 -3.230822
 444.888098 -3.191630
 445.397123 -3.161488
 445.906148 -3.118336
 446.415174 -3.203169
 446.924199 -3.259707
 447.433224 -3.175469
 447.942250 -3.116855
 448.451275 -3.172766
 448.960300 -3.283682
 449.469325 -3.165449
 449.978351 -3.088928
 450.487376 -3.173576
 450.996401 -3.242402
 451.505427 -3.165186
 452.014452 -3.191969
 452.523477 -3.187188
 453.032502 -3.109508
 453.541528 -3.206309
 454.050553 -3.246916
 454.559578 -3.177572
 455.068604 -3.181179
 455.577629 -3.170173
 456.086654 -3.175526
 456.595679 -3.171845
 457.104705 -3.190465
 457.613730 -3.145926
 458.122755 -3.168005
 458.631780 -3.205901
 459.140806 -3.209743
 459.649831 -3.132527
 460.158856 -3.136710
 460.667882 -3.158071
 461.176907 -3.230197
 461.685932 -3.234857
 462.194957 -3.137174
 462.703983 -3.129767
 463.213008 -3.211422
 463.722033 -3.211415
 464.231059 -3.169757
 464.740084 -3.189410
 465.249109 -3.195912
 465.758134 -3.203952
 466.267160 -3.161626
 466.776185 -3.210294
 467.285210 -3.232211
 467.794236 -3.172944
 468.303261 -3.170159
 468.812286 -3.188047
 469.321311 -3.175482
 469.830337 -3.160911
 470.339362 -3.214405
 470.848387 -3.209445
 471.357413 -3.189902
 471.866438 -3.177778
 472.375463 -3.189578
 472.884488 -3.217685
 473.393514 -3.188641
 473.902539 -3.160127
 474.411564 -3.195333
 474.920590 -3.239654
 475.429615 -3.232878
 475.938640 -3.148396
 476.447665 -3.150686
 476.956691 -3.182838
 477.465716 -3.228532
 477.974741 -3.210739
 478.483767 -3.166475
 478.992792 -3.179832
 479.501817 -3.247574
 480.010842 -3.159167
 480.519868 -3.172050
 481.028893 -3.239356
 481.537918 -3.141334
 482.046944 -3.213653
 482.555969 -3.216289
 483.064994 -3.166065
 483.574019 -3.135386
 484.083045 -3.204274
 484.592070 -3.261819
 485.101095 -3.188420
 485.610121 -3.091330
 486.119146 -3.204274
 486.628171 -3.220291
 487.137196 -3.192340
 487.646222 -3.131251
 488.155247 -3.214832
 488.664272 -3.199009
 489.173297 -3.188138
 489.682323 -3.188733
 490.191348 -3.172389
 490.700373 -3.150853
 491.209399 -3.212043
 491.718424 -3.202063
 492.227449 -3.194748
 492.736474 -3.212219
 493.245500 -3.208754
 493.754525 -3.178546
 494.263550 -3.093398
 494.772576 -3.221015
 495.281601 -3.285063
 495.790626 -3.179007
 496.299651 -3.114089
 496.808677 -3.152884
 497.317702 -3.230730
 497.826727 -3.147255
 498.335753 -3.186160
 498.844778 -3.211485
 499.353803 -3.177261
 499.862828 -3.147635
 500.371854 -3.214018
 500.880879 -3.213583
 501.389904 -3.188917
 501.898930 -3.118570
 502.407955 -3.220471
 502.916980 -3.289421
 503.426005 -3.155448
 503.935031 -3.157863
 504.444056 -3.230126
 504.953081 -3.194445
 505.462107 -3.113943
 505.971132 -3.200732
 506.480157 -3.273308
 506.989182 -3.151582
 507.498208 -3.123520
 508.007233 -3.156264
 508.516258 -3.199109
 509.025284 -3.182381
 509.534309 -3.172532
 510.043334 -3.165068
 510.552359 -3.185935
 511.061385 -3.207132
 511.570410 -3.185700
 512.079435 -3.236847
 512.588461 -3.223343
 513.097486 -3.118509
 513.606511 -3.197765
 514.115536 -3.223749
 514.624562 -3.110492
 515.133587 -3.165518
 515.642612 -3.187994
 516.151638 -3.197044
 516.660663 -3.158119
 517.169688 -3.127438
 517.678713 -3.213937
 518.187739 -3.184425
 518.696764 -3.113649
 519.205789 -3.154615
 519.714815 -3.225426
 520.223840 -3.182232
 520.732865 -3.181849
 521.241890 -3.174144
 521.750916 -3.205620
 522.259941 -3.180916
 522.768966 -3.221996
 523.277991 -3.235820
 523.787017 -3.148858
 524.296042 -3.170335
 524.805067 -3.206876
 525.314093 -3.167216
 525.823118 -3.182234
 526.332143 -3.227727
 526.841168 -3.210153
 527.350194 -3.158375
 527.859219 -3.142103
 528.368244 -3.234877
 528.877270 -3.220614
 529.386295 -3.162804
 529.895320 -3.193024
 530.404345 -3.255663
 530.913371 -3.252049
 531.422396 -3.174069
 531.931421 -3.103709
 532.440447 -3.235943
 532.949472 -3.244188
 533.458497 -3.200796
 533.967522 -3.083872
 534.476548 -3.197811
 534.985573 -3.280918
 535.494598 -3.144431
 536.003624 -3.131776
 536.512649 -3.230716
 537.021674 -3.214361
 537.530699 -3.154276
 538.039725 -3.195905
 538.548750 -3.239752
 539.057775 -3.159319
 539.566801 -3.169754
 540.075826 -3.158595
 540.584851 -3.263597
 541.093876 -3.225893
 541.602902 -3.089135
 542.111927 -3.217785
 542.620952 -3.269749
 543.129978 -3.146495
 543.639003 -3.133520
 544.148028 -3.199115
 544.657053 -3.200690
 545.166079 -3.201511
 545.675104 -3.165383
 546.184129 -3.178841
 546.693155 -3.240442
 547.202180 -3.206540
 547.711205 -3.190210
 548.220230 -3.184576
 548.729256 -3.182196
 549.238281 -3.187177
 549.747306 -3.208783
 550.256332 -3.192176
 550.765357 -3.101945
 551.274382 -3.177447
 551.783407 -3.326977
 552.292433 -3.178935
 552.801458 -3.087116
 553.310483 -3.224697
 553.819509 -3.278797
 554.328534 -3.116833
 554.837559 -3.126749
 555.346584 -3.202056
 555.855610 -3.228781
 556.364635 -3.124094
 556.873660 -3.188656
 557.382685 -3.181191
 557.891711 -3.148191
 558.400736 -3.238703
 558.909761 -3.170120
 559.418787 -3.186216
 559.927812 -3.230891
 560.436837 -3.203537
 560.945862 -3.192510
 561.454888 -3.146776
 561.963913 -3.215587
 562.472938 -3.246375
 562.981964 -3.167496
 563.490989 -3.164977
 564.000014 -3.181701
 564.509039 -3.155136
 565.018065 -3.165297
 565.527090 -3.165202
 566.036115 -3.216358
 566.545141 -3.212409
 567.054166 -3.120074
 567.563191 -3.197669
 568.072216 -3.197831
 568.581242 -3.151609
 569.090267 -3.158572
 569.599292 -3.214142
 570.108318 -3.185918
 570.617343 -3.180429
 571.126368 -3.253304
 571.635393 -3.213870
 572.144419 -3.157190
 572.653444 -3.160293
 573.162469 -3.243565
 573.671495 -3.196633
 574.180520 -3.170421
 574.689545 -3.161351
 575.198570 -3.177247
 575.707596 -3.182893
 576.216621 -3.147751
 576.725646 -3.145529
 577.234672 -3.205433
 577.743697 -3.165043
 578.252722 -3.202298
 578.761747 -3.253506
 579.270773 -3.188469
 579.779798 -3.110745
 580.288823 -3.173213
 580.797849 -3.235331
 581.306874 -3.125392
 581.815899 -3.191411
 582.324924 -3.258873
 582.833950 -3.229342
 583.342975 -3.139974
 583.852000 -3.113901
 584.361026 -3.153836
 584.870051 -3.212671
 585.379076 -3.202604
 585.888101 -3.143780
 586.397127 -3.120080
 586.906152 -3.191827
 587.415177 -3.245218
 587.924203 -3.158869
 588.433228 -3.145211
 588.942253 -3.210720
 589.451278 -3.209479
 589.960304 -3.159615
 590.469329 -3.139533
 590.978354 -3.175516
 591.487379 -3.190412
 591.996405 -3.170498
 592.505430 -3.206248
 593.014455 -3.182937
 593.523481 -3.221280
 594.032506 -3.201066
 594.541531 -3.225850
 595.050556 -3.208140
 595.559582 -3.148991
 596.068607 -3.253885
 596.577632 -3.220288
 597.086658 -3.198843
 597.595683 -3.186025
 598.104708 -3.189546
 598.613733 -3.226295
 599.122759 -3.137829
 599.631784 -3.170964
 600.140809 -3.188282
 600.649835 -3.147151
 601.158860 -3.152566
 601.667885 -3.252491
 602.176910 -3.196138
 602.685936 -3.177140
 603.194961 -3.175080
 603.703986 -3.209533
 604.213012 -3.206656
 604.722037 -3.186068
 605.231062 -3.204649
 605.740087 -3.249160
 606.249113 -3.234753
 606.758138 -3.082946
 607.267163 -3.198554
 607.776189 -3.259687
 608.285214 -3.160480
 608.794239 -3.107307
 609.303264 -3.227467
 609.812290 -3.235070
 610.321315 -3.109783
 610.830340 -3.165819
 611.339366 -3.188428
 611.848391 -3.235273
 612.357416 -3.230539
 612.866441 -3.164429
 613.375467 -3.167076
 613.884492 -3.251500
 614.393517 -3.223042
 614.902543 -3.175508
 615.411568 -3.134025
 615.920593 -3.169527
 616.429618 -3.226144
 616.938644 -3.187124
 617.447669 -3.165530
 617.956694 -3.154543
 618.465720 -3.159646
 618.974745 -3.194078
 619.483770 -3.208984
 619.992795 -3.194219
 620.501821 -3.169779
 621.010846 -3.183066
 621.519871 -3.160234
 622.028897 -3.201960
 622.537922 -3.168845
 623.046947 -3.155931
 623.555972 -3.179412
 624.064998 -3.150143
 624.574023 -3.174484
 625.083048 -3.235779
 625.592073 -3.257159
 626.101099 -3.122691
 626.610124 -3.123779
 627.119149 -3.263930
 627.628175 -3.163150
 628.137200 -3.166058
 628.646225 -3.180440
 629.155250 -3.220230
 629.664276 -3.189095
 630.173301 -3.161722
 630.682326 -3.165865
 631.191352 -3.154166
 631.700377 -3.271040
 632.209402 -3.167348
 632.718427 -3.120665
 633.227453 -3.185092
 633.736478 -3.209151
 634.245503 -3.251858
 634.754529 -3.243038
 635.263554 -3.153769
 635.772579 -3.183129
 636.281604 -3.214732
 636.790630 -3.179143
 637.299655 -3.161946
 637.808680 -3.176971
 638.317706 -3.214705
 638.826731 -3.151037
 639.335756 -3.158357
 639.844781 -3.191353
 640.353807 -3.185683
 640.862832 -3.163819
 641.371857 -3.187629
 641.880883 -3.136360
 642.389908 -3.170227
 642.898933 -3.224735
 643.407958 -3.168643
 643.916984 -3.094177
 644.426009 -3.191809
 644.935034 -3.205095
 645.444060 -3.187356
 645.953085 -3.182379
 646.462110 -3.174733
 646.971135 -3.119069
 647.480161 -3.182365
 647.989186 -3.272289
 648.498211 -3.148629
 649.007237 -3.156848
 649.516262 -3.223999
 650.025287 -3.229625
 650.534312 -3.119042
 651.043338 -3.164070
 651.552363 -3.220651
 652.061388 -3.197800
 652.570414 -3.182029
 653.079439 -3.131705
 653.588464 -3.228149
 654.097489 -3.204765
 654.606515 -3.200934
 655.115540 -3.176631
 655.624565 -3.187024
 656.133591 -3.190324
 656.642616 -3.220232
 657.151641 -3.152805
 657.660666 -3.186967
 658.169692 -3.195637
 658.678717 -3.199848
 659.187742 -3.193540
 659.696767 -3.224906
 660.205793 -3.138645
 660.714818 -3.180830
 661.223843 -3.244632
 661.732869 -3.142384
 662.241894 -3.172200
 662.750919 -3.204211
 663.259944 -3.196375
 663.768970 -3.123322
 664.277995 -3.118520
 664.787020 -3.218868
 665.296046 -3.243504
 665.805071 -3.117600
 666.314096 -3.144634
 666.823121 -3.277533
 667.332147 -3.296278
 667.841172 -3.135845
 668.350197 -3.146565
 668.859223 -3.201706
 669.368248 -3.283800
 669.877273 -3.165612
 670.386298 -3.200341
 670.895324 -3.180888
 671.404349 -3.191481
 671.913374 -3.161320
 672.422400 -3.197328
 672.931425 -3.106786
 673.440450 -3.184994
 673.949475 -3.275557
 674.458501 -3.223261
 674.967526 -3.080236
 675.476551 -3.074662
 675.985577 -3.255252
 676.494602 -3.226602
 677.003627 -3.099477
 677.512652 -3.145966
 678.021678 -3.219233
 678.530703 -3.192661
 679.039728 -3.194624
 679.548754 -3.207398
 680.057779 -3.242813
 680.566804 -3.192747
 681.075829 -3.164891
 681.584855 -3.169768
 682.093880 -3.197161
 682.602905 -3.193125
 683.111931 -3.177514
 683.620956 -3.208843
 684.129981 -3.221466
 684.639006 -3.243514
 685.148032 -3.111405
 685.657057 -3.111017
 686.166082 -3.262816
 686.675108 -3.186100
 687.184133 -3.114296
 687.693158 -3.158176
 688.202183 -3.237953
 688.711209 -3.199448
 689.220234 -3.153624
 689.729259 -3.176242
 690.238285 -3.175284
 690.747310 -3.211189
 691.256335 -3.149563
 691.765360 -3.188971
 692.274386 -3.164624
 692.783411 -3.179408
 693.292436 -3.210093
 693.801461 -3.192559
 694.310487 -3.196034
 694.819512 -3.181403
 695.328537 -3.116750
 695.837563 -3.137797
 696.346588 -3.255014
 696.855613 -3.214218
 697.364638 -3.126661
 697.873664 -3.131214
 698.382689 -3.246457
 698.891714 -3.272569
 699.400740 -3.096320
 699.909765 -3.178595
 700.418790 -3.251940
 700.927815 -3.155246
 701.436841 -3.146867
 701.945866 -3.197591
 702.454891 -3.212431
 702.963917 -3.192995
 703.472942 -3.205531
 703.981967 -3.174427
 704.490992 -3.164266
 705.000018 -3.221429
 705.509043 -3.243880
 706.018068 -3.123109
 706.527094 -3.090947
 707.036119 -3.246338
 707.545144 -3.296846
 708.054169 -3.181027
 708.563195 -3.129087
 709.072220 -3.163787
 709.581245 -3.238908
 710.090271 -3.280627
 710.599296 -3.127425
 711.108321 -3.116293
 711.617346 -3.181230
 712.126372 -3.168968
 712.635397 -3.180477
 713.144422 -3.175580
 713.653448 -3.153660
 714.162473 -3.195827
 714.671498 -3.217635
 715.180523 -3.153711
 715.689549 -3.207163
 716.198574 -3.218818
 716.707599 -3.176374
 717.216625 -3.122577
 717.725650 -3.135466
 718.234675 -3.166159
 718.743700 -3.201317
 719.252726 -3.182252
 719.761751 -3.161155
 720.270776 -3.181283
 720.779802 -3.185649
 721.288827 -3.160841
 721.797852 -3.217353
 722.306877 -3.164624
 722.815903 -3.163939
 723.324928 -3.268572
 723.833953 -3.195435
 724.342979 -3.124752
 724.852004 -3.156696
 725.361029 -3.250008
 725.870054 -3.225276
 726.379080 -3.135390
 726.888105 -3.152990
 727.397130 -3.212537
 727.906155 -3.226799
 728.415181 -3.220850
 728.924206 -3.144937
 729.433231 -3.145322
 729.942257 -3.207205
 730.451282 -3.184474
 730.960307 -3.162502
 731.469332 -3.148555
 731.978358 -3.221080
 732.487383 -3.188836
 732.996408 -3.195883
 733.505434 -3.148354
 734.014459 -3.191507
 734.523484 -3.248448
 735.032509 -3.140737
 735.541535 -3.113376
 736.050560 -3.196274
 736.559585 -3.227367
 737.068611 -3.164976
 737.577636 -3.192881
 738.086661 -3.194891
 738.595686 -3.223086
 739.104712 -3.198348
 739.613737 -3.205935
 740.122762 -3.222376
 740.631788 -3.192902
 741.140813 -3.191382
 741.649838 -3.126876
 742.158863 -3.226165
 742.667889 -3.239054
 743.176914 -3.136425
 743.685939 -3.191532
 744.194965 -3.183695
 744.703990 -3.180370
 745.213015 -3.160681
 745.722040 -3.226376
 746.231066 -3.227707
 746.740091 -3.121563
 747.249116 -3.126682
 747.758142 -3.250425
 748.267167 -3.242013
 748.776192 -3.102676
 749.285217 -3.158854
 749.794243 -3.205712
 750.303268 -3.191830
 750.812293 -3.232969
 751.321319 -3.138379
 751.830344 -3.188120
 752.339369 -3.193224
 752.848394 -3.159849
 753.357420 -3.176326
 753.866445 -3.175871
 754.375470 -3.157655
 754.884496 -3.201681
 755.393521 -3.236226
 755.902546 -3.191739
 756.411571 -3.167758
 756.920597 -3.150161
 757.429622 -3.211253
 757.938647 -3.259682
 758.447673 -3.197050
 758.956698 -3.206954
 759.465723 -3.189435
 759.974748 -3.184666
 760.483774 -3.159328
 760.992799 -3.172013
 761.501824 -3.238697
 762.010849 -3.191001
 762.519875 -3.141268
 763.028900 -3.217729
 763.537925 -3.228657
 764.046951 -3.146323
 764.555976 -3.135186
 765.065001 -3.210212
 765.574026 -3.272369
 766.083052 -3.185484
 766.592077 -3.157188
 767.101102 -3.217757
 767.610128 -3.167577
 768.119153 -3.218475
 768.628178 -3.189323
 769.137203 -3.119888
 769.646229 -3.169607
 770.155254 -3.259812
 770.664279 -3.170222
 771.173305 -3.171075
 771.682330 -3.181469
 772.191355 -3.196597
 772.700380 -3.164618
 773.209406 -3.159360
 773.718431 -3.153791
 774.227456 -3.249320
 774.736482 -3.208459
 775.245507 -3.168775
 775.754532 -3.209202
 776.263557 -3.186449
 776.772583 -3.174147
 777.281608 -3.195150
 777.790633 -3.195670
 778.299659 -3.209144
 778.808684 -3.190949
 779.317709 -3.135818
 779.826734 -3.233311
 780.335760 -3.221057
 780.844785 -3.205818
 781.353810 -3.139679
 781.862836 -3.171465
 782.371861 -3.200405
 782.880886 -3.138152
 783.389911 -3.194380
 783.898937 -3.234694
 784.407962 -3.191623
 784.916987 -3.154389
 785.426013 -3.153397
 785.935038 -3.231291
 786.444063 -3.253345
 786.953088 -3.168863
 787.462114 -3.169997
 787.971139 -3.178243
 788.480164 -3.158022
 788.989190 -3.141367
 789.498215 -3.215725
 790.007240 -3.255484
 790.516265 -3.243375
 791.025291 -3.166895
 791.534316 -3.198384
 792.043341 -3.265178
 792.552366 -3.182820
 793.061392 -3.160738
 793.570417 -3.223416
 794.079442 -3.186934
 794.588468 -3.179788
 795.097493 -3.171019
 795.606518 -3.208182
 796.115543 -3.206235
 796.624569 -3.259695
 797.133594 -3.237851
 797.642619 -3.162975
 798.151645 -3.158286
 798.660670 -3.213340
 799.169695 -3.184911
 799.678720 -3.166111
 800.187746 -3.199290
 800.696771 -3.163391
 801.205796 -3.182427
 801.714822 -3.178188
 802.223847 -3.218852
 802.732872 -3.199203
 803.241897 -3.133128
 803.750923 -3.204325
 804.259948 -3.169358
 804.768973 -3.181111
 805.277999 -3.148764
 805.787024 -3.156663
 806.296049 -3.201937
 806.805074 -3.237964
 807.314100 -3.182529
 807.823125 -3.194577
 808.332150 -3.163172
 808.841176 -3.104648
 809.350201 -3.162952
 809.859226 -3.274463
 810.368251 -3.232774
 810.877277 -3.146906
 811.386302 -3.147991
 811.895327 -3.263723
 812.404353 -3.182466
 812.913378 -3.177316
 813.422403 -3.201081
 813.931428 -3.229995
 814.440454 -3.201580
 814.949479 -3.149329
 815.458504 -3.224360
 815.967530 -3.223289
 816.476555 -3.132465
 816.985580 -3.137146
 817.494605 -3.202229
 818.003631 -3.218592
 818.512656 -3.224854
 819.021681 -3.205843
 819.530707 -3.189818
 820.039732 -3.222867
 820.548757 -3.162740
 821.057782 -3.211818
 821.566808 -3.169557
 822.075833 -3.178515
 822.584858 -3.173903
 823.093884 -3.135368
 823.602909 -3.166891
 824.111934 -3.199075
 824.620959 -3.208141
 825.129985 -3.172156
 825.639010 -3.181837
 826.148035 -3.200407
 826.657060 -3.179966
 827.166086 -3.218655
 827.675111 -3.221983
 828.184136 -3.124184
 828.693162 -3.112222
 829.202187 -3.258564
 829.711212 -3.246522
 830.220237 -3.116311
 830.729263 -3.143655
 831.238288 -3.214841
 831.747313 -3.217059
 832.256339 -3.170784
 832.765364 -3.156934
 833.274389 -3.207382
 833.783414 -3.213714
 834.292440 -3.156430
 834.801465 -3.225203
 835.310490 -3.190746
 835.819516 -3.151543
 836.328541 -3.215226
 836.837566 -3.215213
 837.346591 -3.173364
 837.855617 -3.139287
 838.364642 -3.226238
 838.873667 -3.193931
 839.382693 -3.168509
 839.891718 -3.199180
 840.400743 -3.165602
 840.909768 -3.132513
 841.418794 -3.194511
 841.927819 -3.227052
 842.436844 -3.127076
 842.945870 -3.153710
 843.454895 -3.196792
 843.963920 -3.275842
 844.472945 -3.140841
 844.981971 -3.113280
 845.490996 -3.233767
 846.000021 -3.231387
 846.509047 -3.239693
 847.018072 -3.174187
 847.527097 -3.129982
 848.036122 -3.191144
 848.545148 -3.210178
 849.054173 -3.179610
 849.563198 -3.167867
 850.072224 -3.197757
 850.581249 -3.201513
 851.090274 -3.127952
 851.599299 -3.250942
 852.108325 -3.221038
 852.617350 -3.157028
 853.126375 -3.202050
 853.635401 -3.277959
 854.144426 -3.181498
 854.653451 -3.122820
 855.162476 -3.212259
 855.671502 -3.198350
 856.180527 -3.154748
 856.689552 -3.211144
 857.198578 -3.169570
 857.707603 -3.158981
 858.216628 -3.178041
 858.725653 -3.248291
 859.234679 -3.258081
 859.743704 -3.111472
 860.252729 -3.166333
 860.761754 -3.165491
 861.270780 -3.217271
 861.779805 -3.251818
 862.288830 -3.151518
 862.797856 -3.165424
 863.306881 -3.163844
 863.815906 -3.179549
 864.324931 -3.164511
 864.833957 -3.162214
 865.342982 -3.230008
 865.852007 -3.164786
 866.361033 -3.174813
 866.870058 -3.186130
 867.379083 -3.190678
 867.888108 -3.193459
 868.397134 -3.205883
 868.906159 -3.198743
 869.415184 -3.224653
 869.924210 -3.188060
 870.433235 -3.184318
 870.942260 -3.192400
 871.451285 -3.199818
 871.960311 -3.183695
 872.469336 -3.216602
 872.978361 -3.232132
 873.487387 -3.123928
 873.996412 -3.190643
 874.505437 -3.190780
 875.014462 -3.209172
 875.523488 -3.196707
 876.032513 -3.202016
 876.541538 -3.208436
 877.050564 -3.190672
 877.559589 -3.132946
 878.068614 -3.185788
 878.577639 -3.245659
 879.086665 -3.176692
 879.595690 -3.162857
 880.104715 -3.185295
 880.613741 -3.168460
 881.122766 -3.190144
 881.631791 -3.171854
 882.140816 -3.204712
 882.649842 -3.233790
 883.158867 -3.198500
 883.667892 -3.148646
 884.176918 -3.180917
 884.685943 -3.225970
 885.194968 -3.175543
 885.703993 -3.148868
 886.213019 -3.204144
 886.722044 -3.197184
 887.231069 -3.227198
 887.740095 -3.196356
 888.249120 -3.137385
 888.758145 -3.248737
 889.267170 -3.210949
 889.776196 -3.130418
 890.285221 -3.153518
 890.794246 -3.216040
 891.303272 -3.200053
 891.812297 -3.196374
 892.321322 -3.186100
 892.830347 -3.151482
 893.339373 -3.127768
 893.848398 -3.212467
 894.357423 -3.226960
 894.866448 -3.163134
 895.375474 -3.200177
 895.884499 -3.216616
 896.393524 -3.142931
 896.902550 -3.148016
 897.411575 -3.187017
 897.920600 -3.175756
 898.429625 -3.189429
 898.938651 -3.225187
 899.447676 -3.165260
 899.956701 -3.124526
 900.465727 -3.203347
 900.974752 -3.238424
 901.483777 -3.127248
 901.992802 -3.119652
 902.501828 -3.209930
 903.010853 -3.238500
 903.519878 -3.193911
 904.028904 -3.113051
 904.537929 -3.183133
 905.046954 -3.262183
 905.555979 -3.163146
 906.065005 -3.143604
 906.574030 -3.211258
 907.083055 -3.196847
 907.592081 -3.136521
 908.101106 -3.163920
 908.610131 -3.239394
 909.119156 -3.178896
 909.628182 -3.159864
 910.137207 -3.208851
 910.646232 -3.148615
 911.155258 -3.234659
 911.664283 -3.218754
 912.173308 -3.180582
 912.682333 -3.152145
 913.191359 -3.168238
 913.700384 -3.191843
 914.209409 -3.245530
 914.718435 -3.183987
 915.227460 -3.103981
 915.736485 -3.157787
 916.245510 -3.226260
 916.754536 -3.160750
 917.263561 -3.179858
 917.772586 -3.186518
 918.281612 -3.189594
 918.790637 -3.121647
 919.299662 -3.209810
 919.808687 -3.193217
 920.317713 -3.157001
 920.826738 -3.222374
 921.335763 -3.189431
 921.844789 -3.146571
 922.353814 -3.136123
 922.862839 -3.307724
 923.371864 -3.217265
 923.880890 -3.095937
 924.389915 -3.183916
 924.898940 -3.211468
 925.407966 -3.202053
 925.916991 -3.169872
 926.426016 -3.179607
 926.935041 -3.222150
 927.444067 -3.197449
 927.953092 -3.142059
 928.462117 -3.181470
 928.971142 -3.195698
 929.480168 -3.121913
 929.989193 -3.150823
 930.498218 -3.170752
 931.007244 -3.241762
 931.516269 -3.173055
 932.025294 -3.217642
 932.534319 -3.204990
 933.043345 -3.202997
 933.552370 -3.163681
 934.061395 -3.166507
 934.570421 -3.207098
 935.079446 -3.165376
 935.588471 -3.165879
 936.097496 -3.190406
 936.606522 -3.171341
 937.115547 -3.210025
 937.624572 -3.193919
 938.133598 -3.172257
 938.642623 -3.157948
 939.151648 -3.229824
 939.660673 -3.185679
 940.169699 -3.145446
 940.678724 -3.142071
 941.187749 -3.169087
 941.696775 -3.209295
 942.205800 -3.214471
 942.714825 -3.226900
 943.223850 -3.136899
 943.732876 -3.160018
 944.241901 -3.194334
 944.750926 -3.159003
 945.259952 -3.162070
 945.768977 -3.231407
 946.278002 -3.209345
 946.787027 -3.183622
 947.296053 -3.189794
 947.805078 -3.190114
 948.314103 -3.159161
 948.823129 -3.236640
 949.332154 -3.198859
 949.841179 -3.174550
 950.350204 -3.158321
 950.859230 -3.201192
 951.368255 -3.211939
 951.877280 -3.173733
 952.386306 -3.212716
 952.895331 -3.196384
 953.404356 -3.176480
 953.913381 -3.215228
 954.422407 -3.245348
 954.931432 -3.161768
 955.440457 -3.100817
 955.949483 -3.162556
 956.458508 -3.293536
 956.967533 -3.199814
 957.476558 -3.093863
 957.985584 -3.193652
 958.494609 -3.242732
 959.003634 -3.138515
 959.512660 -3.188303
 960.021685 -3.179986
 960.530710 -3.186538
 961.039735 -3.156632
 961.548761 -3.162574
 962.057786 -3.203637
 962.566811 -3.174377
 963.075836 -3.148553
 963.584862 -3.194339
 964.093887 -3.145683
 964.602912 -3.166628
 965.111938 -3.247810
 965.620963 -3.173665
 966.129988 -3.162495
 966.639013 -3.193981
 967.148039 -3.206346
 967.657064 -3.169176
 968.166089 -3.249868
 968.675115 -3.187891
 969.184140 -3.146426
 969.693165 -3.154614
 970.202190 -3.194586
 970.711216 -3.246438
 971.220241 -3.179913
 971.729266 -3.156724
 972.238292 -3.176786
 972.747317 -3.203980
 973.256342 -3.161951
 973.765367 -3.136306
 974.274393 -3.152691
 974.783418 -3.179008
 975.292443 -3.173249
 975.801469 -3.213834
 976.310494 -3.213218
 976.819519 -3.181283
 977.328544 -3.130675
 977.837570 -3.163704
 978.346595 -3.246302
 978.855620 -3.201674
 979.364646 -3.182848
 979.873671 -3.196315
 980.382696 -3.235691
 980.891721 -3.159422
 981.400747 -3.129255
 981.909772 -3.139056
 982.418797 -3.189059
 982.927823 -3.203932
 983.436848 -3.172209
 983.945873 -3.128199
 984.454898 -3.228691
 984.963924 -3.248619
 985.472949 -3.120978
 985.981974 -3.112223
 986.491000 -3.182576
 987.000025 -3.231591
 987.509050 -3.255092
 988.018075 -3.151547
 988.527101 -3.126519
 989.036126 -3.190206
 989.545151 -3.235717
 990.054177 -3.187953
 990.563202 -3.180615
 991.072227 -3.179731
 991.581252 -3.166605
 992.090278 -3.196808
 992.599303 -3.177128
 993.108328 -3.176831
 993.617354 -3.190768
 994.126379 -3.174730
 994.635404 -3.163500
 995.144429 -3.164164
 995.653455 -3.145451
 996.162480 -3.219091
 996.671505 -3.249234
 997.180530 -3.182382
 997.689556 -3.132301
 998.198581 -3.153310
 998.707606 -3.269425
 999.216632 -3.241483
 999.725657 -3.136864
 1000.234682 -3.171046
 1000.743707 -3.196093
 1001.252733 -3.160187
 1001.761758 -3.192530
 1002.270783 -3.195007
 1002.779809 -3.172088
 1003.288834 -3.184814
 1003.797859 -3.160018
 1004.306884 -3.201337
 1004.815910 -3.126118
 1005.324935 -3.114153
 1005.833960 -3.193518
 1006.342986 -3.227180
 1006.852011 -3.157347
 1007.361036 -3.115164
 1007.870061 -3.201335
 1008.379087 -3.251577
 1008.888112 -3.186566
 1009.397137 -3.171238
 1009.906163 -3.230831
 1010.415188 -3.209336
 1010.924213 -3.160595
 1011.433238 -3.147208
 1011.942264 -3.188791
 1012.451289 -3.246608
 1012.960314 -3.202802
 1013.469340 -3.157671
 1013.978365 -3.189153
 1014.487390 -3.254104
 1014.996415 -3.212004
 1015.505441 -3.129237
 1016.014466 -3.156434
 1016.523491 -3.246120
 1017.032517 -3.161754
 1017.541542 -3.157982
 1018.050567 -3.190701
