#! FIELDS time cv
 0.000000 -3.374566
 0.509025 -3.445859
 1.018051 -3.553272
 1.527076 -3.482177
 2.036101 -3.334838
 2.545126 -3.417180
 3.054152 -3.526563
 3.563177 -3.485391
 4.072202 -3.397691
 4.581228 -3.347188
 5.090253 -3.443451
 5.599278 -3.500719
 6.108303 -3.431853
 6.617329 -3.409670
 7.126354 -3.450956
 7.635379 -3.391703
 8.144405 -3.487916
 8.653430 -3.477553
 9.162455 -3.435094
 9.671480 -3.328348
 10.180506 -3.383511
 10.689531 -3.490046
 11.198556 -3.493736
 11.707582 -3.396091
 12.216607 -3.410320
 12.725632 -3.434798
 13.234657 -3.503675
 13.743683 -3.456766
 14.252708 -3.375600
 14.761733 -3.477850
 15.270759 -3.522932
 15.779784 -3.424549
 16.288809 -3.382964
 16.797834 -3.457177
 17.306860 -3.560145
 17.815885 -3.502836
 18.324910 -3.404451
 18.833935 -3.467090
 19.342961 -3.458606
 19.851986 -3.468904
 20.361011 -3.439704
 20.870037 -3.469267
 21.379062 -3.464142
 21.888087 -3.436416
 22.397112 -3.459602
 22.906138 -3.415397
 23.415163 -3.385197
 23.924188 -3.510536
 24.433214 -3.474165
 24.942239 -3.437997
 25.451264 -3.424965
 25.960289 -3.446177
 26.469315 -3.491281
 26.978340 -3.415106
 27.487365 -3.385327
 27.996391 -3.509197
 28.505416 -3.527009
 29.014441 -3.437340
 29.523466 -3.391315
 30.032492 -3.478448
 30.541517 -3.452810
 31.050542 -3.437237
 31.559568 -3.385515
 32.068593 -3.459307
 32.577618 -3.481319
 33.086643 -3.452093
 33.595669 -3.450549
 34.104694 -3.443054
 34.613719 -3.421105
 35.122745 -3.415484
 35.631770 -3.470171
 36.140795 -3.448009
 36.649820 -3.379964
 37.158846 -3.434830
 37.667871 -3.454614
 38.176896 -3.483861
 38.685922 -3.382491
 39.194947 -3.363089
 39.703972 -3.499455
 40.212997 -3.510132
 40.722023 -3.428074
 41.231048 -3.444845
 41.740073 -3.448692
 42.249099 -3.389213
 42.758124 -3.396045
 43.267149 -3.446914
 43.776174 -3.478681
 44.285200 -3.441349
 44.794225 -3.462615
 45.303250 -3.463719
 45.812276 -3.433617
 46.321301 -3.439242
 46.830326 -3.469673
 47.339351 -3.477527
 47.848377 -3.422677
 48.357402 -3.409085
 48.866427 -3.417692
 49.375453 -3.437111
 49.884478 -3.469731
 50.393503 -3.440548
 50.902528 -3.437379
 51.411554 -3.360775
 51.920579 -3.421189
 52.429604 -3.452837
 52.938629 -3.504810
 53.447655 -3.473947
 53.956680 -3.411725
 54.465705 -3.385024
 54.974731 -3.453441
 55.483756 -3.483440
 55.992781 -3.443702
 56.501806 -3.472252
 57.010832 -3.387724
 57.519857 -3.463355
 58.028882 -3.505724
 58.537908 -3.469100
 59.046933 -3.397550
 59.555958 -3.461035
 60.064983 -3.497029
 60.574009 -3.518520
 61.083034 -3.445763
 61.592059 -3.328243
 62.101085 -3.449384
 62.610110 -3.546971
 63.119135 -3.456722
 63.628160 -3.372315
 64.137186 -3.480316
 64.646211 -3.502936
 65.155236 -3.479485
 65.664262 -3.382117
 66.173287 -3.447519
 66.682312 -3.508585
 67.191337 -3.409432
 67.700363 -3.383730
 68.209388 -3.453405
 68.718413 -3.461188
 69.227439 -3.444871
 69.736464 -3.427537
 70.245489 -3.420804
 70.754514 -3.439159
 71.263540 -3.457920
 71.772565 -3.444992
 72.281590 -3.347599
 72.790616 -3.416895
 73.299641 -3.484155
 73.808666 -3.469016
 74.317691 -3.386472
 74.826717 -3.473389
 75.335742 -3.472129
 75.844767 -3.436415
 76.353793 -3.437431
 76.862818 -3.425595
 77.371843 -3.459643
 77.880868 -3.493426
 78.389894 -3.476100
 78.898919 -3.402573
 79.407944 -3.393153
 79.916970 -3.430337
 80.425995 -3.451889
 80.935020 -3.464082
 81.444045 -3.416402
 81.953071 -3.444896
 82.462096 -3.434349
 82.971121 -3.469596
 83.480147 -3.418240
 83.989172 -3.399627
 84.498197 -3.460303
 85.007222 -3.491868
 85.516248 -3.397666
 86.025273 -3.402566
 86.534298 -3.479462
 87.043323 -3.431878
 87.552349 -3.424739
 88.061374 -3.448670
 88.570399 -3.438372
 89.079425 -3.383731
 89.588450 -3.477981
 90.097475 -3.482435
 90.606500 -3.491633
 91.115526 -3.402940
 91.624551 -3.389987
 92.133576 -3.469967
 92.642602 -3.479894
 93.151627 -3.408417
 93.660652 -3.348078
 94.169677 -3.437926
 94.678703 -3.488844
 95.187728 -3.523950
 95.696753 -3.383346
 96.205779 -3.394594
 96.714804 -3.449217
 97.223829 -3.472263
 97.732854 -3.391238
 98.241880 -3.480568
 98.750905 -3.494479
 99.259930 -3.418070
 99.768956 -3.427945
 100.277981 -3.451828
 100.787006 -3.423395
 101.296031 -3.468673
 101.805057 -3.431292
 102.314082 -3.417713
 102.823107 -3.494881
 103.332133 -3.483575
 103.841158 -3.390399
 104.350183 -3.426967
 104.859208 -3.512715
 105.368234 -3.520753
 105.877259 -3.450127
 106.386284 -3.363091
 106.895310 -3.423082
 107.404335 -3.491911
 107.913360 -3.441783
 108.422385 -3.425611
 108.931411 -3.457687
 109.440436 -3.436241
 109.949461 -3.438128
 110.458487 -3.466014
 110.967512 -3.412205
 111.476537 -3.453521
 111.985562 -3.523354
 112.494588 -3.437353
 113.003613 -3.398084
 113.512638 -3.408088
 114.021664 -3.413276
 114.530689 -3.449077
 115.039714 -3.471876
 115.548739 -3.463408
 116.057765 -3.449428
 116.566790 -3.436422
 117.075815 -3.438448
 117.584841 -3.422879
 118.093866 -3.398632
 118.602891 -3.452605
 119.111916 -3.502240
 119.620942 -3.416662
 120.129967 -3.434645
 120.638992 -3.484585
 121.148017 -3.424001
 121.657043 -3.440720
 122.166068 -3.501392
 122.675093 -3.467862
 123.184119 -3.382290
 123.693144 -3.434127
 124.202169 -3.505139
 124.711194 -3.441987
 125.220220 -3.407546
 125.729245 -3.412973
 126.238270 -3.477459
 126.747296 -3.530472
 127.256321 -3.452126
 127.765346 -3.382971
 128.274371 -3.408563
 128.783397 -3.440058
 129.292422 -3.429120
 129.801447 -3.435991
 130.310473 -3.409167
 130.819498 -3.485534
 131.328523 -3.437430
 131.837548 -3.386364
 132.346574 -3.477270
 132.855599 -3.498635
 133.364624 -3.400725
 133.873650 -3.450044
 134.382675 -3.473385
 134.891700 -3.452581
 135.400725 -3.375649
 135.909751 -3.390720
 136.418776 -3.522364
 136.927801 -3.532815
 137.436827 -3.379652
 137.945852 -3.388209
 138.454877 -3.489027
 138.963902 -3.459441
 139.472928 -3.418981
 139.981953 -3.420361
 140.490978 -3.459815
 141.000004 -3.496005
 141.509029 -3.441757
 142.018054 -3.408206
 142.527079 -3.454130
 143.036105 -3.499613
 143.545130 -3.462666
 144.054155 -3.398262
 144.563181 -3.402133
 145.072206 -3.459981
 145.581231 -3.488094
 146.090256 -3.465217
 146.599282 -3.387036
 147.108307 -3.396764
 147.617332 -3.426193
 148.126358 -3.520011
 148.635383 -3.486948
 149.144408 -3.436209
 149.653433 -3.446785
 150.162459 -3.433168
 150.671484 -3.455142
 151.180509 -3.498395
 151.689535 -3.437052
 152.198560 -3.420731
 152.707585 -3.424978
 153.216610 -3.494467
 153.725636 -3.439596
 154.234661 -3.407918
 154.743686 -3.455055
 155.252711 -3.432862
 155.761737 -3.472232
 156.270762 -3.442361
 156.779787 -3.419209
 157.288813 -3.465778
 157.797838 -3.421871
 158.306863 -3.479065
 158.815888 -3.421068
 159.324914 -3.468395
 159.833939 -3.441339
 160.342964 -3.476088
 160.851990 -3.485132
 161.361015 -3.430387
 161.870040 -3.418701
 162.379065 -3.459269
 162.888091 -3.489064
 163.397116 -3.418952
 163.906141 -3.382042
 164.415167 -3.428277
 164.924192 -3.497018
 165.433217 -3.431565
 165.942242 -3.392127
 166.451268 -3.395725
 166.960293 -3.438266
 167.469318 -3.416288
 167.978344 -3.403033
 168.487369 -3.392237
 168.996394 -3.444971
 169.505419 -3.454058
 170.014445 -3.480600
 170.523470 -3.441870
 171.032495 -3.445219
 171.541521 -3.463055
 172.050546 -3.442685
 172.559571 -3.401291
 173.068596 -3.366796
 173.577622 -3.481622
 174.086647 -3.473732
 174.595672 -3.425578
 175.104698 -3.426375
 175.613723 -3.448592
 176.122748 -3.449186
 176.631773 -3.439447
 177.140799 -3.452469
 177.649824 -3.451048
 178.158849 -3.441320
 178.667875 -3.376708
 179.176900 -3.385371
 179.685925 -3.479699
 180.194950 -3.503858
 180.703976 -3.462438
 181.213001 -3.387995
 181.722026 -3.423151
 182.231052 -3.484244
 182.740077 -3.484080
 183.249102 -3.462016
 183.758127 -3.379949
 184.267153 -3.406421
 184.776178 -3.549705
 185.285203 -3.496035
 185.794228 -3.391951
 186.303254 -3.443133
 186.812279 -3.476135
 187.321304 -3.462905
 187.830330 -3.433094
 188.339355 -3.375645
 188.848380 -3.378044
 189.357405 -3.436525
 189.866431 -3.481822
 190.375456 -3.405805
 190.884481 -3.408553
 191.393507 -3.507968
 191.902532 -3.468682
 192.411557 -3.474696
 192.920582 -3.456033
 193.429608 -3.388000
 193.938633 -3.419091
 194.447658 -3.449393
 194.956684 -3.428350
 195.465709 -3.402613
 195.974734 -3.472972
 196.483759 -3.451746
 196.992785 -3.403383
 197.501810 -3.424456
 198.010835 -3.446809
 198.519861 -3.433771
 199.028886 -3.479188
 199.537911 -3.459566
 200.046936 -3.392586
 200.555962 -3.430300
 201.064987 -3.484095
 201.574012 -3.522164
 202.083038 -3.477027
 202.592063 -3.386654
 203.101088 -3.474430
 203.610113 -3.509768
 204.119139 -3.404867
 204.628164 -3.422731
 205.137189 -3.453834
 205.646215 -3.431143
 206.155240 -3.425322
 206.664265 -3.440759
 207.173290 -3.413666
 207.682316 -3.425004
 208.191341 -3.438666
 208.700366 -3.433620
 209.209392 -3.483353
 209.718417 -3.446940
 210.227442 -3.409816
 210.736467 -3.467117
 211.245493 -3.451044
 211.754518 -3.459531
 212.263543 -3.407938
 212.772569 -3.414883
 213.281594 -3.405368
 213.790619 -3.468679
 214.299644 -3.485512
 214.808670 -3.470600
 215.317695 -3.372426
 215.826720 -3.375770
 216.335746 -3.477867
 216.844771 -3.447848
 217.353796 -3.427006
 217.862821 -3.456411
 218.371847 -3.478673
 218.880872 -3.364371
 219.389897 -3.351332
 219.898922 -3.509284
 220.407948 -3.457079
 220.916973 -3.425626
 221.425998 -3.512575
 221.935024 -3.464855
 222.444049 -3.365127
 222.953074 -3.350884
 223.462099 -3.448121
 223.971125 -3.547493
 224.480150 -3.502796
 224.989175 -3.368317
 225.498201 -3.455063
 226.007226 -3.556851
 226.516251 -3.462269
 227.025276 -3.438982
 227.534302 -3.434415
 228.043327 -3.376551
 228.552352 -3.427771
 229.061378 -3.502892
 229.570403 -3.439011
 230.079428 -3.398151
 230.588453 -3.434245
 231.097479 -3.452577
 231.606504 -3.460688
 232.115529 -3.426811
 232.624555 -3.459918
 233.133580 -3.466626
 233.642605 -3.482628
 234.151630 -3.480289
 234.660656 -3.432425
 235.169681 -3.370508
 235.678706 -3.425106
 236.187732 -3.441534
 236.696757 -3.478107
 237.205782 -3.413680
 237.714807 -3.396220
 238.223833 -3.449080
 238.732858 -3.381244
 239.241883 -3.430246
 239.750909 -3.475604
 240.259934 -3.456348
 240.768959 -3.422258
 241.277984 -3.461731
 241.787010 -3.470995
 242.296035 -3.428475
 242.805060 -3.496419
 243.314086 -3.463711
 243.823111 -3.390701
 244.332136 -3.392705
 244.841161 -3.457749
 245.350187 -3.467827
 245.859212 -3.423586
 246.368237 -3.430747
 246.877263 -3.482252
 247.386288 -3.463971
 247.895313 -3.404799
 248.404338 -3.470396
 248.913364 -3.454347
 249.422389 -3.385888
 249.931414 -3.423893
 250.440440 -3.486520
 250.949465 -3.433968
 251.458490 -3.372590
 251.967515 -3.447629
 252.476541 -3.502069
 252.985566 -3.430866
 253.494591 -3.454444
 254.003616 -3.474762
 254.512642 -3.463028
 255.021667 -3.429022
 255.530692 -3.401666
 256.039718 -3.464647
 256.548743 -3.480174
 257.057768 -3.459349
 257.566793 -3.466777
 258.075819 -3.470698
 258.584844 -3.419892
 259.093869 -3.383756
 259.602895 -3.400098
 260.111920 -3.473168
 260.620945 -3.502492
 261.129970 -3.431735
 261.638996 -3.353529
 262.148021 -3.452308
 262.657046 -3.512301
 263.166072 -3.425936
 263.675097 -3.392067
 264.184122 -3.460414
 264.693147 -3.470520
 265.202173 -3.368888
 265.711198 -3.405507
 266.220223 -3.455826
 266.729249 -3.449615
 267.238274 -3.390691
 267.747299 -3.416494
 268.256324 -3.502877
 268.765350 -3.465325
 269.274375 -3.383671
 269.783400 -3.423794
 270.292426 -3.472553
 270.801451 -3.428411
 271.310476 -3.404399
 271.819501 -3.464841
 272.328527 -3.496058
 272.837552 -3.399360
 273.346577 -3.420946
 273.855603 -3.451816
 274.364628 -3.436284
 274.873653 -3.454566
 275.382678 -3.439617
 275.891704 -3.419282
 276.400729 -3.440294
 276.909754 -3.459010
 277.418780 -3.426859
 277.927805 -3.407323
 278.436830 -3.434315
 278.945855 -3.437481
 279.454881 -3.447672
 279.963906 -3.528787
 280.472931 -3.440616
 280.981957 -3.401496
 281.490982 -3.490321
 282.000007 -3.465582
 282.509032 -3.434471
 283.018058 -3.479085
 283.527083 -3.423676
 284.036108 -3.480514
 284.545134 -3.434697
 285.054159 -3.432943
 285.563184 -3.443304
 286.072209 -3.420372
 286.581235 -3.418962
 287.090260 -3.415374
 287.599285 -3.424398
 288.108310 -3.424665
 288.617336 -3.412481
 289.126361 -3.457670
 289.635386 -3.483551
 290.144412 -3.440925
 290.653437 -3.380878
 291.162462 -3.469417
 291.671487 -3.489946
 292.180513 -3.459234
 292.689538 -3.378528
 293.198563 -3.458724
 293.707589 -3.481840
 294.216614 -3.433839
 294.725639 -3.437008
 295.234664 -3.463952
 295.743690 -3.447737
 296.252715 -3.435058
 296.761740 -3.419887
 297.270766 -3.443212
 297.779791 -3.418205
 298.288816 -3.417243
 298.797841 -3.484158
 299.306867 -3.505455
 299.815892 -3.435821
 300.324917 -3.446895
 300.833943 -3.411287
 301.342968 -3.393021
 301.851993 -3.488647
 302.361018 -3.448573
 302.870044 -3.459890
 303.379069 -3.393264
 303.888094 -3.425103
 304.397120 -3.437142
 304.906145 -3.438926
 305.415170 -3.465167
 305.924195 -3.460250
 306.433221 -3.447526
 306.942246 -3.455763
 307.451271 -3.466210
 307.960297 -3.410057
 308.469322 -3.414679
 308.978347 -3.492724
 309.487372 -3.513926
 309.996398 -3.473564
 310.505423 -3.402275
 311.014448 -3.397400
 311.523474 -3.474384
 312.032499 -3.521052
 312.541524 -3.430010
 313.050549 -3.403701
 313.559575 -3.487867
 314.068600 -3.476469
 314.577625 -3.473225
 315.086651 -3.412098
 315.595676 -3.421339
 316.104701 -3.482668
 316.613726 -3.463851
 317.122752 -3.400702
 317.631777 -3.391369
 318.140802 -3.448019
 318.649828 -3.512238
 319.158853 -3.410485
 319.667878 -3.424481
 320.176903 -3.458924
 320.685929 -3.466928
 321.194954 -3.502623
 321.703979 -3.472215
 322.213004 -3.463988
 322.722030 -3.420903
 323.231055 -3.466938
 323.740080 -3.509805
 324.249106 -3.393865
 324.758131 -3.433375
 325.267156 -3.467855
 325.776181 -3.442648
 326.285207 -3.407054
 326.794232 -3.412896
 327.303257 -3.465078
 327.812283 -3.493559
 328.321308 -3.433127
 328.830333 -3.392690
 329.339358 -3.409025
 329.848384 -3.422045
 330.357409 -3.435840
 330.866434 -3.413357
 331.375460 -3.448252
 331.884485 -3.441104
 332.393510 -3.405763
 332.902535 -3.430291
 333.411561 -3.455166
 333.920586 -3.435096
 334.429611 -3.408813
 334.938637 -3.437237
 335.447662 -3.462799
 335.956687 -3.441375
 336.465712 -3.412843
 336.974738 -3.434903
 337.483763 -3.481749
 337.992788 -3.473070
 338.501814 -3.420948
 339.010839 -3.439194
 339.519864 -3.463880
 340.028889 -3.401966
 340.537915 -3.405966
 341.046940 -3.462613
 341.555965 -3.436193
 342.064991 -3.426606
 342.574016 -3.432392
 343.083041 -3.430137
 343.592066 -3.445723
 344.101092 -3.457264
 344.610117 -3.400626
 345.119142 -3.413208
 345.628168 -3.463053
 346.137193 -3.463005
 346.646218 -3.470194
 347.155243 -3.460460
 347.664269 -3.430579
 348.173294 -3.441371
 348.682319 -3.483453
 349.191345 -3.442271
 349.700370 -3.439609
 350.209395 -3.416925
 350.718420 -3.440484
 351.227446 -3.424655
 351.736471 -3.439069
 352.245496 -3.394417
 352.754522 -3.379733
 353.263547 -3.513220
 353.772572 -3.483038
 354.281597 -3.408835
 354.790623 -3.396610
 355.299648 -3.452404
 355.808673 -3.458589
 356.317698 -3.386099
 356.826724 -3.388913
 357.335749 -3.470950
 357.844774 -3.442109
 358.353800 -3.454766
 358.862825 -3.425329
 359.371850 -3.467958
 359.880875 -3.480655
 360.389901 -3.452863
 360.898926 -3.369550
 361.407951 -3.423197
 361.916977 -3.517589
 362.426002 -3.438163
 362.935027 -3.414508
 363.444052 -3.432006
 363.953078 -3.488770
 364.462103 -3.465645
 364.971128 -3.382646
 365.480154 -3.414334
 365.989179 -3.520240
 366.498204 -3.478839
 367.007229 -3.403249
 367.516255 -3.401136
 368.025280 -3.469005
 368.534305 -3.424323
 369.043331 -3.463283
 369.552356 -3.465194
 370.061381 -3.412466
 370.570406 -3.428004
 371.079432 -3.466707
 371.588457 -3.457895
 372.097482 -3.464146
 372.606508 -3.451682
 373.115533 -3.418854
 373.624558 -3.475196
 374.133583 -3.392550
 374.642609 -3.417145
 375.151634 -3.474949
 375.660659 -3.477900
 376.169685 -3.377525
 376.678710 -3.449913
 377.187735 -3.511099
 377.696760 -3.383833
 378.205786 -3.433075
 378.714811 -3.437230
 379.223836 -3.432626
 379.732862 -3.452071
 380.241887 -3.444841
 380.750912 -3.458574
 381.259937 -3.467781
 381.768963 -3.429122
 382.277988 -3.455894
 382.787013 -3.432727
 383.296039 -3.435325
 383.805064 -3.474799
 384.314089 -3.412200
 384.823114 -3.476918
 385.332140 -3.448524
 385.841165 -3.412410
 386.350190 -3.448613
 386.859216 -3.434445
 387.368241 -3.456437
 387.877266 -3.436321
 388.386291 -3.418662
 388.895317 -3.436265
 389.404342 -3.440885
 389.913367 -3.431285
 390.422392 -3.368095
 390.931418 -3.467595
 391.440443 -3.509610
 391.949468 -3.455697
 392.458494 -3.451475
 392.967519 -3.492563
 393.476544 -3.448643
 393.985569 -3.437465
 394.494595 -3.424514
 395.003620 -3.440728
 395.512645 -3.486025
 396.021671 -3.470290
 396.530696 -3.446046
 397.039721 -3.368482
 397.548746 -3.458346
 398.057772 -3.473585
 398.566797 -3.361128
 399.075822 -3.392879
 399.584848 -3.452821
 400.093873 -3.457848
 400.602898 -3.461110
 401.111923 -3.485697
 401.620949 -3.436516
 402.129974 -3.442882
 402.638999 -3.405682
 403.148025 -3.497619
 403.657050 -3.460439
 404.166075 -3.413684
 404.675100 -3.445862
 405.184126 -3.454263
 405.693151 -3.469849
 406.202176 -3.412646
 406.711202 -3.388071
 407.220227 -3.458411
 407.729252 -3.488122
 408.238277 -3.425887
 408.747303 -3.377628
 409.256328 -3.462760
 409.765353 -3.465511
 410.274379 -3.395000
 410.783404 -3.407465
 411.292429 -3.498299
 411.801454 -3.406924
 412.310480 -3.446847
 412.819505 -3.471068
 413.328530 -3.458479
 413.837556 -3.429618
 414.346581 -3.422616
 414.855606 -3.469073
 415.364631 -3.460811
 415.873657 -3.420491
 416.382682 -3.460848
 416.891707 -3.444984
 417.400733 -3.436046
 417.909758 -3.426618
 418.418783 -3.449823
 418.927808 -3.459052
 419.436834 -3.416169
 419.945859 -3.490220
 420.454884 -3.509382
 420.963910 -3.413390
 421.472935 -3.358920
 421.981960 -3.461833
 422.490985 -3.529363
 423.000011 -3.416146
 423.509036 -3.391892
 424.018061 -3.463804
 424.527086 -3.490073
 425.036112 -3.469380
 425.545137 -3.406381
 426.054162 -3.381892
 426.563188 -3.470815
 427.072213 -3.457789
 427.581238 -3.386231
 428.090263 -3.371301
 428.599289 -3.496788
 429.108314 -3.541596
 429.617339 -3.421293
 430.126365 -3.362400
 430.635390 -3.443752
 431.144415 -3.512100
 431.653440 -3.391688
 432.162466 -3.399829
 432.671491 -3.486722
 433.180516 -3.476688
 433.689542 -3.400730
 434.198567 -3.343426
 434.707592 -3.444153
 435.216617 -3.485940
 435.725643 -3.460406
 436.234668 -3.382980
 436.743693 -3.426005
 437.252719 -3.471417
 437.761744 -3.459703
 438.270769 -3.428633
 438.779794 -3.509604
 439.288820 -3.518636
 439.797845 -3.429645
 440.306870 -3.398792
 440.815896 -3.460483
 441.324921 -3.443810
 441.833946 -3.416780
 442.342971 -3.380850
 442.851997 -3.446798
 443.361022 -3.516853
 443.870047 -3.383527
 444.379073 -3.405304
 444.888098 -3.398645
 445.397123 -3.441585
 445.906148 -3.460482
 446.415174 -3.481309
 446.924199 -3.477841
 447.433224 -3.480274
 447.942250 -3.460328
 448.451275 -3.442681
 448.960300 -3.481887
 449.469325 -3.462527
 449.978351 -3.423150
 450.487376 -3.424569
 450.996401 -3.501488
 451.505427 -3.503587
 452.014452 -3.375613
 452.523477 -3.380788
 453.032502 -3.490796
 453.541528 -3.465566
 454.050553 -3.359394
 454.559578 -3.438508
 455.068604 -3.492931
 455.577629 -3.446889
 456.086654 -3.380499
 456.595679 -3.498370
 457.104705 -3.438288
 457.613730 -3.447876
 458.122755 -3.493091
 458.631780 -3.405279
 459.140806 -3.445743
 459.649831 -3.404082
 460.158856 -3.381191
 460.667882 -3.395872
 461.176907 -3.475846
 461.685932 -3.504757
 462.194957 -3.434964
 462.703983 -3.347320
 463.213008 -3.454062
 463.722033 -3.503695
 464.231059 -3.421478
 464.740084 -3.432322
 465.249109 -3.407054
 465.758134 -3.389388
 466.267160 -3.494139
 466.776185 -3.506869
 467.285210 -3.396614
 467.794236 -3.369197
 468.303261 -3.437431
 468.812286 -3.492643
 469.321311 -3.470438
 469.830337 -3.457730
 470.339362 -3.399817
 470.848387 -3.418960
 471.357413 -3.447543
 471.866438 -3.455314
 472.375463 -3.403155
 472.884488 -3.448180
 473.393514 -3.496199
 473.902539 -3.479314
 474.411564 -3.403341
 474.920590 -3.462678
 475.429615 -3.412789
 475.938640 -3.446178
 476.447665 -3.443199
 476.956691 -3.509745
 477.465716 -3.471953
 477.974741 -3.397672
 478.483767 -3.493478
 478.992792 -3.499637
 479.501817 -3.381305
 480.010842 -3.464061
 480.519868 -3.455098
 481.028893 -3.427532
 481.537918 -3.396227
 482.046944 -3.463283
 482.555969 -3.444641
 483.064994 -3.427161
 483.574019 -3.496728
 484.083045 -3.517178
 484.592070 -3.443075
 485.101095 -3.397219
 485.610121 -3.414883
 486.119146 -3.422312
 486.628171 -3.394187
 487.137196 -3.441437
 487.646222 -3.519565
 488.155247 -3.503786
 488.664272 -3.376526
 489.173297 -3.503569
 489.682323 -3.463863
 490.191348 -3.454978
 490.700373 -3.413707
 491.209399 -3.396600
 491.718424 -3.457723
 492.227449 -3.447108
 492.736474 -3.456676
 493.245500 -3.386714
 493.754525 -3.418133
 494.263550 -3.524178
 494.772576 -3.479028
 495.281601 -3.404045
 495.790626 -3.401926
 496.299651 -3.424830
 496.808677 -3.523067
 497.317702 -3.448518
 497.826727 -3.356023
 498.335753 -3.410361
 498.844778 -3.452591
 499.353803 -3.489563
 499.862828 -3.471699
 500.371854 -3.472803
 500.880879 -3.472337
 501.389904 -3.361498
 501.898930 -3.433828
 502.407955 -3.476858
 502.916980 -3.463020
 503.426005 -3.462586
 503.935031 -3.412001
 504.444056 -3.460302
 504.953081 -3.501232
 505.462107 -3.475962
 505.971132 -3.379095
 506.480157 -3.412218
 506.989182 -3.427535
 507.498208 -3.440975
 508.007233 -3.391577
 508.516258 -3.423536
 509.025284 -3.448733
 509.534309 -3.467550
 510.043334 -3.461724
 510.552359 -3.389917
 511.061385 -3.404091
 511.570410 -3.467959
 512.079435 -3.502191
 512.588461 -3.439152
 513.097486 -3.439695
 513.606511 -3.435675
 514.115536 -3.473123
 514.624562 -3.414538
 515.133587 -3.414650
 515.642612 -3.482492
 516.151638 -3.461251
 516.660663 -3.388096
 517.169688 -3.440905
 517.678713 -3.495729
 518.187739 -3.472666
 518.696764 -3.444034
 519.205789 -3.409629
 519.714815 -3.482885
 520.223840 -3.489918
 520.732865 -3.433117
 521.241890 -3.456033
 521.750916 -3.441627
 522.259941 -3.471173
 522.768966 -3.417319
 523.277991 -3.424518
 523.787017 -3.404253
 524.296042 -3.427753
 524.805067 -3.485517
 525.314093 -3.483497
 525.823118 -3.397926
 526.332143 -3.431064
 526.841168 -3.435446
 527.350194 -3.481281
 527.859219 -3.463291
 528.368244 -3.394717
 528.877270 -3.392494
 529.386295 -3.501811
 529.895320 -3.460200
 530.404345 -3.420537
 530.913371 -3.464768
 531.422396 -3.520148
 531.931421 -3.449766
 532.440447 -3.419476
 532.949472 -3.439364
 533.458497 -3.463779
 533.967522 -3.448202
 534.476548 -3.420664
 534.985573 -3.510263
 535.494598 -3.459921
 536.003624 -3.432048
 536.512649 -3.368563
 537.021674 -3.455908
 537.530699 -3.497702
 538.039725 -3.437832
 538.548750 -3.396373
 539.057775 -3.456771
 539.566801 -3.414180
 540.075826 -3.441310
 540.584851 -3.437368
 541.093876 -3.439744
 541.602902 -3.415015
 542.111927 -3.437935
 542.620952 -3.473411
 543.129978 -3.452473
 543.639003 -3.380510
 544.148028 -3.460722
 544.657053 -3.495815
 545.166079 -3.388929
 545.675104 -3.374292
 546.184129 -3.458585
 546.693155 -3.539059
 547.202180 -3.445466
 547.711205 -3.366132
 548.220230 -3.449458
 548.729256 -3.479405
 549.238281 -3.468648
 549.747306 -3.391691
 550.256332 -3.431777
 550.765357 -3.463554
 551.274382 -3.454913
 551.783407 -3.460433
 552.292433 -3.451350
 552.801458 -3.453326
 553.310483 -3.442206
 553.819509 -3.418300
 554.328534 -3.409853
 554.837559 -3.461095
 555.346584 -3.461291
 555.855610 -3.378563
 556.364635 -3.465856
 556.873660 -3.453817
 557.382685 -3.423203
 557.891711 -3.419492
 558.400736 -3.394250
 558.909761 -3.487250
 559.418787 -3.485890
 559.927812 -3.388189
 560.436837 -3.392150
 560.945862 -3.396104
 561.454888 -3.453602
 561.963913 -3.508953
 562.472938 -3.442653
 562.981964 -3.401481
 563.490989 -3.405322
 564.000014 -3.441306
 564.509039 -3.419795
 565.018065 -3.452738
 565.527090 -3.453273
 566.036115 -3.445445
 566.545141 -3.382585
 567.054166 -3.465240
 567.563191 -3.495633
 568.072216 -3.448766
 568.581242 -3.426430
 569.090267 -3.383728
 569.599292 -3.479001
 570.108318 -3.510719
 570.617343 -3.423347
 571.126368 -3.368877
 571.635393 -3.375281
 572.144419 -3.501278
 572.653444 -3.506325
 573.162469 -3.379722
 573.671495 -3.378337
 574.180520 -3.490133
 574.689545 -3.486393
 575.198570 -3.448355
 575.707596 -3.444444
 576.216621 -3.390882
 576.725646 -3.440985
 577.234672 -3.475751
 577.743697 -3.446456
 578.252722 -3.440642
 578.761747 -3.423527
 579.270773 -3.439223
 579.779798 -3.380859
 580.288823 -3.415962
 580.797849 -3.431622
 581.306874 -3.499344
 581.815899 -3.504504
 582.324924 -3.376374
 582.833950 -3.362136
 583.342975 -3.508754
 583.852000 -3.526251
 584.361026 -3.444935
 584.870051 -3.364191
 585.379076 -3.413640
 585.888101 -3.532498
 586.397127 -3.457460
 586.906152 -3.422131
 587.415177 -3.417352
 587.924203 -3.512842
 588.433228 -3.420955
 588.942253 -3.421111
 589.451278 -3.489360
 589.960304 -3.483369
 590.469329 -3.393759
 590.978354 -3.435445
 591.487379 -3.434628
 591.996405 -3.495924
 592.505430 -3.437898
 593.014455 -3.373803
 593.523481 -3.429979
 594.032506 -3.512060
 594.541531 -3.505340
 595.050556 -3.413078
 595.559582 -3.378475
 596.068607 -3.487661
 596.577632 -3.484850
 597.086658 -3.407475
 597.595683 -3.392448
 598.104708 -3.434354
 598.613733 -3.442743
 599.122759 -3.363565
 599.631784 -3.421931
 600.140809 -3.472963
 600.649835 -3.455592
 601.158860 -3.438785
 601.667885 -3.427839
 602.176910 -3.425873
 602.685936 -3.424124
 603.194961 -3.445667
 603.703986 -3.457801
 604.213012 -3.475476
 604.722037 -3.464809
 605.231062 -3.383820
 605.740087 -3.392922
 606.249113 -3.415668
 606.758138 -3.450310
 607.267163 -3.493681
 607.776189 -3.436561
 608.285214 -3.373314
 608.794239 -3.462883
 609.303264 -3.497342
 609.812290 -3.373685
 610.321315 -3.389397
 610.830340 -3.459297
 611.339366 -3.420593
 611.848391 -3.403566
 612.357416 -3.458342
 612.866441 -3.474704
 613.375467 -3.420830
 613.884492 -3.410847
 614.393517 -3.421747
 614.902543 -3.443798
 615.411568 -3.470024
 615.920593 -3.432339
 616.429618 -3.441179
 616.938644 -3.487877
 617.447669 -3.417663
 617.956694 -3.417355
 618.465720 -3.492097
 618.974745 -3.435908
 619.483770 -3.374767
 619.992795 -3.483885
 620.501821 -3.464827
 621.010846 -3.443189
 621.519871 -3.456242
 622.028897 -3.467723
 622.537922 -3.388394
 623.046947 -3.469623
 623.555972 -3.451197
 624.064998 -3.431433
 624.574023 -3.434022
 625.083048 -3.451055
 625.592073 -3.488660
 626.101099 -3.473534
 626.610124 -3.482439
 627.119149 -3.336547
 627.628175 -3.426911
 628.137200 -3.532081
 628.646225 -3.487886
 629.155250 -3.350011
 629.664276 -3.435621
 630.173301 -3.468625
 630.682326 -3.500278
 631.191352 -3.412598
 631.700377 -3.387293
 632.209402 -3.479047
 632.718427 -3.475792
 633.227453 -3.374607
 633.736478 -3.422597
 634.245503 -3.483940
 634.754529 -3.448064
 635.263554 -3.446134
 635.772579 -3.381986
 636.281604 -3.424907
 636.790630 -3.494103
 637.299655 -3.450168
 637.808680 -3.378470
 638.317706 -3.386466
 638.826731 -3.437840
 639.335756 -3.434194
 639.844781 -3.470803
 640.353807 -3.527437
 640.862832 -3.459452
 641.371857 -3.377614
 641.880883 -3.391212
 642.389908 -3.476134
 642.898933 -3.463516
 643.407958 -3.427600
 643.916984 -3.412935
 644.426009 -3.463465
 644.935034 -3.433258
 645.444060 -3.472898
 645.953085 -3.490778
 646.462110 -3.464133
 646.971135 -3.404691
 647.480161 -3.417334
 647.989186 -3.476162
 648.498211 -3.460041
 649.007237 -3.395486
 649.516262 -3.422593
 650.025287 -3.499032
 650.534312 -3.500857
 651.043338 -3.432018
 651.552363 -3.383189
 652.061388 -3.445719
 652.570414 -3.454183
 653.079439 -3.499744
 653.588464 -3.484344
 654.097489 -3.356826
 654.606515 -3.387432
 655.115540 -3.510662
 655.624565 -3.493019
 656.133591 -3.388133
 656.642616 -3.526328
 657.151641 -3.480791
 657.660666 -3.426044
 658.169692 -3.423163
 658.678717 -3.400798
 659.187742 -3.406775
 659.696767 -3.463889
 660.205793 -3.467845
 660.714818 -3.431803
 661.223843 -3.432769
 661.732869 -3.476666
 662.241894 -3.504634
 662.750919 -3.439786
 663.259944 -3.454531
 663.768970 -3.465147
 664.277995 -3.480666
 664.787020 -3.469488
 665.296046 -3.412718
 665.805071 -3.368796
 666.314096 -3.444834
 666.823121 -3.457872
 667.332147 -3.437037
 667.841172 -3.423319
 668.350197 -3.401359
 668.859223 -3.438439
 669.368248 -3.455909
 669.877273 -3.492662
 670.386298 -3.520889
 670.895324 -3.454172
 671.404349 -3.372883
 671.913374 -3.395159
 672.422400 -3.468693
 672.931425 -3.492060
 673.440450 -3.507917
 673.949475 -3.347261
 674.458501 -3.405909
 674.967526 -3.526192
 675.476551 -3.522936
 675.985577 -3.404531
 676.494602 -3.453684
 677.003627 -3.475635
 677.512652 -3.472395
 678.021678 -3.460100
 678.530703 -3.435688
 679.039728 -3.443403
 679.548754 -3.435843
 680.057779 -3.451527
 680.566804 -3.442997
 681.075829 -3.478389
 681.584855 -3.391876
 682.093880 -3.445815
 682.602905 -3.459178
 683.111931 -3.450097
 683.620956 -3.414003
 684.129981 -3.447592
 684.639006 -3.453945
 685.148032 -3.479012
 685.657057 -3.444667
 686.166082 -3.369723
 686.675108 -3.407884
 687.184133 -3.512039
 687.693158 -3.500367
 688.202183 -3.402468
 688.711209 -3.368110
 689.220234 -3.462357
 689.729259 -3.496264
 690.238285 -3.435335
 690.747310 -3.366554
 691.256335 -3.445718
 691.765360 -3.533510
 692.274386 -3.440172
 692.783411 -3.423885
 693.292436 -3.485053
 693.801461 -3.465187
 694.310487 -3.389468
 694.819512 -3.433039
 695.328537 -3.469115
 695.837563 -3.472756
 696.346588 -3.377374
 696.855613 -3.448754
 697.364638 -3.463493
 697.873664 -3.514526
 698.382689 -3.365746
 698.891714 -3.385234
 699.400740 -3.505123
 699.909765 -3.475501
 700.418790 -3.434508
 700.927815 -3.444219
 701.436841 -3.426102
 701.945866 -3.419884
 702.454891 -3.390452
 702.963917 -3.444687
 703.472942 -3.436306
 703.981967 -3.487163
 704.490992 -3.489872
 705.000018 -3.447099
 705.509043 -3.396983
 706.018068 -3.444493
 706.527094 -3.459262
 707.036119 -3.432816
 707.545144 -3.449152
 708.054169 -3.448343
 708.563195 -3.452464
 709.072220 -3.435615
 709.581245 -3.438982
 710.090271 -3.385166
 710.599296 -3.400089
 711.108321 -3.463333
 711.617346 -3.533338
 712.126372 -3.478952
 712.635397 -3.334659
 713.144422 -3.416600
 713.653448 -3.474504
 714.162473 -3.449924
 714.671498 -3.450795
 715.180523 -3.452860
 715.689549 -3.436340
 716.198574 -3.398248
 716.707599 -3.484303
 717.216625 -3.440169
 717.725650 -3.439052
 718.234675 -3.484212
 718.743700 -3.491783
 719.252726 -3.456316
 719.761751 -3.446034
 720.270776 -3.434450
 720.779802 -3.432625
 721.288827 -3.447883
 721.797852 -3.432221
 722.306877 -3.463000
 722.815903 -3.485064
 723.324928 -3.461516
 723.833953 -3.477407
 724.342979 -3.482678
 724.852004 -3.362601
 725.361029 -3.375764
 725.870054 -3.470708
 726.379080 -3.483058
 726.888105 -3.383554
 727.397130 -3.406171
 727.906155 -3.490313
 728.415181 -3.477278
 728.924206 -3.440706
 729.433231 -3.349147
 729.942257 -3.410042
 730.451282 -3.433896
 730.960307 -3.482866
 731.469332 -3.431282
 731.978358 -3.391756
 732.487383 -3.437098
 732.996408 -3.465698
 733.505434 -3.467086
 734.014459 -3.479925
 734.523484 -3.451647
 735.032509 -3.431743
 735.541535 -3.391987
 736.050560 -3.455317
 736.559585 -3.486870
 737.068611 -3.424743
 737.577636 -3.454783
 738.086661 -3.416939
 738.595686 -3.413360
 739.104712 -3.513917
 739.613737 -3.438044
 740.122762 -3.397930
 740.631788 -3.438683
 741.140813 -3.526118
 741.649838 -3.480409
 742.158863 -3.435627
 742.667889 -3.426930
 743.176914 -3.435901
 743.685939 -3.417355
 744.194965 -3.438157
 744.703990 -3.415761
 745.213015 -3.429314
 745.722040 -3.488958
 746.231066 -3.422882
 746.740091 -3.404814
 747.249116 -3.445342
 747.758142 -3.494254
 748.267167 -3.484257
 748.776192 -3.418900
 749.285217 -3.389057
 749.794243 -3.463597
 750.303268 -3.501203
 750.812293 -3.404905
 751.321319 -3.425633
 751.830344 -3.407804
 752.339369 -3.413458
 752.848394 -3.437717
 753.357420 -3.421475
 753.866445 -3.431225
 754.375470 -3.497812
 754.884496 -3.515312
 755.393521 -3.422539
 755.902546 -3.386758
 756.411571 -3.456503
 756.920597 -3.470534
 757.429622 -3.432552
 757.938647 -3.415034
 758.447673 -3.434979
 758.956698 -3.464151
 759.465723 -3.407720
 759.974748 -3.393393
 760.483774 -3.477032
 760.992799 -3.519894
 761.501824 -3.439651
 762.010849 -3.407136
 762.519875 -3.397999
 763.028900 -3.462566
 763.537925 -3.476784
 764.046951 -3.411922
 764.555976 -3.399758
 765.065001 -3.460151
 765.574026 -3.471414
 766.083052 -3.440099
 766.592077 -3.445671
 767.101102 -3.472689
 767.610128 -3.486748
 768.119153 -3.424660
 768.628178 -3.408854
 769.137203 -3.484259
 769.646229 -3.443285
 770.155254 -3.441797
 770.664279 -3.455372
 771.173305 -3.406488
 771.682330 -3.451098
 772.191355 -3.450965
 772.700380 -3.462436
 773.209406 -3.434579
 773.718431 -3.433818
 774.227456 -3.411090
 774.736482 -3.391504
 775.245507 -3.475305
 775.754532 -3.445679
 776.263557 -3.464004
 776.772583 -3.477089
 777.281608 -3.486794
 777.790633 -3.391748
 778.299659 -3.453474
 778.808684 -3.486794
 779.317709 -3.403219
 779.826734 -3.401367
 780.335760 -3.438191
 780.844785 -3.468165
 781.353810 -3.483153
 781.862836 -3.408952
 782.371861 -3.434697
 782.880886 -3.497458
 783.389911 -3.451521
 783.898937 -3.389124
 784.407962 -3.426239
 784.916987 -3.476862
 785.426013 -3.397643
 785.935038 -3.400695
 786.444063 -3.450958
 786.953088 -3.472528
 787.462114 -3.439537
 787.971139 -3.436715
 788.480164 -3.505518
 788.989190 -3.439669
 789.498215 -3.445778
 790.007240 -3.450531
 790.516265 -3.498975
 791.025291 -3.481183
 791.534316 -3.427796
 792.043341 -3.379237
 792.552366 -3.439526
 793.061392 -3.481255
 793.570417 -3.494197
 794.079442 -3.461116
 794.588468 -3.403096
 795.097493 -3.429275
 795.606518 -3.396139
 796.115543 -3.482087
 796.624569 -3.448681
 797.133594 -3.391348
 797.642619 -3.440604
 798.151645 -3.509983
 798.660670 -3.445009
 799.169695 -3.380569
 799.678720 -3.430856
 800.187746 -3.445743
 800.696771 -3.388016
 801.205796 -3.373029
 801.714822 -3.477749
 802.223847 -3.498099
 802.732872 -3.476741
 803.241897 -3.415056
 803.750923 -3.397190
 804.259948 -3.484063
 804.768973 -3.479891
 805.277999 -3.447581
 805.787024 -3.416036
 806.296049 -3.489884
 806.805074 -3.473445
 807.314100 -3.415540
 807.823125 -3.414319
 808.332150 -3.443993
 808.841176 -3.485231
 809.350201 -3.464286
 809.859226 -3.409580
 810.368251 -3.420858
 810.877277 -3.454532
 811.386302 -3.515637
 811.895327 -3.423255
 812.404353 -3.408428
 812.913378 -3.394544
 813.422403 -3.508118
 813.931428 -3.489413
 814.440454 -3.399422
 814.949479 -3.428517
 815.458504 -3.453977
 815.967530 -3.464631
 816.476555 -3.468295
 816.985580 -3.434079
 817.494605 -3.441481
 818.003631 -3.486402
 818.512656 -3.431818
 819.021681 -3.430003
 819.530707 -3.484012
 820.039732 -3.414056
 820.548757 -3.398229
 821.057782 -3.427692
 821.566808 -3.464601
 822.075833 -3.433997
 822.584858 -3.397138
 823.093884 -3.454602
 823.602909 -3.451560
 824.111934 -3.484182
 824.620959 -3.419071
 825.129985 -3.427927
 825.639010 -3.439544
 826.148035 -3.411057
 826.657060 -3.469428
 827.166086 -3.487970
 827.675111 -3.411753
 828.184136 -3.434036
 828.693162 -3.498049
 829.202187 -3.425453
 829.711212 -3.413308
 830.220237 -3.432849
 830.729263 -3.492143
 831.238288 -3.412959
 831.747313 -3.410201
 832.256339 -3.468195
 832.765364 -3.381620
 833.274389 -3.456632
 833.783414 -3.459928
 834.292440 -3.356606
 834.801465 -3.422014
 835.310490 -3.530492
 835.819516 -3.487112
 836.328541 -3.424213
 836.837566 -3.417730
 837.346591 -3.407032
 837.855617 -3.435081
 838.364642 -3.470190
 838.873667 -3.478227
 839.382693 -3.418418
 839.891718 -3.398772
 840.400743 -3.480568
 840.909768 -3.415422
 841.418794 -3.424393
 841.927819 -3.416110
 842.436844 -3.481714
 842.945870 -3.417110
 843.454895 -3.391607
 843.963920 -3.471019
 844.472945 -3.467316
 844.981971 -3.442206
 845.490996 -3.435886
 846.000021 -3.455928
 846.509047 -3.455951
 847.018072 -3.440438
 847.527097 -3.404900
 848.036122 -3.394440
 848.545148 -3.470711
 849.054173 -3.492117
 849.563198 -3.426164
 850.072224 -3.421489
 850.581249 -3.468096
 851.090274 -3.504708
 851.599299 -3.432430
 852.108325 -3.407471
 852.617350 -3.435903
 853.126375 -3.463381
 853.635401 -3.496837
 854.144426 -3.480432
 854.653451 -3.389611
 855.162476 -3.389113
 855.671502 -3.453598
 856.180527 -3.451220
 856.689552 -3.407353
 857.198578 -3.437921
 857.707603 -3.484587
 858.216628 -3.420758
 858.725653 -3.428628
 859.234679 -3.448700
 859.743704 -3.488548
 860.252729 -3.485501
 860.761754 -3.379453
 861.270780 -3.396360
 861.779805 -3.514752
 862.288830 -3.471910
 862.797856 -3.427649
 863.306881 -3.408115
 863.815906 -3.515295
 864.324931 -3.464825
 864.833957 -3.389835
 865.342982 -3.422194
 865.852007 -3.440873
 866.361033 -3.519178
 866.870058 -3.449352
 867.379083 -3.417499
 867.888108 -3.488414
 868.397134 -3.453152
 868.906159 -3.382311
 869.415184 -3.427045
 869.924210 -3.484104
 870.433235 -3.441983
 870.942260 -3.413138
 871.451285 -3.391749
 871.960311 -3.444436
 872.469336 -3.463169
 872.978361 -3.468651
 873.487387 -3.390146
 873.996412 -3.424132
 874.505437 -3.511489
 875.014462 -3.490543
 875.523488 -3.444257
 876.032513 -3.459366
 876.541538 -3.459414
 877.050564 -3.420175
 877.559589 -3.413211
 878.068614 -3.445450
 878.577639 -3.477950
 879.086665 -3.485065
 879.595690 -3.497017
 880.104715 -3.437054
 880.613741 -3.441460
 881.122766 -3.478022
 881.631791 -3.489667
 882.140816 -3.429839
 882.649842 -3.433711
 883.158867 -3.471568
 883.667892 -3.503982
 884.176918 -3.450626
 884.685943 -3.414903
 885.194968 -3.443687
 885.703993 -3.511282
 886.213019 -3.511671
 886.722044 -3.381502
 887.231069 -3.407127
 887.740095 -3.459032
 888.249120 -3.462458
 888.758145 -3.414838
 889.267170 -3.413815
 889.776196 -3.489164
 890.285221 -3.490519
 890.794246 -3.418843
 891.303272 -3.392985
 891.812297 -3.473791
 892.321322 -3.521005
 892.830347 -3.458187
 893.339373 -3.412342
 893.848398 -3.463642
 894.357423 -3.432928
 894.866448 -3.408654
 895.375474 -3.424909
 895.884499 -3.520580
 896.393524 -3.459883
 896.902550 -3.441022
 897.411575 -3.399283
 897.920600 -3.493298
 898.429625 -3.481802
 898.938651 -3.436711
 899.447676 -3.434989
 899.956701 -3.455421
 900.465727 -3.469425
 900.974752 -3.453971
 901.483777 -3.474627
 901.992802 -3.431273
 902.501828 -3.381853
 903.010853 -3.393838
 903.519878 -3.484833
 904.028904 -3.505391
 904.537929 -3.402586
 905.046954 -3.350445
 905.555979 -3.510252
 906.065005 -3.535339
 906.574030 -3.411564
 907.083055 -3.351016
 907.592081 -3.409130
 908.101106 -3.469616
 908.610131 -3.420526
 909.119156 -3.408890
 909.628182 -3.434823
 910.137207 -3.450010
 910.646232 -3.465981
 911.155258 -3.462364
 911.664283 -3.444091
 912.173308 -3.421560
 912.682333 -3.408791
 913.191359 -3.499345
 913.700384 -3.476383
 914.209409 -3.467873
 914.718435 -3.393216
 915.227460 -3.477517
 915.736485 -3.520293
 916.245510 -3.400620
 916.754536 -3.428754
 917.263561 -3.465899
 917.772586 -3.448105
 918.281612 -3.421675
 918.790637 -3.452291
 919.299662 -3.440540
 919.808687 -3.459599
 920.317713 -3.435130
 920.826738 -3.431958
 921.335763 -3.433737
 921.844789 -3.464218
 922.353814 -3.419806
 922.862839 -3.433096
 923.371864 -3.481687
 923.880890 -3.445629
 924.389915 -3.420530
 924.898940 -3.443675
 925.407966 -3.489318
 925.916991 -3.458799
 926.426016 -3.444892
 926.935041 -3.428906
 927.444067 -3.416946
 927.953092 -3.472485
 928.462117 -3.429903
 928.971142 -3.416940
 929.480168 -3.461932
 929.989193 -3.480220
 930.498218 -3.430999
 931.007244 -3.421523
 931.516269 -3.474647
 932.025294 -3.494185
 932.534319 -3.449769
 933.043345 -3.405499
 933.552370 -3.432980
 934.061395 -3.426470
 934.570421 -3.445420
 935.079446 -3.415417
 935.588471 -3.466588
 936.097496 -3.437178
 936.606522 -3.408701
 937.115547 -3.469813
 937.624572 -3.439668
 938.133598 -3.436435
 938.642623 -3.465430
 939.151648 -3.427145
 939.660673 -3.443995
 940.169699 -3.480591
 940.678724 -3.392968
 941.187749 -3.377772
 941.696775 -3.438053
 942.205800 -3.461679
 942.714825 -3.440060
 943.223850 -3.547325
 943.732876 -3.546164
 944.241901 -3.399312
 944.750926 -3.386258
 945.259952 -3.488639
 945.768977 -3.514122
 946.278002 -3.484725
 946.787027 -3.371523
 947.296053 -3.437776
 947.805078 -3.463079
 948.314103 -3.458877
 948.823129 -3.421336
 949.332154 -3.399182
 949.841179 -3.454530
 950.350204 -3.506819
 950.859230 -3.421994
 951.368255 -3.381789
 951.877280 -3.501491
 952.386306 -3.465666
 952.895331 -3.442190
 953.404356 -3.424574
 953.913381 -3.434946
 954.422407 -3.514342
 954.931432 -3.483011
 955.440457 -3.418910
 955.949483 -3.388929
 956.458508 -3.413368
 956.967533 -3.440512
 957.476558 -3.474830
 957.985584 -3.416329
 958.494609 -3.425548
 959.003634 -3.445458
 959.512660 -3.431879
 960.021685 -3.457280
 960.530710 -3.505017
 961.039735 -3.433963
 961.548761 -3.369824
 962.057786 -3.401101
 962.566811 -3.472513
 963.075836 -3.451070
 963.584862 -3.410586
 964.093887 -3.418065
 964.602912 -3.428078
 965.111938 -3.444660
 965.620963 -3.466233
 966.129988 -3.466657
 966.639013 -3.430772
 967.148039 -3.391336
 967.657064 -3.427503
 968.166089 -3.476211
 968.675115 -3.457395
 969.184140 -3.440252
 969.693165 -3.465879
 970.202190 -3.400757
 970.711216 -3.489482
 971.220241 -3.481296
 971.729266 -3.385178
 972.238292 -3.378637
 972.747317 -3.500050
 973.256342 -3.485202
 973.765367 -3.415128
 974.274393 -3.424490
 974.783418 -3.434516
 975.292443 -3.483401
 975.801469 -3.389017
 976.310494 -3.454090
 976.819519 -3.457517
 977.328544 -3.404364
 977.837570 -3.431674
 978.346595 -3.499937
 978.855620 -3.481809
 979.364646 -3.458805
 979.873671 -3.462019
 980.382696 -3.406103
 980.891721 -3.469426
 981.400747 -3.504677
 981.909772 -3.470773
 982.418797 -3.453630
 982.927823 -3.462011
 983.436848 -3.475961
 983.945873 -3.464603
 984.454898 -3.448831
 984.963924 -3.389641
 985.472949 -3.467095
 985.981974 -3.484108
 986.491000 -3.443022
 987.000025 -3.413345
 987.509050 -3.422238
 988.018075 -3.476925
 988.527101 -3.479020
 989.036126 -3.518298
 989.545151 -3.414625
 990.054177 -3.389621
 990.563202 -3.428264
 991.072227 -3.442887
 991.581252 -3.463900
 992.090278 -3.412965
 992.599303 -3.465661
 993.108328 -3.467366
 993.617354 -3.421209
 994.126379 -3.421859
 994.635404 -3.485876
 995.144429 -3.442501
 995.653455 -3.406412
 996.162480 -3.441443
 996.671505 -3.455982
 997.180530 -3.474245
 997.689556 -3.442355
 998.198581 -3.421389
 998.707606 -3.488410
 999.216632 -3.487741
 999.725657 -3.380943
 1000.234682 -3.433405
 1000.743707 -3.476628
 1001.252733 -3.428493
 1001.761758 -3.439515
 1002.270783 -3.424674
 1002.779809 -3.450876
 1003.288834 -3.498301
 1003.797859 -3.541420
 1004.306884 -3.427987
 1004.815910 -3.364505
 1005.324935 -3.414985
 1005.833960 -3.446509
 1006.342986 -3.479418
 1006.852011 -3.404525
 1007.361036 -3.398296
 1007.870061 -3.476561
 1008.379087 -3.539632
 1008.888112 -3.407537
 1009.397137 -3.311029
 1009.906163 -3.425400
 1010.415188 -3.529080
 1010.924213 -3.475267
 1011.433238 -3.407435
 1011.942264 -3.420902
 1012.451289 -3.475897
 1012.960314 -3.514897
 1013.469340 -3.496663
 1013.978365 -3.457198
 1014.487390 -3.453310
 1014.996415 -3.461903
 1015.505441 -3.430913
 1016.014466 -3.424892
 1016.523491 -3.456756
 1017.032517 -3.524745
 1017.541542 -3.462351
 1018.050567 -3.393628
