#! FIELDS time cv
 0.000000 -3.856478
 0.509025 -3.912122
 1.018051 -3.875611
 1.527076 -3.808032
 2.036101 -3.873111
 2.545126 -3.921742
 3.054152 -3.896421
 3.563177 -3.847192
 4.072202 -3.849993
 4.581228 -3.866555
 5.090253 -3.904282
 5.599278 -3.856987
 6.108303 -3.858955
 6.617329 -3.854002
 7.126354 -3.855214
 7.635379 -3.856140
 8.144405 -3.868241
 8.653430 -3.827570
 9.162455 -3.879904
 9.671480 -3.808087
 10.180506 -3.855223
 10.689531 -3.982729
 11.198556 -3.903576
 11.707582 -3.845434
 12.216607 -3.838192
 12.725632 -3.823967
 13.234657 -3.887070
 13.743683 -3.915932
 14.252708 -3.910206
 14.761733 -3.843090
 15.270759 -3.845117
 15.779784 -3.878420
 16.288809 -3.926247
 16.797834 -3.903898
 17.306860 -3.858993
 17.815885 -3.787895
 18.324910 -3.909232
 18.833935 -3.921224
 19.342961 -3.892219
 19.851986 -3.796961
 20.361011 -3.825211
 20.870037 -3.923756
 21.379062 -3.946590
 21.888087 -3.844293
 22.397112 -3.841528
 22.906138 -3.889885
 23.415163 -3.879786
 23.924188 -3.837262
 24.433214 -3.845369
 24.942239 -3.916032
 25.451264 -3.888772
 25.960289 -3.912720
 26.469315 -3.932588
 26.978340 -3.914006
 27.487365 -3.872578
 27.996391 -3.885120
 28.505416 -3.910015
 29.014441 -3.887546
 29.523466 -3.819440
 30.032492 -3.814543
 30.541517 -3.907514
 31.050542 -3.946830
 31.559568 -3.879328
 32.068593 -3.824538
 32.577618 -3.855913
 33.086643 -3.880059
 33.595669 -3.892891
 34.104694 -3.890810
 34.613719 -3.865154
 35.122745 -3.815125
 35.631770 -3.878050
 36.140795 -3.893453
 36.649820 -3.909081
 37.158846 -3.922380
 37.667871 -3.873918
 38.176896 -3.886122
 38.685922 -3.853742
 39.194947 -3.807209
 39.703972 -3.823223
 40.212997 -3.910451
 40.722023 -3.970687
 41.231048 -3.880534
 41.740073 -3.789728
 42.249099 -3.812114
 42.758124 -3.868903
 43.267149 -3.916455
 43.776174 -3.894740
 44.285200 -3.887437
 44.794225 -3.899460
 45.303250 -3.823954
 45.812276 -3.842457
 46.321301 -3.871387
 46.830326 -3.914942
 47.339351 -3.815874
 47.848377 -3.828492
 48.357402 -3.862871
 48.866427 -3.854720
 49.375453 -3.830908
 49.884478 -3.896185
 50.393503 -3.930850
 50.902528 -3.928007
 51.411554 -3.809272
 51.920579 -3.801774
 52.429604 -3.887535
 52.938629 -3.869365
 53.447655 -3.879389
 53.956680 -3.895076
 54.465705 -3.855417
 54.974731 -3.841586
 55.483756 -3.842820
 55.992781 -3.866315
 56.501806 -3.894868
 57.010832 -3.910289
 57.519857 -3.793960
 58.028882 -3.850169
 58.537908 -3.932352
 59.046933 -3.891983
 59.555958 -3.864813
 60.064983 -3.871326
 60.574009 -3.881649
 61.083034 -3.882824
 61.592059 -3.923019
 62.101085 -3.925520
 62.610110 -3.866100
 63.119135 -3.863182
 63.628160 -3.863422
 64.137186 -3.936973
 64.646211 -3.897700
 65.155236 -3.858777
 65.664262 -3.867756
 66.173287 -3.892007
 66.682312 -3.923368
 67.191337 -3.890589
 67.700363 -3.856149
 68.209388 -3.833253
 68.718413 -3.909324
 69.227439 -3.910449
 69.736464 -3.815213
 70.245489 -3.799937
 70.754514 -3.913611
 71.263540 -3.989483
 71.772565 -3.844631
 72.281590 -3.775898
 72.790616 -3.843024
 73.299641 -3.919596
 73.808666 -3.923579
 74.317691 -3.868493
 74.826717 -3.859034
 75.335742 -3.895045
 75.844767 -3.896767
 76.353793 -3.951313
 76.862818 -3.854685
 77.371843 -3.780744
 77.880868 -3.830196
 78.389894 -3.914611
 78.898919 -3.887683
 79.407944 -3.832304
 79.916970 -3.863328
 80.425995 -3.905311
 80.935020 -3.835375
 81.444045 -3.943392
 81.953071 -3.898408
 82.462096 -3.799341
 82.971121 -3.851308
 83.480147 -3.948538
 83.989172 -3.937093
 84.498197 -3.835360
 85.007222 -3.872548
 85.516248 -3.876206
 86.025273 -3.885492
 86.534298 -3.837427
 87.043323 -3.915183
 87.552349 -3.958678
 88.061374 -3.864543
 88.570399 -3.826582
 89.079425 -3.875637
 89.588450 -3.917621
 90.097475 -3.914220
 90.606500 -3.869493
 91.115526 -3.876010
 91.624551 -3.904349
 92.133576 -3.882572
 92.642602 -3.816825
 93.151627 -3.842193
 93.660652 -3.900870
 94.169677 -3.857501
 94.678703 -3.834302
 95.187728 -3.893564
 95.696753 -3.893452
 96.205779 -3.862162
 96.714804 -3.814013
 97.223829 -3.884400
 97.732854 -3.892285
 98.241880 -3.880392
 98.750905 -3.801195
 99.259930 -3.856534
 99.768956 -3.879107
 100.277981 -3.874645
 100.787006 -3.858253
 101.296031 -3.940824
 101.805057 -3.906017
 102.314082 -3.845666
 102.823107 -3.868449
 103.332133 -3.921783
 103.841158 -3.812573
 104.350183 -3.863177
 104.859208 -3.870354
 105.368234 -3.885408
 105.877259 -3.895541
 106.386284 -3.900938
 106.895310 -3.899844
 107.404335 -3.844953
 107.913360 -3.836929
 108.422385 -3.836833
 108.931411 -3.924786
 109.440436 -3.924713
 109.949461 -3.835321
 110.458487 -3.858744
 110.967512 -3.876148
 111.476537 -3.831773
 111.985562 -3.813936
 112.494588 -3.836335
 113.003613 -3.881800
 113.512638 -3.906746
 114.021664 -3.873681
 114.530689 -3.836345
 115.039714 -3.863868
 115.548739 -3.892599
 116.057765 -3.917823
 116.566790 -3.827298
 117.075815 -3.813438
 117.584841 -3.856950
 118.093866 -3.929934
 118.602891 -3.864957
 119.111916 -3.857839
 119.620942 -3.867339
 120.129967 -3.853116
 120.638992 -3.823702
 121.148017 -3.892960
 121.657043 -3.914232
 122.166068 -3.838381
 122.675093 -3.842946
 123.184119 -3.877498
 123.693144 -3.921994
 124.202169 -3.910112
 124.711194 -3.882125
 125.220220 -3.799234
 125.729245 -3.819108
 126.238270 -3.923672
 126.747296 -3.864488
 127.256321 -3.858694
 127.765346 -3.882383
 128.274371 -3.866235
 128.783397 -3.844938
 129.292422 -3.777393
 129.801447 -3.900048
 130.310473 -3.917661
 130.819498 -3.883033
 131.328523 -3.862270
 131.837548 -3.867952
 132.346574 -3.855653
 132.855599 -3.852547
 133.364624 -3.856128
 133.873650 -3.874920
 134.382675 -3.892890
 134.891700 -3.918029
 135.400725 -3.882289
 135.909751 -3.861310
 136.418776 -3.834125
 136.927801 -3.897476
 137.436827 -3.876861
 137.945852 -3.899707
 138.454877 -3.896364
 138.963902 -3.816040
 139.472928 -3.890172
 139.981953 -3.871154
 140.490978 -3.896158
 141.000004 -3.868676
 141.509029 -3.877464
 142.018054 -3.877196
 142.527079 -3.902787
 143.036105 -3.907240
 143.545130 -3.886526
 144.054155 -3.877780
 144.563181 -3.948493
 145.072206 -3.890243
 145.581231 -3.814259
 146.090256 -3.792767
 146.599282 -3.933355
 147.108307 -3.949345
 147.617332 -3.855113
 148.126358 -3.870118
 148.635383 -3.896386
 149.144408 -3.857472
 149.653433 -3.844312
 150.162459 -3.864163
 150.671484 -3.903558
 151.180509 -3.912614
 151.689535 -3.869455
 152.198560 -3.854986
 152.707585 -3.851436
 153.216610 -3.887561
 153.725636 -3.915620
 154.234661 -3.891810
 154.743686 -3.874106
 155.252711 -3.867581
 155.761737 -3.870706
 156.270762 -3.880942
 156.779787 -3.925392
 157.288813 -3.906497
 157.797838 -3.825769
 158.306863 -3.853672
 158.815888 -3.868167
 159.324914 -3.855731
 159.833939 -3.856139
 160.342964 -3.878787
 160.851990 -3.848834
 161.361015 -3.898144
 161.870040 -3.949857
 162.379065 -3.850500
 162.888091 -3.853770
 163.397116 -3.890472
 163.906141 -3.854226
 164.415167 -3.865052
 164.924192 -3.849328
 165.433217 -3.889724
 165.942242 -3.856800
 166.451268 -3.873603
 166.960293 -3.884953
 167.469318 -3.840339
 167.978344 -3.861640
 168.487369 -3.859775
 168.996394 -3.890710
 169.505419 -3.874951
 170.014445 -3.861304
 170.523470 -3.901489
 171.032495 -3.924250
 171.541521 -3.887532
 172.050546 -3.865382
 172.559571 -3.911221
 173.068596 -3.925464
 173.577622 -3.885176
 174.086647 -3.839056
 174.595672 -3.815282
 175.104698 -3.901748
 175.613723 -3.932805
 176.122748 -3.888087
 176.631773 -3.782023
 177.140799 -3.830759
 177.649824 -3.944171
 178.158849 -3.884446
 178.667875 -3.757733
 179.176900 -3.859723
 179.685925 -3.951650
 180.194950 -3.855034
 180.703976 -3.799049
 181.213001 -3.893913
 181.722026 -3.952092
 182.231052 -3.882085
 182.740077 -3.823729
 183.249102 -3.800805
 183.758127 -3.975377
 184.267153 -3.932913
 184.776178 -3.821794
 185.285203 -3.796705
 185.794228 -3.961363
 186.303254 -3.918746
 186.812279 -3.794460
 187.321304 -3.847470
 187.830330 -3.898771
 188.339355 -3.889171
 188.848380 -3.848189
 189.357405 -3.857512
 189.866431 -3.881398
 190.375456 -3.886838
 190.884481 -3.884935
 191.393507 -3.822402
 191.902532 -3.855196
 192.411557 -3.925123
 192.920582 -3.932773
 193.429608 -3.867591
 193.938633 -3.827512
 194.447658 -3.892894
 194.956684 -3.882577
 195.465709 -3.847647
 195.974734 -3.888256
 196.483759 -3.901778
 196.992785 -3.802424
 197.501810 -3.828902
 198.010835 -3.925728
 198.519861 -3.902148
 199.028886 -3.839565
 199.537911 -3.861307
 200.046936 -3.905750
 200.555962 -3.882645
 201.064987 -3.857677
 201.574012 -3.833801
 202.083038 -3.881656
 202.592063 -3.924418
 203.101088 -3.853176
 203.610113 -3.872600
 204.119139 -3.860098
 204.628164 -3.875823
 205.137189 -3.893982
 205.646215 -3.892299
 206.155240 -3.844511
 206.664265 -3.805851
 207.173290 -3.873872
 207.682316 -3.911940
 208.191341 -3.867466
 208.700366 -3.809384
 209.209392 -3.951682
 209.718417 -3.924058
 210.227442 -3.794995
 210.736467 -3.835864
 211.245493 -3.865290
 211.754518 -3.902610
 212.263543 -3.868404
 212.772569 -3.863449
 213.281594 -3.857235
 213.790619 -3.885494
 214.299644 -3.855052
 214.808670 -3.866968
 215.317695 -3.840487
 215.826720 -3.898401
 216.335746 -3.950387
 216.844771 -3.864479
 217.353796 -3.837553
 217.862821 -3.873328
 218.371847 -3.864055
 218.880872 -3.824055
 219.389897 -3.838380
 219.898922 -3.921661
 220.407948 -3.926987
 220.916973 -3.785807
 221.425998 -3.822574
 221.935024 -3.893764
 222.444049 -3.935677
 222.953074 -3.897433
 223.462099 -3.811696
 223.971125 -3.850002
 224.480150 -3.896155
 224.989175 -3.885990
 225.498201 -3.874509
 226.007226 -3.900296
 226.516251 -3.920219
 227.025276 -3.852205
 227.534302 -3.880962
 228.043327 -3.890602
 228.552352 -3.878157
 229.061378 -3.891152
 229.570403 -3.847167
 230.079428 -3.870696
 230.588453 -3.864665
 231.097479 -3.838061
 231.606504 -3.858713
 232.115529 -3.897209
 232.624555 -3.834368
 233.133580 -3.894460
 233.642605 -3.879775
 234.151630 -3.862880
 234.660656 -3.890594
 235.169681 -3.862023
 235.678706 -3.927926
 236.187732 -3.878112
 236.696757 -3.830991
 237.205782 -3.862831
 237.714807 -3.847520
 238.223833 -3.916526
 238.732858 -3.931892
 239.241883 -3.878696
 239.750909 -3.813131
 240.259934 -3.882182
 240.768959 -3.924569
 241.277984 -3.867992
 241.787010 -3.882424
 242.296035 -3.866348
 242.805060 -3.921278
 243.314086 -3.844325
 243.823111 -3.829243
 244.332136 -3.807298
 244.841161 -3.904684
 245.350187 -3.897501
 245.859212 -3.852273
 246.368237 -3.828415
 246.877263 -3.901453
 247.386288 -3.852299
 247.895313 -3.877726
 248.404338 -3.849866
 248.913364 -3.901262
 249.422389 -3.881917
 249.931414 -3.854684
 250.440440 -3.891279
 250.949465 -3.864018
 251.458490 -3.856346
 251.967515 -3.867765
 252.476541 -3.851861
 252.985566 -3.892245
 253.494591 -3.851403
 254.003616 -3.873306
 254.512642 -3.899191
 255.021667 -3.846490
 255.530692 -3.860456
 256.039718 -3.880335
 256.548743 -3.879816
 257.057768 -3.857888
 257.566793 -3.889421
 258.075819 -3.908197
 258.584844 -3.887665
 259.093869 -3.870700
 259.602895 -3.848922
 260.111920 -3.869799
 260.620945 -3.873617
 261.129970 -3.891809
 261.638996 -3.807596
 262.148021 -3.893258
 262.657046 -3.905683
 263.166072 -3.842868
 263.675097 -3.874959
 264.184122 -3.879184
 264.693147 -3.868710
 265.202173 -3.861441
 265.711198 -3.836153
 266.220223 -3.840308
 266.729249 -3.867612
 267.238274 -3.898334
 267.747299 -3.901203
 268.256324 -3.876001
 268.765350 -3.853551
 269.274375 -3.836267
 269.783400 -3.935812
 270.292426 -3.959622
 270.801451 -3.859563
 271.310476 -3.836363
 271.819501 -3.910776
 272.328527 -3.904941
 272.837552 -3.926227
 273.346577 -3.885254
 273.855603 -3.857285
 274.364628 -3.892387
 274.873653 -3.858319
 275.382678 -3.834867
 275.891704 -3.866455
 276.400729 -3.907250
 276.909754 -3.876875
 277.418780 -3.868907
 277.927805 -3.871341
 278.436830 -3.894631
 278.945855 -3.893585
 279.454881 -3.830791
 279.963906 -3.855321
 280.472931 -3.911291
 280.981957 -3.890741
 281.490982 -3.787162
 282.000007 -3.845237
 282.509032 -3.954973
 283.018058 -3.916484
 283.527083 -3.890835
 284.036108 -3.836466
 284.545134 -3.848850
 285.054159 -3.906878
 285.563184 -3.922471
 286.072209 -3.902856
 286.581235 -3.887870
 287.090260 -3.880696
 287.599285 -3.847835
 288.108310 -3.849599
 288.617336 -3.866549
 289.126361 -3.935909
 289.635386 -3.907246
 290.144412 -3.846510
 290.653437 -3.837858
 291.162462 -3.883642
 291.671487 -3.863413
 292.180513 -3.857714
 292.689538 -3.927530
 293.198563 -3.904411
 293.707589 -3.854041
 294.216614 -3.857664
 294.725639 -3.867275
 295.234664 -3.901533
 295.743690 -3.911620
 296.252715 -3.849272
 296.761740 -3.879606
 297.270766 -3.916001
 297.779791 -3.941625
 298.288816 -3.803976
 298.797841 -3.801435
 299.306867 -3.874016
 299.815892 -3.894887
 300.324917 -3.879296
 300.833943 -3.869013
 301.342968 -3.837003
 301.851993 -3.833083
 302.361018 -3.920641
 302.870044 -3.871408
 303.379069 -3.858820
 303.888094 -3.810784
 304.397120 -3.886421
 304.906145 -3.880522
 305.415170 -3.844698
 305.924195 -3.861748
 306.433221 -3.882684
 306.942246 -3.874024
 307.451271 -3.867054
 307.960297 -3.861343
 308.469322 -3.851804
 308.978347 -3.872650
 309.487372 -3.866853
 309.996398 -3.884859
 310.505423 -3.892243
 311.014448 -3.879311
 311.523474 -3.903153
 312.032499 -3.843165
 312.541524 -3.757439
 313.050549 -3.824586
 313.559575 -3.956286
 314.068600 -3.909920
 314.577625 -3.855191
 315.086651 -3.861072
 315.595676 -3.899864
 316.104701 -3.875724
 316.613726 -3.848327
 317.122752 -3.878451
 317.631777 -3.852362
 318.140802 -3.863795
 318.649828 -3.864010
 319.158853 -3.856550
 319.667878 -3.893109
 320.176903 -3.850182
 320.685929 -3.876825
 321.194954 -3.881662
 321.703979 -3.902001
 322.213004 -3.864985
 322.722030 -3.907802
 323.231055 -3.939523
 323.740080 -3.913351
 324.249106 -3.805294
 324.758131 -3.847071
 325.267156 -3.957140
 325.776181 -3.913361
 326.285207 -3.793414
 326.794232 -3.807739
 327.303257 -3.893278
 327.812283 -3.885447
 328.321308 -3.877447
 328.830333 -3.809765
 329.339358 -3.851340
 329.848384 -3.928325
 330.357409 -3.856070
 330.866434 -3.870047
 331.375460 -3.846297
 331.884485 -3.852355
 332.393510 -3.866185
 332.902535 -3.912395
 333.411561 -3.948412
 333.920586 -3.786570
 334.429611 -3.840885
 334.938637 -3.985773
 335.447662 -3.946159
 335.956687 -3.807750
 336.465712 -3.812390
 336.974738 -3.933401
 337.483763 -3.900087
 337.992788 -3.832235
 338.501814 -3.822801
 339.010839 -3.906900
 339.519864 -3.940690
 340.028889 -3.845814
 340.537915 -3.823078
 341.046940 -3.902332
 341.555965 -3.865751
 342.064991 -3.848980
 342.574016 -3.841514
 343.083041 -3.845886
 343.592066 -3.880805
 344.101092 -3.889078
 344.610117 -3.937690
 345.119142 -3.902819
 345.628168 -3.803574
 346.137193 -3.831643
 346.646218 -3.924978
 347.155243 -3.923722
 347.664269 -3.868963
 348.173294 -3.816739
 348.682319 -3.857170
 349.191345 -3.943441
 349.700370 -3.917614
 350.209395 -3.813208
 350.718420 -3.798618
 351.227446 -3.879992
 351.736471 -3.960326
 352.245496 -3.922736
 352.754522 -3.809005
 353.263547 -3.826856
 353.772572 -3.923099
 354.281597 -3.880479
 354.790623 -3.830425
 355.299648 -3.873390
 355.808673 -3.866733
 356.317698 -3.818505
 356.826724 -3.836663
 357.335749 -3.911450
 357.844774 -3.926400
 358.353800 -3.852550
 358.862825 -3.782290
 359.371850 -3.863589
 359.880875 -3.893380
 360.389901 -3.889811
 360.898926 -3.820443
 361.407951 -3.894190
 361.916977 -3.897619
 362.426002 -3.872627
 362.935027 -3.881685
 363.444052 -3.944793
 363.953078 -3.870097
 364.462103 -3.801196
 364.971128 -3.846830
 365.480154 -3.880985
 365.989179 -3.861092
 366.498204 -3.900238
 367.007229 -3.930840
 367.516255 -3.888347
 368.025280 -3.812851
 368.534305 -3.812702
 369.043331 -3.911468
 369.552356 -3.962271
 370.061381 -3.844380
 370.570406 -3.827853
 371.079432 -3.892324
 371.588457 -3.891612
 372.097482 -3.826758
 372.606508 -3.842753
 373.115533 -3.922232
 373.624558 -3.908222
 374.133583 -3.834694
 374.642609 -3.878548
 375.151634 -3.958784
 375.660659 -3.907668
 376.169685 -3.815147
 376.678710 -3.920158
 377.187735 -3.918787
 377.696760 -3.860546
 378.205786 -3.780150
 378.714811 -3.849524
 379.223836 -3.926976
 379.732862 -3.829705
 380.241887 -3.814732
 380.750912 -3.922906
 381.259937 -3.941030
 381.768963 -3.904379
 382.277988 -3.887951
 382.787013 -3.907756
 383.296039 -3.885716
 383.805064 -3.835914
 384.314089 -3.814311
 384.823114 -3.861370
 385.332140 -3.923689
 385.841165 -3.905180
 386.350190 -3.853834
 386.859216 -3.840551
 387.368241 -3.898039
 387.877266 -3.916160
 388.386291 -3.855343
 388.895317 -3.877934
 389.404342 -3.906567
 389.913367 -3.858809
 390.422392 -3.817750
 390.931418 -3.856021
 391.440443 -3.955627
 391.949468 -3.958689
 392.458494 -3.812341
 392.967519 -3.862047
 393.476544 -3.955850
 393.985569 -3.913016
 394.494595 -3.859970
 395.003620 -3.810565
 395.512645 -3.818935
 396.021671 -3.895538
 396.530696 -3.862970
 397.039721 -3.827458
 397.548746 -3.863226
 398.057772 -3.913339
 398.566797 -3.914343
 399.075822 -3.879455
 399.584848 -3.816816
 400.093873 -3.890642
 400.602898 -3.917844
 401.111923 -3.849723
 401.620949 -3.832893
 402.129974 -3.881599
 402.638999 -3.912274
 403.148025 -3.899773
 403.657050 -3.837814
 404.166075 -3.855323
 404.675100 -3.850357
 405.184126 -3.864441
 405.693151 -3.839141
 406.202176 -3.908243
 406.711202 -3.919658
 407.220227 -3.838878
 407.729252 -3.802400
 408.238277 -3.888978
 408.747303 -3.965801
 409.256328 -3.854504
 409.765353 -3.818919
 410.274379 -3.873032
 410.783404 -3.875855
 411.292429 -3.853353
 411.801454 -3.855504
 412.310480 -3.868840
 412.819505 -3.808604
 413.328530 -3.909988
 413.837556 -3.915497
 414.346581 -3.911985
 414.855606 -3.864862
 415.364631 -3.840860
 415.873657 -3.909016
 416.382682 -3.887981
 416.891707 -3.870727
 417.400733 -3.858478
 417.909758 -3.859986
 418.418783 -3.800216
 418.927808 -3.890932
 419.436834 -3.944531
 419.945859 -3.886727
 420.454884 -3.819166
 420.963910 -3.873781
 421.472935 -3.888700
 421.981960 -3.876416
 422.490985 -3.828357
 423.000011 -3.907691
 423.509036 -3.902351
 424.018061 -3.874896
 424.527086 -3.853462
 425.036112 -3.855525
 425.545137 -3.868925
 426.054162 -3.901188
 426.563188 -3.834406
 427.072213 -3.867904
 427.581238 -3.854239
 428.090263 -3.817232
 428.599289 -3.890666
 429.108314 -3.872833
 429.617339 -3.843322
 430.126365 -3.870720
 430.635390 -3.903563
 431.144415 -3.854933
 431.653440 -3.866222
 432.162466 -3.905816
 432.671491 -3.888583
 433.180516 -3.838065
 433.689542 -3.812889
 434.198567 -3.883597
 434.707592 -3.971727
 435.216617 -3.961942
 435.725643 -3.864715
 436.234668 -3.855858
 436.743693 -3.840655
 437.252719 -3.875831
 437.761744 -3.922922
 438.270769 -3.888685
 438.779794 -3.843825
 439.288820 -3.877143
 439.797845 -3.811486
 440.306870 -3.874511
 440.815896 -3.945395
 441.324921 -3.898641
 441.833946 -3.814011
 442.342971 -3.798952
 442.851997 -3.865338
 443.361022 -3.940225
 443.870047 -3.892123
 444.379073 -3.827883
 444.888098 -3.855665
 445.397123 -3.930370
 445.906148 -3.964215
 446.415174 -3.825347
 446.924199 -3.771255
 447.433224 -3.819930
 447.942250 -3.872145
 448.451275 -3.921420
 448.960300 -3.869636
 449.469325 -3.867605
 449.978351 -3.839376
 450.487376 -3.874699
 450.996401 -3.844174
 451.505427 -3.878182
 452.014452 -3.880090
 452.523477 -3.878625
 453.032502 -3.890206
 453.541528 -3.813634
 454.050553 -3.832613
 454.559578 -3.931020
 455.068604 -3.933373
 455.577629 -3.849530
 456.086654 -3.788022
 456.595679 -3.836609
 457.104705 -3.935681
 457.613730 -3.940919
 458.122755 -3.815127
 458.631780 -3.823151
 459.140806 -3.897386
 459.649831 -3.896588
 460.158856 -3.933651
 460.667882 -3.866496
 461.176907 -3.818046
 461.685932 -3.881225
 462.194957 -3.913136
 462.703983 -3.839636
 463.213008 -3.841599
 463.722033 -3.864704
 464.231059 -3.947774
 464.740084 -3.906711
 465.249109 -3.902907
 465.758134 -3.827219
 466.267160 -3.859979
 466.776185 -3.881966
 467.285210 -3.880990
 467.794236 -3.883970
 468.303261 -3.964859
 468.812286 -3.879920
 469.321311 -3.797426
 469.830337 -3.882484
 470.339362 -3.883120
 470.848387 -3.908112
 471.357413 -3.877714
 471.866438 -3.821929
 472.375463 -3.883408
 472.884488 -3.856764
 473.393514 -3.869445
 473.902539 -3.888689
 474.411564 -3.919275
 474.920590 -3.891260
 475.429615 -3.802562
 475.938640 -3.891932
 476.447665 -3.875800
 476.956691 -3.810812
 477.465716 -3.872852
 477.974741 -3.944248
 478.483767 -3.914575
 478.992792 -3.916530
 479.501817 -3.839407
 480.010842 -3.799558
 480.519868 -3.841590
 481.028893 -3.896127
 481.537918 -3.886930
 482.046944 -3.928211
 482.555969 -3.865552
 483.064994 -3.814614
 483.574019 -3.862043
 484.083045 -3.895584
 484.592070 -3.896524
 485.101095 -3.858956
 485.610121 -3.906768
 486.119146 -3.874837
 486.628171 -3.888214
 487.137196 -3.859012
 487.646222 -3.817622
 488.155247 -3.946383
 488.664272 -3.955248
 489.173297 -3.811488
 489.682323 -3.811723
 490.191348 -3.901545
 490.700373 -3.961067
 491.209399 -3.890930
 491.718424 -3.784591
 492.227449 -3.877388
 492.736474 -3.914775
 493.245500 -3.901465
 493.754525 -3.865909
 494.263550 -3.853473
 494.772576 -3.876239
 495.281601 -3.856942
 495.790626 -3.891101
 496.299651 -3.877510
 496.808677 -3.827540
 497.317702 -3.916222
 497.826727 -3.923612
 498.335753 -3.874008
 498.844778 -3.847415
 499.353803 -3.854092
 499.862828 -3.863781
 500.371854 -3.940374
 500.880879 -3.822085
 501.389904 -3.802207
 501.898930 -3.940670
 502.407955 -3.948857
 502.916980 -3.819541
 503.426005 -3.851767
 503.935031 -3.909561
 504.444056 -3.891776
 504.953081 -3.867477
 505.462107 -3.884652
 505.971132 -3.867203
 506.480157 -3.917200
 506.989182 -3.877863
 507.498208 -3.894828
 508.007233 -3.839507
 508.516258 -3.903981
 509.025284 -3.880880
 509.534309 -3.855637
 510.043334 -3.884394
 510.552359 -3.904374
 511.061385 -3.836624
 511.570410 -3.902559
 512.079435 -3.898649
 512.588461 -3.887120
 513.097486 -3.805037
 513.606511 -3.875107
 514.115536 -3.890400
 514.624562 -3.931769
 515.133587 -3.876014
 515.642612 -3.825891
 516.151638 -3.863391
 516.660663 -3.924118
 517.169688 -3.834294
 517.678713 -3.810616
 518.187739 -3.810416
 518.696764 -3.946696
 519.205789 -3.905794
 519.714815 -3.819304
 520.223840 -3.876716
 520.732865 -3.921839
 521.241890 -3.919945
 521.750916 -3.861298
 522.259941 -3.877353
 522.768966 -3.903261
 523.277991 -3.841379
 523.787017 -3.920420
 524.296042 -3.923314
 524.805067 -3.845053
 525.314093 -3.883649
 525.823118 -3.923837
 526.332143 -3.839112
 526.841168 -3.915191
 527.350194 -3.904570
 527.859219 -3.749016
 528.368244 -3.793693
 528.877270 -3.902750
 529.386295 -3.933477
 529.895320 -3.861894
 530.404345 -3.820415
 530.913371 -3.847072
 531.422396 -3.870794
 531.931421 -3.937081
 532.440447 -3.915649
 532.949472 -3.873054
 533.458497 -3.876157
 533.967522 -3.875276
 534.476548 -3.874415
 534.985573 -3.877188
 535.494598 -3.884398
 536.003624 -3.865602
 536.512649 -3.879933
 537.021674 -3.883416
 537.530699 -3.867985
 538.039725 -3.780629
 538.548750 -3.850857
 539.057775 -3.902768
 539.566801 -3.877195
 540.075826 -3.842852
 540.584851 -3.961386
 541.093876 -3.864951
 541.602902 -3.886990
 542.111927 -3.871499
 542.620952 -3.859958
 543.129978 -3.887717
 543.639003 -3.901974
 544.148028 -3.825811
 544.657053 -3.868283
 545.166079 -3.874854
 545.675104 -3.844520
 546.184129 -3.886268
 546.693155 -3.871538
 547.202180 -3.880303
 547.711205 -3.884928
 548.220230 -3.835512
 548.729256 -3.890311
 549.238281 -3.920246
 549.747306 -3.801547
 550.256332 -3.835175
 550.765357 -3.877428
 551.274382 -3.913677
 551.783407 -3.854205
 552.292433 -3.811489
 552.801458 -3.829070
 553.310483 -3.899706
 553.819509 -3.864742
 554.328534 -3.889674
 554.837559 -3.848913
 555.346584 -3.852985
 555.855610 -3.881548
 556.364635 -3.906319
 556.873660 -3.879162
 557.382685 -3.776913
 557.891711 -3.846217
 558.400736 -3.944397
 558.909761 -3.909117
 559.418787 -3.850498
 559.927812 -3.871257
 560.436837 -3.874900
 560.945862 -3.883428
 561.454888 -3.817560
 561.963913 -3.878657
 562.472938 -3.917025
 562.981964 -3.878239
 563.490989 -3.812688
 564.000014 -3.854286
 564.509039 -3.872779
 565.018065 -3.895285
 565.527090 -3.881507
 566.036115 -3.838583
 566.545141 -3.851066
 567.054166 -3.915632
 567.563191 -3.857725
 568.072216 -3.839748
 568.581242 -3.867141
 569.090267 -3.874685
 569.599292 -3.873430
 570.108318 -3.870376
 570.617343 -3.899643
 571.126368 -3.885207
 571.635393 -3.847067
 572.144419 -3.926174
 572.653444 -3.965477
 573.162469 -3.879202
 573.671495 -3.764484
 574.180520 -3.858883
 574.689545 -3.951488
 575.198570 -3.858142
 575.707596 -3.797308
 576.216621 -3.908682
 576.725646 -3.955621
 577.234672 -3.839547
 577.743697 -3.826895
 578.252722 -3.873686
 578.761747 -3.909079
 579.270773 -3.881735
 579.779798 -3.926755
 580.288823 -3.882957
 580.797849 -3.865851
 581.306874 -3.845791
 581.815899 -3.861832
 582.324924 -3.898136
 582.833950 -3.925916
 583.342975 -3.881420
 583.852000 -3.860591
 584.361026 -3.807381
 584.870051 -3.855369
 585.379076 -3.879945
 585.888101 -3.894945
 586.397127 -3.896436
 586.906152 -3.858360
 587.415177 -3.896081
 587.924203 -3.870769
 588.433228 -3.897886
 588.942253 -3.902690
 589.451278 -3.865088
 589.960304 -3.867363
 590.469329 -3.877155
 590.978354 -3.832129
 591.487379 -3.857762
 591.996405 -3.950972
 592.505430 -3.851043
 593.014455 -3.860027
 593.523481 -3.877542
 594.032506 -3.862226
 594.541531 -3.879630
 595.050556 -3.869639
 595.559582 -3.880242
 596.068607 -3.882621
 596.577632 -3.867235
 597.086658 -3.828835
 597.595683 -3.880557
 598.104708 -3.925454
 598.613733 -3.902252
 599.122759 -3.932100
 599.631784 -3.914236
 600.140809 -3.824834
 600.649835 -3.863262
 601.158860 -3.947113
 601.667885 -3.904042
 602.176910 -3.891550
 602.685936 -3.843056
 603.194961 -3.863585
 603.703986 -3.870767
 604.213012 -3.886995
 604.722037 -3.872380
 605.231062 -3.885201
 605.740087 -3.907310
 606.249113 -3.853830
 606.758138 -3.864738
 607.267163 -3.920920
 607.776189 -3.862215
 608.285214 -3.880847
 608.794239 -3.858671
 609.303264 -3.890724
 609.812290 -3.933371
 610.321315 -3.852485
 610.830340 -3.786062
 611.339366 -3.825896
 611.848391 -3.883859
 612.357416 -3.886174
 612.866441 -3.924397
 613.375467 -3.860268
 613.884492 -3.843231
 614.393517 -3.889922
 614.902543 -3.828604
 615.411568 -3.849944
 615.920593 -3.873927
 616.429618 -3.890604
 616.938644 -3.915179
 617.447669 -3.906115
 617.956694 -3.821407
 618.465720 -3.882093
 618.974745 -3.927913
 619.483770 -3.868034
 619.992795 -3.834866
 620.501821 -3.860967
 621.010846 -3.910156
 621.519871 -3.936467
 622.028897 -3.842398
 622.537922 -3.818958
 623.046947 -3.881298
 623.555972 -3.876171
 624.064998 -3.938433
 624.574023 -3.952465
 625.083048 -3.823724
 625.592073 -3.847724
 626.101099 -3.938107
 626.610124 -3.925183
 627.119149 -3.874828
 627.628175 -3.878441
 628.137200 -3.908350
 628.646225 -3.846748
 629.155250 -3.864082
 629.664276 -3.916397
 630.173301 -3.882822
 630.682326 -3.922237
 631.191352 -3.945882
 631.700377 -3.825686
 632.209402 -3.771669
 632.718427 -3.903197
 633.227453 -3.874552
 633.736478 -3.903935
 634.245503 -3.820861
 634.754529 -3.859884
 635.263554 -3.898126
 635.772579 -3.906430
 636.281604 -3.941155
 636.790630 -3.875068
 637.299655 -3.804018
 637.808680 -3.857822
 638.317706 -3.987394
 638.826731 -3.930084
 639.335756 -3.795463
 639.844781 -3.799832
 640.353807 -3.939442
 640.862832 -3.913930
 641.371857 -3.885397
 641.880883 -3.836038
 642.389908 -3.878894
 642.898933 -3.854958
 643.407958 -3.942630
 643.916984 -3.925712
 644.426009 -3.846299
 644.935034 -3.848769
 645.444060 -3.903489
 645.953085 -3.876969
 646.462110 -3.847897
 646.971135 -3.873399
 647.480161 -3.805092
 647.989186 -3.879843
 648.498211 -3.929272
 649.007237 -3.877518
 649.516262 -3.830662
 650.025287 -3.891568
 650.534312 -3.897757
 651.043338 -3.824238
 651.552363 -3.781186
 652.061388 -3.872550
 652.570414 -3.936105
 653.079439 -3.913043
 653.588464 -3.827195
 654.097489 -3.845303
 654.606515 -3.935094
 655.115540 -3.909127
 655.624565 -3.834887
 656.133591 -3.850681
 656.642616 -3.883119
 657.151641 -3.872550
 657.660666 -3.851274
 658.169692 -3.873032
 658.678717 -3.810009
 659.187742 -3.921047
 659.696767 -3.933591
 660.205793 -3.846156
 660.714818 -3.837535
 661.223843 -3.908006
 661.732869 -3.876420
 662.241894 -3.830944
 662.750919 -3.833099
 663.259944 -3.901449
 663.768970 -3.945885
 664.277995 -3.909239
 664.787020 -3.819714
 665.296046 -3.844022
 665.805071 -3.861493
 666.314096 -3.849080
 666.823121 -3.858821
 667.332147 -3.908886
 667.841172 -3.920206
 668.350197 -3.932840
 668.859223 -3.867468
 669.368248 -3.832244
 669.877273 -3.880865
 670.386298 -3.896748
 670.895324 -3.870287
 671.404349 -3.858305
 671.913374 -3.909808
 672.422400 -3.900915
 672.931425 -3.827935
 673.440450 -3.835124
 673.949475 -3.887806
 674.458501 -3.928707
 674.967526 -3.887478
 675.476551 -3.835264
 675.985577 -3.835902
 676.494602 -3.869395
 677.003627 -3.879007
 677.512652 -3.865682
 678.021678 -3.863207
 678.530703 -3.892296
 679.039728 -3.827629
 679.548754 -3.846656
 680.057779 -3.860628
 680.566804 -3.865779
 681.075829 -3.831569
 681.584855 -3.827651
 682.093880 -3.917945
 682.602905 -3.852062
 683.111931 -3.868432
 683.620956 -3.824891
 684.129981 -3.876651
 684.639006 -3.891572
 685.148032 -3.854793
 685.657057 -3.844486
 686.166082 -3.905116
 686.675108 -3.907716
 687.184133 -3.874611
 687.693158 -3.877960
 688.202183 -3.901833
 688.711209 -3.835387
 689.220234 -3.867669
 689.729259 -3.922826
 690.238285 -3.882617
 690.747310 -3.846059
 691.256335 -3.888547
 691.765360 -3.913709
 692.274386 -3.910387
 692.783411 -3.868617
 693.292436 -3.860418
 693.801461 -3.861509
 694.310487 -3.884951
 694.819512 -3.860933
 695.328537 -3.856051
 695.837563 -3.846368
 696.346588 -3.850519
 696.855613 -3.910408
 697.364638 -3.883111
 697.873664 -3.922189
 698.382689 -3.944587
 698.891714 -3.854749
 699.400740 -3.835508
 699.909765 -3.879410
 700.418790 -3.876170
 700.927815 -3.851520
 701.436841 -3.844433
 701.945866 -3.888996
 702.454891 -3.922865
 702.963917 -3.840768
 703.472942 -3.787098
 703.981967 -3.899128
 704.490992 -3.978443
 705.000018 -3.896499
 705.509043 -3.822595
 706.018068 -3.859554
 706.527094 -3.958870
 707.036119 -3.879113
 707.545144 -3.778177
 708.054169 -3.845185
 708.563195 -3.873406
 709.072220 -3.894853
 709.581245 -3.872966
 710.090271 -3.847953
 710.599296 -3.895825
 711.108321 -3.860259
 711.617346 -3.805859
 712.126372 -3.829374
 712.635397 -3.933305
 713.144422 -3.890579
 713.653448 -3.815391
 714.162473 -3.895876
 714.671498 -3.944371
 715.180523 -3.918885
 715.689549 -3.833884
 716.198574 -3.816486
 716.707599 -3.868767
 717.216625 -3.923119
 717.725650 -3.889518
 718.234675 -3.828995
 718.743700 -3.926402
 719.252726 -3.878952
 719.761751 -3.853113
 720.270776 -3.868060
 720.779802 -3.851386
 721.288827 -3.865078
 721.797852 -3.847736
 722.306877 -3.848172
 722.815903 -3.897326
 723.324928 -3.889299
 723.833953 -3.879528
 724.342979 -3.887189
 724.852004 -3.834886
 725.361029 -3.847400
 725.870054 -3.898317
 726.379080 -3.885923
 726.888105 -3.829836
 727.397130 -3.793143
 727.906155 -3.871637
 728.415181 -4.013935
 728.924206 -3.882970
 729.433231 -3.760243
 729.942257 -3.905272
 730.451282 -3.973246
 730.960307 -3.913101
 731.469332 -3.826457
 731.978358 -3.848634
 732.487383 -3.882579
 732.996408 -3.894499
 733.505434 -3.885589
 734.014459 -3.873302
 734.523484 -3.900049
 735.032509 -3.867617
 735.541535 -3.828407
 736.050560 -3.875709
 736.559585 -3.941940
 737.068611 -3.912228
 737.577636 -3.842360
 738.086661 -3.776454
 738.595686 -3.883697
 739.104712 -3.883817
 739.613737 -3.886806
 740.122762 -3.860163
 740.631788 -3.850864
 741.140813 -3.813169
 741.649838 -3.882296
 742.158863 -3.901352
 742.667889 -3.906014
 743.176914 -3.873287
 743.685939 -3.809735
 744.194965 -3.853310
 744.703990 -3.929829
 745.213015 -3.967686
 745.722040 -3.858793
 746.231066 -3.741012
 746.740091 -3.832482
 747.249116 -3.968189
 747.758142 -3.903573
 748.267167 -3.768528
 748.776192 -3.850931
 749.285217 -3.947623
 749.794243 -3.905859
 750.303268 -3.829750
 750.812293 -3.822621
 751.321319 -3.923397
 751.830344 -3.960875
 752.339369 -3.856212
 752.848394 -3.778464
 753.357420 -3.913219
 753.866445 -3.936723
 754.375470 -3.887539
 754.884496 -3.807525
 755.393521 -3.791172
 755.902546 -3.921954
 756.411571 -3.901929
 756.920597 -3.802720
 757.429622 -3.850857
 757.938647 -3.933374
 758.447673 -3.921539
 758.956698 -3.846068
 759.465723 -3.799326
 759.974748 -3.837779
 760.483774 -3.911610
 760.992799 -3.921960
 761.501824 -3.850899
 762.010849 -3.838993
 762.519875 -3.925967
 763.028900 -3.925373
 763.537925 -3.848831
 764.046951 -3.818972
 764.555976 -3.843746
 765.065001 -3.860556
 765.574026 -3.884617
 766.083052 -3.909299
 766.592077 -3.893033
 767.101102 -3.818219
 767.610128 -3.855228
 768.119153 -3.791299
 768.628178 -3.841446
 769.137203 -3.919459
 769.646229 -3.945470
 770.155254 -3.878323
 770.664279 -3.900740
 771.173305 -3.896441
 771.682330 -3.881599
 772.191355 -3.901149
 772.700380 -3.870528
 773.209406 -3.831326
 773.718431 -3.890311
 774.227456 -3.913778
 774.736482 -3.890223
 775.245507 -3.899510
 775.754532 -3.835290
 776.263557 -3.833360
 776.772583 -3.896759
 777.281608 -3.922461
 777.790633 -3.911365
 778.299659 -3.868340
 778.808684 -3.840372
 779.317709 -3.859441
 779.826734 -3.904441
 780.335760 -3.909239
 780.844785 -3.862183
 781.353810 -3.879928
 781.862836 -3.883963
 782.371861 -3.825772
 782.880886 -3.908445
 783.389911 -3.905757
 783.898937 -3.860139
 784.407962 -3.865447
 784.916987 -3.829531
 785.426013 -3.888373
 785.935038 -3.908788
 786.444063 -3.859033
 786.953088 -3.857591
 787.462114 -3.930387
 787.971139 -3.847564
 788.480164 -3.821755
 788.989190 -3.873837
 789.498215 -3.940598
 790.007240 -3.887758
 790.516265 -3.841413
 791.025291 -3.910291
 791.534316 -3.870305
 792.043341 -3.834127
 792.552366 -3.829823
 793.061392 -3.921589
 793.570417 -3.922359
 794.079442 -3.876727
 794.588468 -3.868326
 795.097493 -3.861355
 795.606518 -3.855403
 796.115543 -3.874679
 796.624569 -3.873446
 797.133594 -3.904349
 797.642619 -3.839473
 798.151645 -3.880104
 798.660670 -3.893842
 799.169695 -3.850260
 799.678720 -3.904007
 800.187746 -3.844759
 800.696771 -3.816524
 801.205796 -3.936090
 801.714822 -3.976338
 802.223847 -3.848002
 802.732872 -3.804253
 803.241897 -3.897901
 803.750923 -3.872095
 804.259948 -3.894313
 804.768973 -3.866623
 805.277999 -3.914706
 805.787024 -3.850049
 806.296049 -3.823870
 806.805074 -3.915097
 807.314100 -3.928395
 807.823125 -3.814003
 808.332150 -3.872507
 808.841176 -3.888955
 809.350201 -3.842218
 809.859226 -3.839101
 810.368251 -3.912116
 810.877277 -3.882514
 811.386302 -3.841871
 811.895327 -3.903910
 812.404353 -3.918073
 812.913378 -3.873430
 813.422403 -3.869525
 813.931428 -3.896541
 814.440454 -3.916432
 814.949479 -3.852686
 815.458504 -3.822544
 815.967530 -3.897994
 816.476555 -3.879035
 816.985580 -3.878820
 817.494605 -3.842611
 818.003631 -3.826445
 818.512656 -3.879435
 819.021681 -3.913718
 819.530707 -3.896245
 820.039732 -3.926903
 820.548757 -3.861433
 821.057782 -3.798509
 821.566808 -3.825447
 822.075833 -3.902921
 822.584858 -3.869108
 823.093884 -3.840196
 823.602909 -3.819233
 824.111934 -3.935847
 824.620959 -3.872413
 825.129985 -3.899896
 825.639010 -3.874051
 826.148035 -3.837375
 826.657060 -3.862292
 827.166086 -3.882830
 827.675111 -3.906996
 828.184136 -3.848350
 828.693162 -3.797932
 829.202187 -3.911818
 829.711212 -3.942867
 830.220237 -3.855380
 830.729263 -3.793316
 831.238288 -3.845551
 831.747313 -3.908938
 832.256339 -3.902114
 832.765364 -3.869985
 833.274389 -3.800001
 833.783414 -3.872285
 834.292440 -3.883300
 834.801465 -3.897736
 835.310490 -3.862863
 835.819516 -3.859799
 836.328541 -3.899375
 836.837566 -3.948117
 837.346591 -3.815486
 837.855617 -3.851974
 838.364642 -3.953178
 838.873667 -3.921487
 839.382693 -3.846211
 839.891718 -3.832001
 840.400743 -3.864716
 840.909768 -3.883743
 841.418794 -3.934485
 841.927819 -3.837657
 842.436844 -3.849730
 842.945870 -3.910509
 843.454895 -3.911493
 843.963920 -3.799920
 844.472945 -3.819646
 844.981971 -3.876160
 845.490996 -3.884727
 846.000021 -3.893005
 846.509047 -3.880950
 847.018072 -3.864540
 847.527097 -3.861414
 848.036122 -3.907337
 848.545148 -3.894775
 849.054173 -3.841549
 849.563198 -3.827115
 850.072224 -3.900383
 850.581249 -3.897406
 851.090274 -3.871475
 851.599299 -3.922637
 852.108325 -3.866720
 852.617350 -3.846980
 853.126375 -3.858956
 853.635401 -3.858969
 854.144426 -3.950335
 854.653451 -3.926695
 855.162476 -3.828906
 855.671502 -3.847479
 856.180527 -3.879263
 856.689552 -3.912936
 857.198578 -3.915101
 857.707603 -3.859041
 858.216628 -3.889755
 858.725653 -3.844768
 859.234679 -3.846070
 859.743704 -3.880835
 860.252729 -3.876720
 860.761754 -3.869671
 861.270780 -3.878241
 861.779805 -3.889242
 862.288830 -3.880632
 862.797856 -3.880826
 863.306881 -3.866116
 863.815906 -3.898476
 864.324931 -3.899123
 864.833957 -3.819608
 865.342982 -3.792806
 865.852007 -3.873769
 866.361033 -3.877609
 866.870058 -3.902571
 867.379083 -3.861432
 867.888108 -3.882824
 868.397134 -3.829130
 868.906159 -3.773132
 869.415184 -3.886296
 869.924210 -3.904336
 870.433235 -3.884020
 870.942260 -3.802644
 871.451285 -3.839105
 871.960311 -3.913816
 872.469336 -3.907628
 872.978361 -3.874979
 873.487387 -3.840159
 873.996412 -3.917705
 874.505437 -3.927643
 875.014462 -3.867106
 875.523488 -3.802814
 876.032513 -3.904949
 876.541538 -3.934243
 877.050564 -3.880974
 877.559589 -3.827057
 878.068614 -3.834028
 878.577639 -3.944888
 879.086665 -3.926135
 879.595690 -3.811466
 880.104715 -3.830252
 880.613741 -3.910905
 881.122766 -4.001563
 881.631791 -3.870888
 882.140816 -3.785393
 882.649842 -3.862019
 883.158867 -3.942888
 883.667892 -3.920271
 884.176918 -3.799574
 884.685943 -3.813567
 885.194968 -3.917732
 885.703993 -3.877678
 886.213019 -3.879316
 886.722044 -3.825561
 887.231069 -3.825140
 887.740095 -3.848977
 888.249120 -3.934872
 888.758145 -3.920904
 889.267170 -3.843118
 889.776196 -3.833645
 890.285221 -3.909033
 890.794246 -3.886017
 891.303272 -3.833225
 891.812297 -3.816594
 892.321322 -3.844583
 892.830347 -3.887716
 893.339373 -3.968360
 893.848398 -3.846685
 894.357423 -3.801388
 894.866448 -3.957314
 895.375474 -3.883037
 895.884499 -3.821299
 896.393524 -3.777510
 896.902550 -3.897426
 897.411575 -3.909046
 897.920600 -3.857284
 898.429625 -3.866151
 898.938651 -3.884317
 899.447676 -3.880519
 899.956701 -3.876857
 900.465727 -3.837237
 900.974752 -3.838111
 901.483777 -3.913305
 901.992802 -3.930802
 902.501828 -3.848361
 903.010853 -3.827873
 903.519878 -3.880078
 904.028904 -3.913509
 904.537929 -3.900744
 905.046954 -3.866931
 905.555979 -3.814803
 906.065005 -3.850778
 906.574030 -3.904535
 907.083055 -3.902811
 907.592081 -3.874588
 908.101106 -3.796930
 908.610131 -3.870605
 909.119156 -3.856804
 909.628182 -3.896623
 910.137207 -3.840582
 910.646232 -3.829975
 911.155258 -3.873846
 911.664283 -3.880416
 912.173308 -3.868081
 912.682333 -3.848726
 913.191359 -3.863342
 913.700384 -3.863381
 914.209409 -3.904569
 914.718435 -3.854935
 915.227460 -3.840096
 915.736485 -3.803217
 916.245510 -3.844375
 916.754536 -3.891824
 917.263561 -3.893880
 917.772586 -3.925379
 918.281612 -3.903930
 918.790637 -3.806526
 919.299662 -3.810126
 919.808687 -3.941719
 920.317713 -3.920934
 920.826738 -3.877885
 921.335763 -3.843653
 921.844789 -3.836038
 922.353814 -3.900887
 922.862839 -3.894765
 923.371864 -3.861778
 923.880890 -3.869565
 924.389915 -3.856112
 924.898940 -3.836164
 925.407966 -3.922132
 925.916991 -3.979108
 926.426016 -3.835159
 926.935041 -3.846778
 927.444067 -3.940697
 927.953092 -3.912953
 928.462117 -3.866587
 928.971142 -3.862964
 929.480168 -3.837873
 929.989193 -3.876278
 930.498218 -3.894508
 931.007244 -3.866177
 931.516269 -3.867385
 932.025294 -3.917011
 932.534319 -3.896681
 933.043345 -3.865190
 933.552370 -3.831316
 934.061395 -3.875286
 934.570421 -3.869547
 935.079446 -3.813186
 935.588471 -3.919615
 936.097496 -3.950178
 936.606522 -3.889672
 937.115547 -3.849455
 937.624572 -3.865123
 938.133598 -3.886270
 938.642623 -3.851746
 939.151648 -3.858025
 939.660673 -3.883313
 940.169699 -3.887569
 940.678724 -3.942765
 941.187749 -3.890845
 941.696775 -3.841268
 942.205800 -3.830470
 942.714825 -3.905650
 943.223850 -3.945971
 943.732876 -3.861985
 944.241901 -3.820643
 944.750926 -3.871889
 945.259952 -3.934182
 945.768977 -3.812486
 946.278002 -3.823998
 946.787027 -3.836580
 947.296053 -3.892330
 947.805078 -3.902413
 948.314103 -3.854938
 948.823129 -3.848347
 949.332154 -3.910462
 949.841179 -3.890279
 950.350204 -3.911462
 950.859230 -3.865239
 951.368255 -3.864253
 951.877280 -3.848452
 952.386306 -3.872329
 952.895331 -3.889944
 953.404356 -3.860383
 953.913381 -3.879090
 954.422407 -3.869109
 954.931432 -3.842889
 955.440457 -3.866143
 955.949483 -3.879306
 956.458508 -3.884729
 956.967533 -3.858452
 957.476558 -3.847774
 957.985584 -3.875474
 958.494609 -3.855973
 959.003634 -3.900423
 959.512660 -3.924488
 960.021685 -3.899370
 960.530710 -3.767569
 961.039735 -3.783830
 961.548761 -3.971707
 962.057786 -3.980460
 962.566811 -3.809774
 963.075836 -3.805460
 963.584862 -3.918307
 964.093887 -3.876780
 964.602912 -3.868823
 965.111938 -3.892429
 965.620963 -3.815501
 966.129988 -3.872681
 966.639013 -3.959382
 967.148039 -3.904047
 967.657064 -3.813069
 968.166089 -3.845124
 968.675115 -3.904040
 969.184140 -3.916049
 969.693165 -3.880559
 970.202190 -3.822179
 970.711216 -3.873945
 971.220241 -3.844549
 971.729266 -3.887971
 972.238292 -3.905177
 972.747317 -3.915145
 973.256342 -3.781508
 973.765367 -3.782627
 974.274393 -3.938233
 974.783418 -3.952287
 975.292443 -3.893769
 975.801469 -3.831264
 976.310494 -3.825557
 976.819519 -3.824557
 977.328544 -3.920724
 977.837570 -3.930029
 978.346595 -3.872074
 978.855620 -3.809166
 979.364646 -3.880628
 979.873671 -3.930985
 980.382696 -3.942990
 980.891721 -3.870863
 981.400747 -3.812277
 981.909772 -3.904805
 982.418797 -3.928476
 982.927823 -3.877688
 983.436848 -3.875819
 983.945873 -3.836349
 984.454898 -3.924272
 984.963924 -3.921087
 985.472949 -3.906247
 985.981974 -3.854824
 986.491000 -3.868074
 987.000025 -3.886369
 987.509050 -3.852274
 988.018075 -3.814771
 988.527101 -3.860452
 989.036126 -3.875302
 989.545151 -3.927542
 990.054177 -3.889858
 990.563202 -3.817740
 991.072227 -3.826166
 991.581252 -3.884562
 992.090278 -3.864309
 992.599303 -3.901461
 993.108328 -3.797176
 993.617354 -3.889574
 994.126379 -3.907666
 994.635404 -3.850664
 995.144429 -3.813531
 995.653455 -3.889541
 996.162480 -3.908222
 996.671505 -3.833281
 997.180530 -3.888421
 997.689556 -3.921403
 998.198581 -3.879168
 998.707606 -3.793991
 999.216632 -3.862434
 999.725657 -3.916796
 1000.234682 -3.898437
 1000.743707 -3.804388
 1001.252733 -3.869790
 1001.761758 -3.899577
 1002.270783 -3.893724
 1002.779809 -3.863542
 1003.288834 -3.875939
 1003.797859 -3.850228
 1004.306884 -3.906440
 1004.815910 -3.918820
 1005.324935 -3.868647
 1005.833960 -3.831271
 1006.342986 -3.893831
 1006.852011 -3.914727
 1007.361036 -3.870086
 1007.870061 -3.861611
 1008.379087 -3.865678
 1008.888112 -3.860043
 1009.397137 -3.864634
 1009.906163 -3.847540
 1010.415188 -3.864901
 1010.924213 -3.878057
 1011.433238 -3.868166
 1011.942264 -3.854723
 1012.451289 -3.899346
 1012.960314 -3.890296
 1013.469340 -3.827507
 1013.978365 -3.868259
 1014.487390 -3.874675
 1014.996415 -3.922708
 1015.505441 -3.969287
 1016.014466 -3.884649
 1016.523491 -3.789292
 1017.032517 -3.893898
 1017.541542 -3.861591
 1018.050567 -3.864936
